571.600000 7.172670e+04
972.000000 6.520170e+04
1103.100000 5.927170e+04
1196.900000 7.175080e+04
1164.900000 5.987110e+04
1186.600000 6.197610e+04
1208.400000 6.057990e+04
1151.700000 5.558630e+04

1203.600000 1.216909e+05
1919.100000 1.362636e+05
2208.800000 1.243283e+05
2347.900000 1.088447e+05
2367.300000 9.367750e+04
2365.600000 9.639310e+04
2409.500000 8.972160e+04
2377.700000 9.336540e+04

1813.400000 1.881442e+05
2891.300000 1.778939e+05
3384.100000 1.787534e+05
3431.900000 1.498582e+05
3538.500000 1.596888e+05
3615.300000 1.633618e+05
3633.300000 2.749311e+06
3617.600000 3.416313e+05

2464.000000 3.601077e+05
3849.300000 1.149409e+06
4455.900000 3.755972e+05
4697.000000 3.448723e+05
4747.600000 3.237955e+05
4826.600000 2.797969e+05
4750.100000 3.699254e+05
4788.300000 2.559637e+05

3122.600000 3.657574e+05
4805.800000 3.387339e+05
5538.700000 4.800266e+05
5903.600000 3.890402e+05
5972.200000 7.199113e+05
6003.400000 3.432490e+05
5976.900000 6.759087e+05
5926.400000 3.846397e+05

3747.100000 4.153231e+05
5821.900000 1.370492e+06
6694.400000 4.809289e+05
7016.900000 4.364389e+05
7130.800000 4.681146e+05
7210.000000 4.555432e+05
7172.500000 4.512332e+05
7157.700000 3.712000e+05

4340.400000 4.976040e+05
6692.000000 5.031251e+05
7961.600000 4.848015e+05
8101.100000 4.892045e+05
8328.500000 5.569422e+05
8362.100000 5.407444e+05
8451.000000 6.784196e+05
8493.500000 4.659251e+05

4949.700000 5.213402e+05
7772.200000 4.871291e+05
8915.400000 5.414750e+05
9402.500000 5.658633e+05
9512.100000 8.216831e+05
9629.100000 6.180934e+05
9634.600000 2.657990e+06
9464.800000 5.593015e+05

5476.900000 8.381322e+05
8867.200000 6.663831e+05
9995.900000 1.850153e+06
10634.300000 6.982892e+05
10762.200000 7.320929e+05
10856.900000 6.691439e+05
10673.800000 6.441686e+05
10895.200000 8.154483e+05

6210.400000 7.203679e+05
9678.800000 7.726751e+05
11241.600000 6.645531e+05
11746.300000 6.904540e+05
11970.600000 1.000726e+06
11945.300000 9.169136e+05
12085.800000 9.791737e+05
12063.800000 7.069167e+05

6852.400000 9.869075e+05
10563.000000 9.354625e+05
12400.900000 8.633335e+05
13092.800000 7.864201e+05
12981.700000 9.687545e+05
13230.600000 8.086974e+05
13238.100000 7.307232e+05
13113.400000 9.473503e+05

7497.300000 9.320615e+05
11533.300000 8.748186e+05
13497.700000 9.066639e+05
14191.600000 1.063691e+06
14328.300000 7.836789e+05
14396.100000 7.910289e+05
14366.000000 8.535925e+05
14477.900000 7.337044e+05

8133.500000 9.085004e+05
12598.700000 1.183014e+06
14638.100000 1.119673e+06
15223.300000 1.106118e+06
15626.800000 1.163209e+06
15471.700000 1.203053e+06
15521.800000 8.410677e+05
15531.900000 8.728344e+05

8673.100000 1.096439e+06
13674.300000 9.068982e+05
15854.300000 9.142339e+05
16339.000000 1.136097e+06
16771.500000 8.974749e+05
16733.300000 1.285830e+06
16831.200000 1.094574e+06
16680.600000 1.595253e+06

9200.000000 1.049984e+06
14703.200000 1.002399e+06
16969.700000 1.453652e+06
17731.600000 1.375733e+06
17800.700000 1.501792e+06
17984.300000 1.193567e+06
17994.900000 1.173800e+06
18016.400000 1.147533e+06

9832.800000 1.125882e+06
15708.000000 1.184534e+06
17990.200000 1.264078e+06
18892.200000 1.273420e+06
19042.200000 1.607990e+06
19142.200000 1.371318e+06
19134.900000 1.425311e+06
19113.800000 1.117592e+06

10475.000000 1.087148e+06
16685.200000 1.240360e+06
19169.700000 1.364834e+06
20069.600000 1.653844e+06
20175.800000 1.312218e+06
20423.500000 1.487592e+06
20340.900000 1.211816e+06
20393.400000 1.166530e+06

11141.700000 1.136072e+06
17591.600000 1.375927e+06
20406.700000 1.595043e+06
21067.400000 1.443930e+06
21464.400000 1.470442e+06
21434.400000 1.682925e+06
21535.400000 1.572195e+06
21688.100000 1.620120e+06

11790.500000 1.201336e+06
18618.800000 1.410954e+06
21486.300000 1.383636e+06
22292.000000 1.734170e+06
22698.600000 1.626588e+06
22813.400000 1.995000e+06
22556.700000 1.616641e+06
22756.700000 2.065912e+06

12487.900000 1.253601e+06
19490.100000 1.409233e+06
22583.400000 1.699257e+06
23568.800000 1.682037e+06
23705.100000 2.189018e+06
23917.800000 1.829104e+06
24007.900000 1.631309e+06
24064.500000 1.723881e+06

13120.800000 1.556703e+06
20555.900000 1.669916e+06
23683.700000 1.918864e+06
24530.200000 1.885961e+06
25125.900000 2.016497e+06
25059.400000 1.830087e+06
25190.500000 2.488763e+06
25163.100000 2.359768e+06

13687.800000 1.802961e+06
21665.700000 2.031600e+06
24772.000000 1.950098e+06
25714.000000 5.904927e+06
26237.100000 1.913573e+06
26329.300000 2.042745e+06
26289.300000 1.945138e+06
26327.600000 1.744967e+06

14350.900000 1.682820e+06
22669.300000 1.881537e+06
25828.700000 2.033880e+06
26930.100000 2.179544e+06
27354.700000 2.021715e+06
27367.400000 5.767696e+06
27716.100000 2.329510e+06
27596.500000 1.885930e+06

14923.200000 3.745621e+06
23792.700000 2.341418e+06
26746.000000 6.853073e+06
28030.800000 2.479260e+06
28712.500000 2.070882e+06
28588.200000 2.360158e+06
28726.300000 2.067723e+06
28850.900000 2.481459e+06

15562.500000 1.868724e+06
24647.700000 2.212560e+06
28056.300000 2.156115e+06
29353.400000 2.533522e+06
29864.200000 2.121251e+06
29879.600000 2.767301e+06
29921.100000 2.084595e+06
29994.000000 2.171458e+06

16175.800000 1.792405e+06
25575.500000 2.461647e+06
29264.800000 2.138586e+06
30621.600000 2.460610e+06
30924.800000 2.459837e+06
31255.600000 3.435392e+06
30950.700000 2.594096e+06
31220.900000 2.306204e+06

16849.700000 2.327636e+06
26521.500000 2.164148e+06
30291.500000 2.566292e+06
31791.800000 2.269039e+06
31963.500000 2.856175e+06
32487.800000 2.405936e+06
32301.300000 2.773296e+06
32320.700000 2.770100e+06

17494.400000 2.405586e+06
27465.400000 2.313575e+06
31469.600000 2.714129e+06
33028.600000 2.523127e+06
33090.900000 2.494126e+06
33756.900000 2.492179e+06
33568.000000 2.474159e+06
33699.000000 2.887416e+06

18306.000000 2.338690e+06
28408.100000 2.434562e+06
32395.200000 2.489439e+06
34267.300000 2.850178e+06
34366.000000 2.508944e+06
34640.300000 3.303134e+06
34834.800000 2.684061e+06
35055.700000 3.063160e+06

19065.600000 2.217422e+06
29156.900000 6.224578e+06
33598.400000 2.690896e+06
35543.200000 1.142382e+07
35559.700000 3.208818e+06
35658.100000 2.808040e+06
36110.300000 3.259729e+06
36214.900000 3.287357e+06

19653.600000 2.328272e+06
30097.900000 3.805505e+06
34853.400000 2.799886e+06
36536.000000 4.122926e+06
36984.700000 3.011342e+06
37020.500000 4.110774e+06
37156.800000 2.747922e+06
37345.600000 3.836523e+06

20242.100000 2.586240e+06
31237.900000 2.985632e+06
35746.400000 3.244179e+06
37748.200000 3.112598e+06
38220.900000 3.518368e+06
38211.300000 3.202408e+06
38623.400000 4.221708e+06
38206.500000 3.209020e+06

20856.600000 2.584927e+06
32349.800000 2.798059e+06
36913.800000 4.132933e+06
38732.500000 3.328190e+06
39371.700000 4.507186e+06
39419.600000 3.529018e+06
39880.700000 1.096883e+07
39509.300000 3.744484e+06

21351.400000 2.863416e+06
33456.900000 4.221859e+06
38128.500000 3.639462e+06
39853.000000 4.093504e+06
40506.000000 3.379031e+06
40744.400000 8.460018e+06
41010.100000 3.184280e+06
40840.300000 3.026855e+06

22013.100000 3.555635e+06
34249.000000 3.460856e+06
39542.500000 3.612630e+06
40993.800000 3.150216e+06
41531.600000 3.225282e+06
42119.200000 4.123356e+06
41974.600000 3.624537e+06
42000.100000 4.048323e+06

22634.400000 2.552794e+06
35336.600000 4.351189e+06
40647.300000 3.579916e+06
42173.600000 4.462017e+06
42897.700000 3.115903e+06
43149.600000 4.142522e+06
43047.700000 3.368711e+06
43251.800000 3.674707e+06

23312.400000 3.210653e+06
36294.300000 2.857923e+06
41677.300000 4.942252e+06
43468.600000 3.579162e+06
43941.000000 3.769018e+06
44491.500000 3.519219e+06
44376.500000 3.618511e+06
44726.100000 3.454205e+06

23999.000000 3.158748e+06
37227.500000 3.296849e+06
42789.400000 4.626594e+06
44795.100000 3.587085e+06
45067.600000 4.549039e+06
45780.200000 3.810678e+06
45506.600000 4.484413e+06
45773.600000 3.518179e+06

24587.000000 3.330271e+06
38207.900000 3.592716e+06
43815.900000 3.791585e+06
45929.200000 3.717679e+06
46232.100000 4.925178e+06
46996.600000 4.408552e+06
46683.800000 5.744818e+06
47142.700000 4.211329e+06

25150.200000 3.484334e+06
39133.000000 3.424750e+06
45345.700000 5.397120e+06
46723.400000 3.750683e+06
47675.500000 5.170209e+06
47854.900000 4.655614e+06
48103.100000 4.020772e+06
48040.600000 3.952723e+06

25737.000000 3.339637e+06
40177.600000 4.670511e+06
46386.300000 3.829528e+06
48179.100000 8.604837e+06
48929.100000 4.567741e+06
49089.800000 4.250952e+06
49447.500000 5.307093e+06
49157.000000 4.988210e+06

26388.300000 3.131041e+06
41108.600000 4.334610e+06
47312.500000 3.919510e+06
49584.800000 4.312143e+06
50078.000000 3.937078e+06
50195.200000 4.605434e+06
50669.600000 4.114546e+06
50176.800000 5.288159e+06

27025.900000 3.459391e+06
42235.900000 8.219451e+06
48364.000000 3.960753e+06
50708.400000 1.518690e+07
51220.900000 4.356902e+06
51374.700000 4.190699e+06
52010.700000 4.202590e+06
51349.100000 4.034812e+06

27612.600000 3.828412e+06
43362.900000 4.246763e+06
49370.200000 4.420399e+06
51787.000000 5.382912e+06
52458.400000 4.215764e+06
52487.700000 5.041246e+06
53153.500000 4.296393e+06
52902.400000 4.515091e+06

28241.200000 5.196452e+06
44483.200000 4.767682e+06
50451.200000 4.694926e+06
52749.500000 5.797366e+06
53803.700000 4.725456e+06
53928.600000 7.100322e+06
54050.100000 4.522265e+06
54189.600000 4.251533e+06

28862.300000 3.580852e+06
45503.300000 4.665238e+06
51493.800000 4.791028e+06
53957.600000 4.234850e+06
55019.000000 4.354995e+06
55418.000000 6.002730e+06
54941.200000 5.063242e+06
55511.800000 5.149914e+06

29451.400000 5.718149e+06
46472.800000 4.081836e+06
52725.500000 5.132479e+06
55223.300000 4.944059e+06
56031.900000 5.584408e+06
56605.100000 4.595950e+06
56155.300000 1.107987e+07
56696.100000 4.952080e+06

30135.800000 6.470610e+06
47379.600000 4.953426e+06
53844.000000 4.790462e+06
56416.900000 4.600715e+06
57372.700000 5.044003e+06
57813.300000 7.012653e+06
57263.700000 4.802740e+06
57781.800000 7.084073e+06

30711.800000 4.003971e+06
48514.900000 6.314828e+06
54886.800000 5.913302e+06
57738.000000 5.948986e+06
58367.700000 5.670417e+06
59089.100000 6.958476e+06
58785.100000 5.299656e+06
58912.200000 6.309241e+06

31333.300000 5.176362e+06
49385.100000 6.055314e+06
56382.200000 5.218228e+06
58876.100000 6.019103e+06
59251.100000 5.712767e+06
60386.800000 6.482804e+06
60089.000000 6.473826e+06
59895.300000 7.140891e+06

32032.500000 5.090284e+06
50341.900000 4.606067e+06
57526.200000 6.577638e+06
59904.800000 5.802780e+06
60631.300000 6.347425e+06
61248.100000 5.860315e+06
61315.500000 6.572512e+06
61253.300000 6.652580e+06

32608.100000 5.695699e+06
51537.100000 5.298395e+06
58394.400000 7.015942e+06
61205.600000 7.417561e+06
62071.900000 6.601111e+06
62344.100000 5.395260e+06
62644.500000 7.152865e+06
62268.200000 6.960587e+06

33139.700000 4.766498e+06
52682.900000 6.910304e+06
59464.000000 5.992285e+06
62335.700000 1.369986e+07
63373.400000 5.784521e+06
63335.900000 5.952192e+06
63628.400000 6.843542e+06
63620.300000 6.431820e+06

33763.500000 4.777204e+06
53586.600000 5.547311e+06
60679.800000 5.576335e+06
63526.500000 7.056130e+06
64405.700000 5.996527e+06
64504.300000 8.155159e+06
64719.100000 5.774742e+06
65032.700000 5.837025e+06

34397.900000 4.639390e+06
54429.600000 5.303485e+06
61863.000000 6.672736e+06
64546.000000 6.519214e+06
65807.800000 8.498133e+06
65744.700000 7.528793e+06
66022.500000 7.574335e+06
66152.400000 6.392909e+06

35071.100000 7.065839e+06
55505.500000 5.724495e+06
63037.800000 6.686808e+06
65712.000000 6.193547e+06
67292.300000 6.792689e+06
66819.100000 6.358819e+06
67193.600000 7.923324e+06
67299.600000 6.065235e+06

35758.800000 5.131894e+06
56430.900000 8.612433e+06
64127.100000 6.168716e+06
66944.700000 7.497589e+06
68474.200000 6.533878e+06
68090.400000 7.712511e+06
68347.100000 6.760722e+06
68309.300000 6.483141e+06

36433.600000 6.641730e+06
57373.100000 6.201825e+06
65268.700000 1.126401e+07
67939.300000 6.854901e+06
69500.300000 6.830600e+06
69468.800000 6.585391e+06
69509.400000 6.416668e+06
69900.000000 7.276253e+06

37139.100000 6.766214e+06
58152.700000 6.295390e+06
66660.100000 6.626726e+06
68990.400000 6.745482e+06
70678.800000 6.646498e+06
70695.600000 7.279915e+06
70617.600000 6.963861e+06
71271.900000 7.488293e+06

37724.500000 6.321517e+06
59020.200000 6.458602e+06
67979.900000 6.670496e+06
70322.400000 8.340594e+06
71661.500000 7.799546e+06
71825.500000 7.924678e+06
71999.900000 8.340952e+06
72416.000000 7.034137e+06

38383.700000 7.050089e+06
59961.000000 7.241289e+06
69089.100000 6.848438e+06
71685.800000 8.639128e+06
72545.600000 7.669088e+06
73168.100000 8.137722e+06
73258.800000 6.920347e+06
73305.900000 8.388720e+06

38940.000000 6.767788e+06
61116.100000 9.187578e+06
70005.000000 7.407540e+06
73117.500000 8.011705e+06
73807.700000 7.075200e+06
74152.700000 7.338273e+06
74593.800000 7.627126e+06
74272.600000 7.518991e+06

39661.200000 7.065368e+06
62098.900000 8.221663e+06
71052.700000 7.341749e+06
74244.800000 7.246712e+06
74928.600000 7.389048e+06
75500.300000 1.119669e+07
75677.300000 9.174912e+06
75686.700000 9.383287e+06

40487.900000 7.593577e+06
62967.300000 8.330147e+06
72130.100000 7.479078e+06
75404.400000 8.726672e+06
76154.200000 7.891545e+06
76419.600000 7.826965e+06
76974.300000 8.577346e+06
76915.500000 8.366943e+06

41000.200000 8.106338e+06
64063.800000 9.441267e+06
73386.800000 8.201462e+06
76661.200000 8.989632e+06
77339.700000 8.658298e+06
77600.300000 9.399716e+06
78326.900000 7.709511e+06
77758.100000 8.999064e+06

41551.400000 7.416809e+06
65152.600000 8.101995e+06
74481.300000 9.183073e+06
77804.500000 8.828372e+06
78526.900000 9.258741e+06
78999.700000 7.902682e+06
79508.300000 1.018436e+07
78816.100000 8.422175e+06

42101.300000 7.157273e+06
66172.000000 8.849263e+06
75646.600000 8.157884e+06
79090.000000 1.167837e+07
79647.100000 8.400091e+06
80137.300000 1.006326e+07
80715.600000 8.607668e+06
80047.500000 8.321252e+06

42997.900000 1.960495e+07
66798.600000 8.246020e+06
76938.000000 1.789796e+07
80192.500000 8.528883e+06
80945.800000 8.835468e+06
81283.800000 9.765295e+06
81740.200000 8.503496e+06
81501.100000 8.428769e+06

43692.700000 1.014399e+07
67822.300000 8.910887e+06
77759.200000 1.691693e+07
81452.300000 8.699439e+06
81959.900000 9.244689e+06
82720.400000 9.640859e+06
82801.300000 9.173741e+06
83017.000000 8.748689e+06

44294.600000 7.645118e+06
68870.900000 9.310189e+06
78725.500000 9.078408e+06
82657.100000 8.909983e+06
83267.100000 9.263140e+06
83868.100000 9.535030e+06
83863.300000 9.070839e+06
84205.400000 9.746486e+06

44833.100000 2.006635e+07
70060.100000 9.595698e+06
79691.800000 1.627983e+07
83958.900000 9.111173e+06
84319.900000 9.572319e+06
85247.100000 9.434939e+06
85190.900000 8.938800e+06
85292.900000 1.111354e+07

45431.800000 7.992778e+06
71018.900000 9.191148e+06
80938.400000 9.277844e+06
84935.700000 9.670062e+06
85627.800000 9.358730e+06
86474.300000 1.030820e+07
86176.000000 9.930541e+06
86542.800000 1.095077e+07

46138.100000 8.263680e+06
71924.100000 1.006082e+07
82152.900000 9.640806e+06
86024.800000 9.399884e+06
86832.600000 9.425532e+06
87610.900000 1.407419e+07
87337.200000 9.916880e+06
87931.700000 1.154991e+07

46842.500000 8.417718e+06
72947.100000 9.396760e+06
83424.200000 9.854349e+06
87088.000000 1.003122e+07
87902.300000 1.016912e+07
88950.500000 1.018213e+07
88418.000000 1.280557e+07
89176.800000 1.129793e+07

47424.600000 9.164055e+06
73964.100000 1.094636e+07
84548.800000 1.048946e+07
88186.000000 3.172748e+07
89093.900000 1.070221e+07
90097.200000 1.061073e+07
89711.300000 1.060672e+07
90265.900000 1.069163e+07

48146.700000 9.966781e+06
74944.600000 1.119524e+07
85682.600000 1.047922e+07
89315.200000 1.070929e+07
90191.100000 1.059852e+07
91310.800000 1.073807e+07
91227.600000 1.035045e+07
91314.400000 1.091850e+07

48749.900000 9.348263e+06
75868.100000 1.038705e+07
86962.700000 1.014548e+07
90452.500000 1.003701e+07
91433.000000 1.026939e+07
92408.800000 1.232311e+07
92368.700000 1.109770e+07
92539.900000 1.082993e+07

49285.600000 9.317439e+06
76943.900000 1.330112e+07
88201.900000 1.093543e+07
91471.900000 1.079958e+07
92860.200000 1.086972e+07
93541.300000 1.078292e+07
93629.000000 1.125271e+07
93650.900000 1.068773e+07

49819.900000 1.118050e+07
77992.600000 1.185453e+07
89298.100000 1.124389e+07
92557.000000 1.126272e+07
94231.800000 1.125752e+07
94512.600000 1.243568e+07
94795.400000 1.083250e+07
94994.500000 1.119491e+07

50500.300000 2.967953e+07
79030.500000 1.091385e+07
90498.400000 1.443691e+07
93561.800000 1.095781e+07
95542.800000 1.117748e+07
95787.000000 1.128937e+07
96021.300000 1.125465e+07
96353.600000 1.105914e+07

51169.300000 9.711358e+06
80059.200000 1.102841e+07
91547.200000 1.095138e+07
94775.500000 1.108262e+07
96608.400000 1.161573e+07
96903.500000 1.158029e+07
97582.400000 1.140779e+07
97575.200000 1.320240e+07

51884.400000 1.065362e+07
81042.200000 1.061047e+07
92630.700000 1.332660e+07
95921.400000 1.153831e+07
97744.000000 1.303898e+07
98003.700000 1.199113e+07
98900.800000 1.193617e+07
98640.800000 1.176092e+07

52474.300000 1.132478e+07
82084.400000 1.121998e+07
93746.100000 1.501864e+07
97263.200000 1.177782e+07
99098.700000 1.373235e+07
98847.900000 1.207278e+07
100144.900000 1.509811e+07
100178.800000 1.207332e+07

53083.000000 1.129139e+07
83086.300000 1.222738e+07
94837.800000 1.854811e+07
98449.500000 1.240313e+07
100274.500000 1.258990e+07
100107.900000 1.212153e+07
101030.800000 1.176066e+07
101314.400000 1.244338e+07

53668.800000 2.594930e+07
84117.400000 1.219702e+07
96025.300000 1.555212e+07
99601.300000 1.379747e+07
101428.300000 1.317747e+07
101455.500000 1.228950e+07
102223.100000 1.222970e+07
102508.900000 1.272270e+07

54297.100000 2.262769e+07
85005.900000 1.235897e+07
97167.700000 2.475955e+07
100540.100000 1.265473e+07
102711.600000 1.312714e+07
102954.100000 1.326618e+07
103107.300000 1.269818e+07
103773.100000 1.235760e+07

54892.600000 2.029901e+07
85879.800000 1.256737e+07
98516.300000 2.026630e+07
101836.500000 1.252138e+07
103876.300000 1.312052e+07
104475.000000 1.376041e+07
104082.700000 1.317126e+07
105110.400000 1.333630e+07

55488.800000 2.971430e+07
86760.600000 1.371715e+07
99574.100000 2.130707e+07
103017.000000 1.300577e+07
104772.900000 4.600589e+07
105683.400000 1.563618e+07
105334.200000 1.374884e+07
106343.600000 1.289106e+07

56141.100000 1.399516e+07
87721.300000 1.264993e+07
100694.600000 1.941405e+07
104201.400000 1.362616e+07
106243.600000 1.346987e+07
106817.500000 1.316962e+07
106731.200000 1.364884e+07
107450.300000 1.340683e+07

56780.000000 1.189259e+07
88716.000000 1.307168e+07
101909.100000 1.497966e+07
105022.100000 1.373651e+07
107548.600000 1.384204e+07
107810.200000 1.401665e+07
108382.000000 1.344304e+07
108427.700000 1.355411e+07

57605.200000 1.212453e+07
89557.300000 1.378206e+07
103029.700000 1.379715e+07
106534.100000 1.294310e+07
108795.200000 1.328999e+07
109061.600000 1.396170e+07
109423.200000 1.333002e+07
109593.200000 1.392404e+07

58264.300000 3.222309e+07
90566.000000 1.386749e+07
103982.000000 1.717611e+07
107841.300000 1.381543e+07
109930.400000 1.421528e+07
110316.300000 1.443068e+07
110716.600000 1.381234e+07
110922.000000 1.375935e+07

58840.000000 1.489842e+07
91698.800000 1.397276e+07
104946.800000 1.616866e+07
109036.600000 1.403289e+07
110827.800000 1.492266e+07
111560.300000 1.444699e+07
111835.600000 1.413344e+07
112034.100000 1.378210e+07

59397.400000 1.284469e+07
92792.800000 1.343485e+07
106134.500000 1.430093e+07
110343.400000 1.482715e+07
111870.700000 1.578625e+07
112811.400000 1.477615e+07
113254.700000 3.363210e+07
113301.100000 1.457822e+07

60111.200000 1.643613e+07
93801.200000 2.500275e+07
107151.300000 1.428955e+07
111736.000000 3.910623e+07
112724.000000 1.502024e+07
114001.700000 1.493294e+07
114502.000000 1.512190e+07
114267.300000 1.478065e+07

60785.200000 1.452575e+07
94866.900000 1.425125e+07
108087.700000 1.402754e+07
113054.500000 1.489136e+07
113854.300000 1.490109e+07
115295.300000 1.512500e+07
115666.600000 1.487341e+07
115619.900000 1.578822e+07

61416.400000 1.344689e+07
95881.100000 1.443144e+07
109252.500000 1.439778e+07
114202.500000 1.397560e+07
114873.600000 1.451409e+07
116393.900000 1.530554e+07
117108.000000 1.485437e+07
116574.600000 1.500542e+07

62080.600000 1.336526e+07
96962.100000 1.708018e+07
110195.400000 1.496769e+07
115480.300000 1.609952e+07
116311.000000 1.497946e+07
117378.000000 1.498200e+07
118405.200000 1.628258e+07
117775.100000 1.512986e+07

62840.400000 1.415289e+07
97873.700000 1.510710e+07
111144.700000 1.509663e+07
116596.800000 1.584846e+07
117562.300000 1.639028e+07
118496.600000 1.647437e+07
119693.700000 1.501871e+07
119031.300000 1.688136e+07

63568.900000 1.351735e+07
98874.600000 1.650623e+07
112304.800000 1.665506e+07
117635.900000 1.678266e+07
118982.800000 1.563808e+07
119645.100000 2.914353e+07
120719.400000 1.639551e+07
120179.800000 1.533983e+07

