588.636364 7.570536e+04
979.727273 6.356109e+04
1135.363636 5.987755e+04
1218.636364 5.996236e+04
1217.545455 7.534309e+04
1210.454545 5.825218e+04
1226.454545 5.706327e+04
1205.000000 7.285091e+04

1232.272727 1.042232e+05
1970.818182 1.203912e+05
2269.727273 1.117595e+05
2422.181818 1.441593e+05
2425.727273 1.507832e+05
2459.909091 1.111840e+05
2492.454545 1.479694e+05
2427.000000 9.943173e+04

1854.727273 1.807461e+05
2977.181818 2.050147e+05
3471.909091 2.465154e+05
3534.363636 1.957922e+05
3634.454545 2.163090e+05
3714.909091 2.427311e+05
3702.818182 2.056345e+05
3672.545455 2.211580e+05

2533.181818 2.397615e+05
3938.818182 2.503441e+05
4579.818182 2.402693e+05
4819.727273 2.468588e+05
4862.454545 2.532090e+05
4953.909091 2.458101e+06
4886.000000 4.602235e+05
4922.090909 3.961100e+05

3208.727273 3.491329e+05
4924.545455 3.980236e+05
5667.000000 4.291635e+05
6038.272727 3.390444e+05
6087.090909 6.229186e+05
6144.181818 4.462593e+05
6154.818182 1.763710e+06
6065.000000 3.237700e+05

3826.818182 3.961162e+05
5956.272727 1.360795e+06
6883.636364 3.423445e+05
7176.090909 3.617498e+05
7300.090909 4.506677e+05
7364.181818 5.246961e+05
7340.636364 4.630897e+05
7376.727273 4.270219e+05

4426.090909 4.773266e+05
6894.636364 5.194980e+05
8227.545455 4.265320e+05
8350.909091 4.696494e+05
8550.636364 6.259437e+05
8522.727273 4.074832e+05
8664.090909 4.231268e+05
8678.636364 4.471484e+05

5058.000000 5.643976e+05
7965.727273 6.416054e+05
9139.818182 5.465426e+05
9656.272727 5.842175e+05
9712.636364 6.737126e+05
9840.090909 6.219335e+05
9878.818182 8.224848e+05
9734.090909 6.580730e+05

5611.272727 6.150906e+05
9077.909091 5.796622e+05
10302.454545 8.196145e+05
10920.090909 7.827938e+05
11010.181818 8.401599e+05
11039.545455 6.311566e+05
10954.727273 5.840574e+05
11172.363636 6.965233e+05

6343.363636 7.514085e+05
9947.454545 9.390812e+05
11526.636364 7.413618e+05
12009.000000 7.730714e+05
12242.181818 7.669028e+05
12246.454545 7.326686e+05
12330.909091 9.395480e+05
12341.727273 9.186643e+05

7027.363636 8.480736e+05
10782.818182 8.549775e+05
12783.545455 8.721891e+05
13336.636364 7.269757e+05
13379.454545 1.019992e+06
13492.818182 8.779256e+05
13576.090909 1.021653e+06
13428.636364 8.902638e+05

7716.545455 2.606545e+06
11809.363636 7.937227e+05
13814.363636 3.262217e+06
14534.363636 1.086781e+06
14595.090909 1.044167e+06
14845.363636 1.097546e+06
14695.909091 8.573903e+05
14768.727273 1.101618e+06

8328.363636 1.118661e+06
12881.090909 1.237412e+06
15016.454545 1.262824e+06
15621.818182 1.117694e+06
15976.272727 1.340548e+06
15861.090909 9.321908e+05
15905.363636 1.218243e+06
15946.636364 9.589399e+05

8865.454545 1.044591e+06
14095.454545 1.159568e+06
16189.090909 1.143934e+06
16808.272727 1.303147e+06
17175.909091 1.014707e+06
17049.727273 1.358127e+06
17254.272727 1.113896e+06
17077.818182 1.145742e+06

9405.000000 1.044806e+06
15070.363636 1.262441e+06
17400.181818 1.293829e+06
18079.636364 1.294602e+06
18219.545455 1.184602e+06
18410.545455 1.227173e+06
18368.909091 1.130384e+06
18456.909091 1.458401e+06

10068.727273 1.159821e+06
16136.090909 1.787606e+06
18444.000000 1.457398e+06
19357.000000 1.421687e+06
19473.000000 1.307462e+06
19598.818182 1.101312e+06
19597.454545 1.357519e+06
19511.545455 1.276512e+06

10729.909091 1.241045e+06
17050.454545 1.864737e+06
19652.636364 1.609446e+06
20567.727273 4.687666e+06
20523.000000 1.382766e+06
20848.090909 1.480129e+06
20830.636364 1.438387e+06
20863.000000 1.423370e+06

11414.545455 1.344241e+06
17996.090909 1.599758e+06
20941.363636 1.408356e+06
21553.909091 1.986351e+06
21961.545455 1.476828e+06
21937.181818 1.357739e+06
22066.272727 1.403775e+06
22230.181818 1.328980e+06

12073.181818 1.441020e+06
19053.363636 1.478018e+06
22039.090909 1.385116e+06
22819.727273 1.732814e+06
23181.272727 1.466649e+06
23333.090909 1.487406e+06
23143.272727 1.670240e+06
23277.000000 1.672141e+06

12771.454545 1.371569e+06
19978.181818 1.724852e+06
23118.090909 1.536885e+06
24030.454545 1.706903e+06
24284.363636 1.601417e+06
24524.363636 2.315668e+06
24542.272727 1.822936e+06
24634.727273 1.950683e+06

13407.545455 1.343859e+06
21045.363636 1.907772e+06
24249.454545 1.849850e+06
25178.818182 1.788064e+06
25628.000000 1.709934e+06
25691.090909 1.931065e+06
25712.727273 1.691980e+06
25858.727273 1.909773e+06

14011.454545 2.161239e+06
22217.636364 2.250148e+06
25364.818182 1.978130e+06
26378.272727 1.720448e+06
26838.909091 2.083287e+06
26959.090909 2.131180e+06
26926.818182 1.961338e+06
27013.727273 1.948309e+06

14703.181818 1.701003e+06
23252.000000 1.790062e+06
26446.363636 1.956117e+06
27581.181818 1.885463e+06
28016.909091 2.146679e+06
27984.363636 1.874484e+06
28427.818182 2.424954e+06
28252.090909 2.204733e+06

15248.909091 1.589533e+06
24380.272727 1.757546e+06
27539.363636 1.805315e+06
28743.818182 1.834945e+06
29422.454545 2.352914e+06
29262.000000 2.004929e+06
29462.000000 2.238348e+06
29534.818182 1.957412e+06

15857.272727 1.778621e+06
25288.545455 2.396098e+06
28715.363636 1.899263e+06
30012.909091 2.117531e+06
30557.636364 2.151766e+06
30636.454545 2.254663e+06
30688.000000 2.119785e+06
30688.272727 2.260828e+06

16566.545455 2.663175e+06
26174.909091 2.592799e+06
29999.454545 2.523630e+06
31250.454545 1.958175e+06
31666.636364 2.741503e+06
31955.545455 2.388254e+06
31722.545455 1.968431e+06
31989.818182 2.315939e+06

17279.090909 2.711235e+06
27126.090909 3.076917e+06
31046.363636 2.857122e+06
32517.454545 6.039108e+06
32710.363636 2.781658e+06
33285.818182 2.558697e+06
33168.000000 2.610200e+06
33164.000000 2.166546e+06

17930.818182 1.994826e+06
28091.636364 2.723983e+06
32243.545455 2.228231e+06
33719.000000 2.717041e+06
33879.363636 2.525757e+06
34527.181818 2.983700e+06
34298.363636 2.505126e+06
34628.000000 2.280643e+06

18714.090909 2.996348e+06
29052.090909 2.838416e+06
33178.727273 6.774102e+06
35048.545455 2.877985e+06
35176.545455 2.470668e+06
35569.818182 2.864593e+06
35693.727273 2.295618e+06
35950.090909 3.476913e+06

19481.000000 2.458499e+06
29852.272727 2.696125e+06
34478.090909 2.565533e+06
36409.818182 3.437347e+06
36400.272727 3.098190e+06
36471.181818 8.349058e+06
36926.090909 2.930371e+06
37164.454545 2.519007e+06

20125.545455 7.860056e+06
30813.909091 2.938018e+06
35646.272727 5.605411e+06
37451.000000 2.538673e+06
37910.272727 2.575420e+06
37977.636364 2.665189e+06
38087.363636 2.300007e+06
38205.909091 3.124303e+06

20758.000000 2.264328e+06
32040.181818 2.577263e+06
36585.272727 2.360283e+06
38580.636364 9.544142e+06
39240.181818 3.073087e+06
39188.000000 2.389063e+06
39595.909091 3.443842e+06
39159.363636 2.867811e+06

21339.181818 2.360173e+06
33127.363636 3.004217e+06
37848.272727 2.602816e+06
39598.545455 3.326398e+06
40358.000000 3.387077e+06
40415.636364 3.029150e+06
40798.636364 2.602588e+06
40512.454545 5.955825e+06

21825.545455 2.798947e+06
34284.272727 2.783258e+06
39043.090909 2.935425e+06
40708.000000 2.548993e+06
41524.272727 3.535825e+06
41763.090909 3.306457e+06
42020.181818 1.425414e+07
41752.818182 3.374785e+06

22512.363636 2.762064e+06
35083.909091 3.069410e+06
40496.545455 3.100163e+06
41916.818182 3.660883e+06
42536.636364 3.040618e+06
42996.909091 1.652945e+07
43097.818182 3.778201e+06
43034.363636 3.077906e+06

23165.181818 2.906239e+06
36136.454545 3.084462e+06
41612.818182 2.688499e+06
43252.727273 3.761633e+06
43808.000000 2.918404e+06
44237.909091 3.614319e+06
44137.454545 2.964629e+06
44448.363636 3.756569e+06

23842.181818 2.644983e+06
37146.272727 3.921974e+06
42671.090909 3.402605e+06
44518.090909 3.793830e+06
45083.272727 3.668871e+06
45468.181818 4.395054e+06
45503.454545 3.788881e+06
45662.454545 3.472789e+06

24554.181818 2.823379e+06
38138.727273 3.738197e+06
43715.818182 4.093106e+06
45825.363636 3.551493e+06
46199.090909 3.248683e+06
46933.272727 3.587565e+06
46608.636364 3.157541e+06
46984.727273 3.779636e+06

25142.727273 2.867996e+06
39120.454545 4.092465e+06
44965.000000 3.545543e+06
46987.636364 4.218935e+06
47386.000000 3.631794e+06
48041.363636 4.103214e+06
47857.181818 3.644008e+06
48279.363636 3.670711e+06

25738.818182 4.006227e+06
40083.727273 4.194182e+06
46239.545455 3.536649e+06
48047.454545 4.461264e+06
48935.272727 3.734152e+06
49070.000000 3.680261e+06
49281.727273 3.861163e+06
49132.454545 3.410361e+06

26328.545455 3.440568e+06
41100.363636 3.708670e+06
47437.181818 3.456341e+06
49389.000000 3.527894e+06
50029.727273 3.468007e+06
50181.454545 4.617081e+06
50752.909091 4.118014e+06
50355.909091 7.891513e+06

26995.363636 3.464511e+06
42181.818182 3.485730e+06
48401.818182 4.291708e+06
50767.727273 4.261427e+06
51288.454545 4.283092e+06
51383.000000 4.103323e+06
51840.545455 4.821171e+06
51392.272727 4.023100e+06

27681.545455 4.272491e+06
43201.818182 3.489330e+06
49475.636364 4.873099e+06
51815.545455 4.578560e+06
52455.181818 4.617013e+06
52650.090909 4.165956e+06
53250.363636 4.005233e+06
52610.818182 4.472247e+06

28264.000000 3.561250e+06
44442.909091 3.418797e+06
50519.818182 4.496163e+06
53028.454545 4.033089e+06
53736.909091 4.425028e+06
53819.727273 4.217860e+06
54433.727273 5.122486e+06
54119.000000 4.061517e+06

28880.363636 3.767864e+06
45528.545455 4.544804e+06
51645.090909 5.477444e+06
54086.363636 5.171093e+06
55031.545455 5.919559e+06
55229.636364 4.834579e+06
55351.181818 5.991593e+06
55516.636364 5.204861e+06

29542.000000 4.593870e+06
46579.545455 4.834337e+06
52646.818182 4.624645e+06
55289.727273 4.131318e+06
56363.636364 4.310454e+06
56670.454545 5.829097e+06
56400.818182 4.897070e+06
56802.727273 6.151854e+06

30177.818182 6.316372e+06
47525.545455 5.677019e+06
53914.363636 5.059853e+06
56491.090909 4.463321e+06
57356.818182 7.588553e+06
58062.909091 6.027048e+06
57471.909091 6.113526e+06
57954.727273 4.635348e+06

30847.454545 4.741778e+06
48533.363636 6.021078e+06
55103.818182 6.267775e+06
57813.090909 6.736832e+06
58612.363636 4.469604e+06
59322.454545 4.846170e+06
58591.909091 5.451875e+06
59177.363636 4.516721e+06

31453.000000 4.552913e+06
49613.636364 5.890245e+06
56269.909091 4.393691e+06
59058.636364 6.050454e+06
59679.545455 4.959330e+06
60571.090909 5.320453e+06
60033.545455 4.847510e+06
60280.090909 2.096431e+07

32114.636364 4.653905e+06
50488.000000 4.786936e+06
57677.909091 5.523418e+06
60053.636364 5.236347e+06
60611.272727 5.365857e+06
61749.454545 4.733235e+06
61499.727273 7.142396e+06
61466.636364 6.004036e+06

32761.454545 5.515893e+06
51538.272727 5.767750e+06
58745.909091 5.493056e+06
61390.000000 5.098227e+06
61978.272727 5.878694e+06
62846.272727 5.767075e+06
62750.545455 5.813301e+06
62615.909091 5.176741e+06

33370.272727 5.252115e+06
52762.000000 5.175842e+06
59820.272727 6.205864e+06
62558.727273 5.575365e+06
63506.000000 5.784890e+06
63717.727273 5.284811e+06
64069.363636 5.264813e+06
63700.181818 5.406709e+06

33861.454545 5.815174e+06
53805.909091 7.690189e+06
60970.090909 6.315558e+06
63733.727273 6.625475e+06
64857.181818 5.709535e+06
64989.818182 8.180417e+06
65000.000000 6.949996e+06
65104.272727 8.606350e+06

34558.181818 7.540052e+06
54888.727273 6.338093e+06
62048.636364 6.607001e+06
64945.818182 5.901200e+06
66079.181818 7.672553e+06
66066.818182 7.159344e+06
66282.181818 9.061143e+06
66412.636364 7.615311e+06

35190.545455 5.245283e+06
55785.181818 6.615455e+06
63266.545455 7.672200e+06
66138.181818 6.802132e+06
67425.909091 6.285055e+06
67444.363636 6.104403e+06
67551.363636 7.453790e+06
67593.000000 6.839455e+06

35889.181818 5.675400e+06
56829.181818 6.574559e+06
64388.090909 5.858279e+06
67343.636364 7.701490e+06
68794.454545 7.275607e+06
68449.181818 9.153673e+06
68713.727273 6.404660e+06
68850.181818 1.560201e+07

36617.181818 6.652374e+06
57841.454545 6.100944e+06
65628.545455 6.090511e+06
68501.545455 6.170998e+06
70039.636364 7.681046e+06
69782.363636 6.497840e+06
69918.363636 1.576766e+07
69955.454545 7.605157e+06

37314.454545 1.258246e+07
58644.272727 7.151815e+06
66851.363636 6.364720e+06
69579.363636 7.602798e+06
71213.090909 9.009254e+06
71020.272727 6.794877e+06
71246.363636 6.155860e+06
71536.000000 8.014856e+06

38033.727273 6.130945e+06
59436.545455 6.618069e+06
68189.363636 1.162853e+07
70698.363636 8.483475e+06
72355.181818 6.995679e+06
72351.727273 6.604532e+06
72277.909091 6.652075e+06
72969.818182 7.056822e+06

38703.454545 6.155378e+06
60336.090909 6.693976e+06
69538.454545 7.220504e+06
71962.272727 7.417958e+06
73412.090909 7.480107e+06
73546.454545 6.713126e+06
73748.363636 6.894549e+06
74110.545455 6.872437e+06

39299.000000 7.445510e+06
61366.363636 7.008183e+06
70617.454545 7.571763e+06
73483.272727 7.480199e+06
74361.545455 7.750426e+06
74755.545455 7.316037e+06
75016.363636 7.883078e+06
75005.818182 7.247369e+06

39795.818182 7.381019e+06
62605.818182 7.508457e+06
71661.545455 8.673835e+06
74834.090909 7.684464e+06
75571.909091 7.745058e+06
75950.454545 8.231608e+06
76349.000000 2.967482e+07
76044.909091 7.175863e+06

40517.909091 6.527024e+06
63618.272727 8.411190e+06
72725.181818 8.616998e+06
75980.818182 7.314409e+06
76903.909091 7.474407e+06
77179.000000 8.714290e+06
77350.363636 8.013023e+06
77444.363636 9.808953e+06

41380.000000 6.613293e+06
64348.636364 8.432276e+06
73959.090909 7.956187e+06
77123.636364 9.520080e+06
78088.909091 8.360777e+06
78130.363636 2.487091e+07
78815.272727 8.081982e+06
78692.090909 8.034708e+06

41935.363636 1.712311e+07
65517.909091 8.911901e+06
75099.545455 9.991782e+06
78618.454545 8.344778e+06
79255.818182 8.326470e+06
79475.909091 8.148338e+06
80059.636364 8.197945e+06
79558.636364 1.030468e+07

42553.272727 8.065564e+06
66576.909091 8.723056e+06
76201.909091 7.966479e+06
79607.727273 9.200726e+06
80506.272727 8.184442e+06
80730.909091 1.085711e+07
81382.818182 8.488697e+06
80604.818182 8.379292e+06

43144.272727 1.148200e+07
67595.727273 8.002538e+06
77379.818182 1.599326e+07
80925.454545 8.608813e+06
81679.909091 8.465526e+06
81971.090909 8.159088e+06
82580.272727 8.026683e+06
82002.636364 9.688583e+06

44034.545455 8.075555e+06
68336.636364 1.121012e+07
78735.272727 9.139042e+06
82029.636364 8.894193e+06
82778.363636 8.507492e+06
83315.272727 9.620497e+06
83603.818182 8.350038e+06
83449.363636 9.726275e+06

44786.636364 8.126987e+06
69284.818182 8.308210e+06
79716.727273 1.049064e+07
83472.090909 1.015439e+07
83943.454545 9.603129e+06
84633.090909 1.075696e+07
84689.090909 1.070922e+07
84982.000000 8.877001e+06

45300.545455 8.835587e+06
70506.545455 9.201780e+06
80583.272727 9.363125e+06
84724.272727 9.100938e+06
85122.909091 1.167794e+07
86007.909091 9.503002e+06
85769.909091 9.600462e+06
86108.454545 9.008888e+06

45867.545455 8.590108e+06
71633.000000 8.861602e+06
81577.272727 9.336898e+06
85918.272727 9.394952e+06
86479.272727 1.039170e+07
87183.272727 9.732007e+06
87145.454545 9.689398e+06
87246.000000 9.173844e+06

46455.727273 8.458983e+06
72683.454545 3.023563e+07
82775.454545 1.031752e+07
87005.272727 1.023597e+07
87784.272727 1.041092e+07
88452.090909 1.021122e+07
88251.090909 1.073308e+07
88615.272727 9.505174e+06

47135.454545 8.503156e+06
73701.909091 1.069021e+07
84118.090909 9.664646e+06
88079.000000 1.096774e+07
88973.272727 1.002156e+07
89696.363636 1.001005e+07
89296.272727 1.023795e+07
90012.545455 1.025560e+07

47872.909091 8.787247e+06
74672.545455 9.823693e+06
85398.727273 9.846087e+06
89212.363636 1.222427e+07
90045.909091 9.959056e+06
91011.636364 1.112891e+07
90365.636364 1.008743e+07
91346.454545 1.215362e+07

48579.454545 9.171920e+06
75669.181818 9.549779e+06
86638.000000 1.135096e+07
90240.000000 1.014390e+07
91181.181818 1.106421e+07
92326.818182 1.064122e+07
91657.090909 1.092414e+07
92309.272727 1.139376e+07

49233.909091 1.016152e+07
76691.454545 1.177182e+07
87733.000000 1.071498e+07
91441.181818 1.505403e+07
92432.545455 1.058187e+07
93403.363636 1.056110e+07
93260.272727 1.048084e+07
93364.545455 1.031672e+07

49881.363636 9.740069e+06
77612.636364 1.095258e+07
89054.545455 1.048610e+07
92586.454545 1.084112e+07
93653.636364 1.104549e+07
94681.181818 1.205644e+07
94555.727273 1.120153e+07
94728.909091 1.201700e+07

50467.454545 1.006339e+07
78728.272727 1.535104e+07
90169.272727 1.124986e+07
93611.090909 3.754020e+07
95058.454545 1.180559e+07
95625.000000 1.135179e+07
95835.454545 1.240747e+07
95950.818182 1.142470e+07

50970.272727 9.832791e+06
79967.636364 1.059368e+07
91405.727273 1.097630e+07
94708.909091 1.154644e+07
96510.636364 1.161732e+07
96747.090909 1.177317e+07
96942.000000 1.092479e+07
97234.818182 1.400060e+07

51686.727273 1.085884e+07
80890.636364 1.145331e+07
92558.818182 1.135410e+07
95893.272727 1.124442e+07
97841.636364 1.238763e+07
97991.636364 1.192321e+07
98158.818182 1.311312e+07
98736.545455 1.097115e+07

52358.272727 1.283693e+07
81988.636364 1.393958e+07
93667.545455 1.257378e+07
97122.272727 1.136168e+07
98790.454545 1.747923e+07
99265.545455 1.285970e+07
99741.090909 1.371035e+07
99771.000000 1.122348e+07

53043.363636 1.188133e+07
82926.909091 1.566653e+07
94870.000000 1.199892e+07
98171.909091 3.689632e+07
100132.727273 1.167727e+07
100210.545455 1.187401e+07
101257.363636 1.227269e+07
100990.363636 1.196759e+07

53657.000000 1.117325e+07
83990.000000 1.316608e+07
95995.272727 1.345751e+07
99597.545455 1.193138e+07
101450.272727 1.197909e+07
101147.090909 1.317039e+07
102342.000000 1.200590e+07
102506.727273 1.639690e+07

54274.727273 1.241543e+07
84976.090909 1.228304e+07
97111.454545 1.238220e+07
100785.636364 1.216813e+07
102727.636364 1.232156e+07
102467.909091 1.232327e+07
103339.545455 1.370617e+07
103811.727273 1.216707e+07

54873.181818 1.141443e+07
86029.454545 1.218784e+07
98204.545455 1.377805e+07
101932.636364 1.328771e+07
103839.909091 1.431034e+07
103810.818182 1.264495e+07
104494.636364 1.720373e+07
104961.272727 1.206615e+07

55501.727273 1.160027e+07
86996.090909 1.523597e+07
99593.181818 1.296479e+07
102969.909091 3.588238e+07
105048.909091 1.275238e+07
105405.454545 1.313423e+07
105561.000000 1.375630e+07
106107.272727 1.321611e+07

56136.818182 1.167170e+07
87946.727273 1.302997e+07
100903.909091 1.236817e+07
104212.090909 1.360701e+07
106036.636364 1.284061e+07
106831.818182 1.452816e+07
106590.636364 1.265353e+07
107528.272727 1.745640e+07

56824.636364 1.211314e+07
88755.636364 1.278504e+07
102030.727273 1.301839e+07
105635.090909 1.313288e+07
107235.272727 1.265340e+07
108097.454545 1.287246e+07
107840.000000 1.589314e+07
108913.454545 1.320006e+07

57373.727273 1.221314e+07
89801.090909 1.340544e+07
103262.636364 1.369057e+07
106603.909091 1.363412e+07
108627.727273 1.432095e+07
109391.000000 1.362837e+07
109325.818182 1.489624e+07
109941.090909 1.314461e+07

58174.818182 1.261301e+07
90751.727273 1.485963e+07
104347.545455 1.447212e+07
107728.272727 1.372725e+07
110090.454545 2.030982e+07
110414.181818 1.346958e+07
110893.818182 1.365803e+07
110771.181818 1.501086e+07

58915.000000 1.245886e+07
91691.454545 1.324925e+07
105449.090909 1.376308e+07
109051.090909 1.347447e+07
111294.727273 1.426328e+07
111660.363636 1.420790e+07
111977.090909 1.338322e+07
112118.909091 1.455487e+07

59557.454545 1.300700e+07
92755.090909 1.364890e+07
106336.090909 1.329196e+07
110429.090909 1.339347e+07
112440.909091 1.391149e+07
112753.909091 1.450492e+07
113183.818182 1.380385e+07
113395.090909 1.651948e+07

60149.727273 1.322849e+07
93949.363636 1.453174e+07
107579.454545 1.398015e+07
111793.909091 1.443233e+07
113503.818182 1.414675e+07
114359.181818 1.783931e+07
114622.727273 1.384709e+07
114734.000000 1.513615e+07

60841.000000 1.661695e+07
94874.272727 1.412636e+07
108561.454545 1.593095e+07
113017.636364 1.477255e+07
114396.545455 1.797423e+07
115556.363636 1.454343e+07
115821.818182 1.495668e+07
115891.272727 1.466505e+07

61529.454545 1.319924e+07
95964.454545 1.523421e+07
109710.909091 1.420866e+07
114422.545455 1.672544e+07
115361.272727 1.456725e+07
116641.454545 1.900951e+07
116971.727273 1.456957e+07
117075.909091 1.448656e+07

62200.272727 1.388784e+07
97030.181818 1.468018e+07
110701.636364 1.481283e+07
115721.636364 1.467487e+07
116488.454545 1.505391e+07
117990.090909 1.502258e+07
118258.272727 1.432209e+07
118209.727273 1.502940e+07

62792.272727 1.411306e+07
98217.363636 1.491192e+07
111899.181818 1.492337e+07
117014.818182 1.499034e+07
117593.636364 1.548630e+07
118999.181818 1.539132e+07
119694.545455 1.483382e+07
119140.818182 1.540014e+07

63428.181818 1.444878e+07
99366.909091 1.645430e+07
112811.818182 1.618879e+07
118082.090909 1.450330e+07
119106.000000 1.521554e+07
120093.090909 1.675596e+07
121247.818182 1.519195e+07
120353.272727 1.682715e+07

64193.727273 1.425847e+07
100202.545455 1.542164e+07
113891.727273 1.548468e+07
119295.909091 1.740115e+07
120394.636364 1.568294e+07
121216.818182 1.670917e+07
122563.454545 1.555119e+07
121826.909091 1.875907e+07

64921.181818 1.536137e+07
101212.909091 1.523374e+07
115050.545455 1.686902e+07
120548.545455 1.599441e+07
121851.272727 1.834172e+07
122260.090909 1.580237e+07
123625.181818 4.438089e+07
123010.454545 1.643143e+07

