630.833333 7.644542e+04
1032.166667 7.147058e+04
1187.833333 7.249433e+04
1292.583333 1.020566e+07
1276.500000 1.066936e+05
1306.750000 1.455855e+05
1271.666667 1.233738e+05
1274.000000 1.300820e+05

1291.583333 2.164157e+05
2079.166667 1.682923e+05
2388.000000 5.022298e+05
2544.666667 1.790545e+05
2546.666667 1.673071e+05
2556.916667 2.061712e+05
2592.500000 1.728012e+05
2548.666667 5.016204e+05

1954.833333 2.676225e+05
3132.833333 2.587450e+05
3629.500000 3.658041e+05
3732.666667 2.132667e+05
3826.583333 8.846089e+05
3852.750000 2.895260e+05
3911.166667 2.090081e+05
3913.166667 2.542328e+05

2648.166667 4.001888e+05
4149.666667 3.032042e+05
4819.333333 3.695522e+05
5060.000000 3.174362e+05
5093.333333 1.129525e+06
5230.666667 3.618279e+05
5132.166667 2.911042e+05
5129.500000 4.145804e+05

3365.666667 4.876506e+05
5193.750000 4.169435e+05
5960.083333 5.477667e+05
6334.250000 4.127158e+05
6414.166667 1.603713e+06
6419.916667 3.218897e+05
6461.250000 3.120212e+05
6346.000000 3.921228e+05

4020.750000 4.221742e+05
6267.333333 6.182869e+05
7222.166667 4.182541e+05
7532.583333 1.781776e+06
7695.583333 4.722438e+05
7692.250000 4.640843e+05
7744.500000 4.920638e+05
7731.250000 4.974633e+05

4659.750000 4.856073e+05
7254.083333 1.854662e+06
8607.166667 5.939578e+05
8709.750000 5.755741e+05
8975.333333 5.868788e+05
8945.583333 5.657332e+05
9027.166667 6.816480e+05
9130.083333 5.963763e+05

5320.916667 5.904351e+05
8399.750000 5.769358e+05
9623.750000 6.675773e+05
10176.916667 5.662824e+05
10198.000000 8.516245e+05
10374.416667 6.645242e+05
10367.083333 6.871406e+05
10227.666667 7.557226e+05

5906.833333 6.908190e+05
9583.666667 2.714305e+06
10786.083333 8.848531e+05
11409.750000 9.105083e+05
11593.583333 8.912445e+05
11671.416667 8.333212e+05
11533.833333 7.034414e+05
11738.333333 5.909637e+05

6683.083333 7.370192e+05
10471.250000 1.095239e+06
12100.416667 8.278758e+05
12650.750000 8.457222e+05
12814.833333 7.855256e+05
12849.500000 7.647605e+05
13031.166667 1.060603e+06
12984.000000 7.856020e+05

7421.916667 8.965577e+05
11355.250000 8.343032e+05
13375.583333 9.682725e+05
14084.000000 9.273692e+05
13959.000000 8.780696e+05
14193.250000 7.952286e+05
14304.500000 1.099308e+06
14129.166667 7.952612e+05

8103.500000 9.330796e+05
12446.833333 8.033326e+05
14566.833333 1.239991e+06
15228.916667 1.163848e+06
15332.250000 1.080766e+06
15595.833333 8.517004e+05
15466.416667 8.290663e+05
15576.666667 1.050368e+06

8763.083333 1.120545e+06
13574.833333 1.026381e+06
15756.916667 8.880528e+05
16416.666667 1.878263e+06
16810.666667 1.040267e+06
16725.750000 9.801790e+05
16776.916667 1.114123e+06
16785.416667 1.021146e+06

9348.750000 1.076936e+06
14798.750000 1.323434e+06
17027.583333 1.176328e+06
17593.583333 4.703041e+06
18011.000000 1.313822e+06
17980.083333 1.309132e+06
18106.500000 1.227136e+06
17959.000000 1.063350e+06

9926.833333 1.305095e+06
15836.166667 1.313971e+06
18259.166667 1.265839e+06
19028.333333 1.625208e+06
19179.666667 1.153028e+06
19331.416667 1.246007e+06
19360.916667 1.536330e+06
19462.166667 1.502294e+06

10599.250000 1.125859e+06
16967.250000 1.512933e+06
19407.500000 1.445296e+06
20294.500000 1.554746e+06
20524.833333 1.317043e+06
20590.166667 1.339566e+06
20624.583333 1.284471e+06
20587.250000 1.314327e+06

11268.250000 1.543008e+06
18002.416667 1.854525e+06
20691.083333 1.652819e+06
21554.500000 4.516581e+06
21756.500000 1.469456e+06
21949.000000 1.380424e+06
21945.833333 1.385719e+06
21901.083333 1.441914e+06

12045.583333 1.610315e+06
18933.833333 1.502515e+06
22008.666667 1.450633e+06
22633.583333 2.039337e+06
23087.916667 1.376116e+06
23062.416667 1.325292e+06
23196.666667 1.819780e+06
23298.333333 1.655534e+06

12723.333333 1.495145e+06
20095.583333 2.073813e+06
23098.916667 1.679328e+06
23978.333333 4.924840e+06
24420.916667 1.998758e+06
24537.166667 1.828341e+06
24348.916667 1.594898e+06
24539.333333 1.671858e+06

13449.083333 1.891724e+06
20991.583333 1.849368e+06
24265.333333 1.860305e+06
25256.000000 2.373025e+06
25630.500000 1.868808e+06
25780.750000 1.731350e+06
25838.416667 1.832788e+06
26031.750000 1.827895e+06

14108.666667 1.792292e+06
22146.833333 2.017318e+06
25485.666667 1.717161e+06
26435.833333 2.263110e+06
27015.583333 2.224138e+06
26982.500000 5.504859e+06
27073.666667 1.626203e+06
27130.250000 1.581070e+06

14742.083333 1.638845e+06
23329.250000 1.822573e+06
26591.833333 1.785641e+06
27692.666667 2.419111e+06
28262.166667 2.118091e+06
28328.500000 2.276282e+06
28452.833333 2.007837e+06
28365.583333 7.536985e+06

15478.750000 1.785899e+06
24474.583333 1.715393e+06
27847.166667 2.592425e+06
28986.916667 2.246208e+06
29469.416667 2.419861e+06
29406.083333 2.011841e+06
29843.000000 2.048146e+06
29717.750000 2.114026e+06

16066.583333 2.090048e+06
25637.750000 2.156754e+06
28812.000000 1.928590e+06
30140.416667 1.876754e+06
30907.166667 4.376902e+06
30810.500000 2.483967e+06
31047.000000 1.997423e+06
31044.666667 2.387304e+06

16741.166667 2.240313e+06
26620.166667 2.345863e+06
30082.916667 2.720713e+06
31644.333333 2.745276e+06
32166.250000 2.892301e+06
32147.416667 2.243237e+06
32297.583333 2.283950e+06
32332.000000 2.588145e+06

17420.500000 2.105783e+06
27505.916667 2.056045e+06
31486.750000 2.049464e+06
32882.833333 2.762241e+06
33370.500000 2.705082e+06
33554.583333 2.744662e+06
33333.250000 2.410412e+06
33719.250000 4.015198e+06

18185.250000 2.707638e+06
28506.916667 2.405989e+06
32595.750000 2.786074e+06
34247.250000 2.412161e+06
34404.666667 4.369873e+06
34971.333333 2.959659e+06
34831.333333 2.350594e+06
34836.583333 3.086462e+06

18889.250000 6.511806e+06
29547.500000 3.337424e+06
33870.833333 3.447823e+06
35461.166667 2.558418e+06
35711.500000 2.409161e+06
36347.416667 2.432772e+06
36173.833333 2.266205e+06
36413.333333 2.414484e+06

19679.583333 2.579869e+06
30609.250000 2.776825e+06
34916.666667 2.749210e+06
36942.000000 2.556808e+06
37038.416667 2.232268e+06
37346.333333 2.327270e+06
37568.500000 3.017686e+06
37695.250000 2.314844e+06

20479.250000 2.196814e+06
31425.916667 2.570635e+06
36188.000000 2.608815e+06
38268.333333 2.822563e+06
38288.666667 2.538626e+06
38491.000000 3.334130e+06
38883.416667 3.234332e+06
39120.833333 1.310232e+07

21157.500000 3.136836e+06
32443.000000 3.395250e+06
37478.833333 2.924120e+06
39387.000000 3.032038e+06
39815.833333 3.582164e+06
39888.416667 2.989498e+06
40151.250000 2.796565e+06
40203.416667 3.683145e+06

21820.500000 2.694212e+06
33657.166667 2.588442e+06
38402.000000 3.999926e+06
40633.416667 3.631142e+06
41194.083333 3.063941e+06
41259.583333 2.629630e+06
41595.583333 3.398314e+06
41177.250000 2.943409e+06

22469.000000 3.951358e+06
34837.166667 3.548583e+06
39690.250000 6.538777e+06
41730.916667 2.708035e+06
42467.083333 2.723783e+06
42457.000000 3.531687e+06
42975.250000 2.783320e+06
42658.000000 3.811566e+06

22968.500000 2.653470e+06
35976.333333 2.674389e+06
41004.666667 3.511076e+06
42885.333333 2.890049e+06
43701.000000 3.691458e+06
43927.916667 3.279805e+06
44178.166667 3.907453e+06
43959.833333 3.636065e+06

23681.666667 2.776895e+06
36843.083333 2.758212e+06
42548.916667 4.062437e+06
44148.750000 3.180271e+06
44831.083333 3.849132e+06
45385.583333 2.946383e+06
45270.916667 1.614392e+07
45266.583333 3.189882e+06

24396.250000 2.771851e+06
37981.750000 2.910750e+06
43721.583333 2.967014e+06
45467.250000 4.073571e+06
46170.000000 3.271884e+06
46608.500000 3.943944e+06
46435.666667 3.309022e+06
46643.500000 4.162030e+06

25121.000000 3.980649e+06
38992.083333 3.588679e+06
44862.916667 3.587834e+06
46819.916667 3.340979e+06
47368.333333 4.339065e+06
47899.083333 3.887156e+06
47730.333333 1.414135e+07
48193.000000 3.636107e+06

25820.833333 4.180723e+06
40043.416667 3.660455e+06
45961.416667 3.262890e+06
48237.416667 5.033714e+06
48558.500000 4.006996e+06
49214.750000 3.970890e+06
49091.000000 3.403317e+06
49432.083333 5.988885e+06

26453.500000 3.272969e+06
41116.500000 3.624033e+06
47121.166667 4.401632e+06
49413.166667 3.498580e+06
49908.500000 8.586489e+06
50624.416667 3.808316e+06
50443.916667 3.861128e+06
50768.583333 3.678850e+06

27072.583333 3.245482e+06
42143.166667 3.339826e+06
48676.416667 4.675488e+06
50335.000000 3.847065e+06
51457.166667 4.943512e+06
51678.583333 4.045333e+06
52040.833333 4.404592e+06
51783.000000 3.953062e+06

27694.083333 3.740376e+06
43217.500000 3.537563e+06
49847.500000 4.826584e+06
51896.666667 3.804728e+06
52712.416667 5.318858e+06
52731.083333 4.731700e+06
53335.083333 4.299876e+06
53005.083333 4.448030e+06

28405.250000 3.311090e+06
44296.916667 5.096640e+06
50881.583333 4.912418e+06
53417.416667 4.650726e+06
53890.000000 4.598258e+06
54042.250000 4.764298e+06
54747.083333 4.113177e+06
54163.583333 4.605439e+06

29123.916667 3.483900e+06
45460.333333 4.931834e+06
52130.500000 4.231663e+06
54628.416667 7.297480e+06
55202.416667 5.145312e+06
55281.833333 5.070922e+06
56000.250000 5.032403e+06
55396.666667 4.327726e+06

29715.416667 3.553814e+06
46728.916667 4.674914e+06
53107.416667 4.192969e+06
55767.750000 4.830150e+06
56619.916667 4.277380e+06
56559.833333 8.936485e+06
57393.750000 4.238070e+06
56969.750000 4.112006e+06

30387.000000 4.229778e+06
47892.583333 4.289524e+06
54383.333333 4.342475e+06
56790.583333 5.319658e+06
57926.500000 4.886423e+06
58137.416667 5.020210e+06
58274.166667 4.557722e+06
58461.333333 5.493621e+06

31058.500000 4.318922e+06
48972.750000 4.391973e+06
55400.000000 4.611466e+06
58209.166667 4.977193e+06
59252.583333 6.329858e+06
59673.000000 4.747406e+06
59352.500000 4.876818e+06
59715.166667 5.714884e+06

31734.750000 5.497471e+06
49958.250000 5.553188e+06
56801.750000 5.408026e+06
59450.000000 5.544283e+06
60306.666667 4.558766e+06
61197.500000 5.150425e+06
60576.583333 4.841908e+06
60984.666667 5.418330e+06

32428.333333 5.043894e+06
50972.583333 5.572468e+06
57879.333333 5.568623e+06
60796.833333 5.264769e+06
61885.083333 5.100956e+06
62401.833333 6.216798e+06
61675.500000 5.491709e+06
62271.250000 5.632568e+06

33051.750000 4.425005e+06
52154.333333 5.091168e+06
59209.166667 4.795574e+06
62082.500000 5.340997e+06
62862.833333 4.879033e+06
63617.833333 6.345094e+06
63289.833333 5.990633e+06
63465.916667 1.078700e+07

33724.333333 6.554172e+06
53199.000000 6.923313e+06
60557.250000 6.532714e+06
63363.416667 6.663311e+06
63890.333333 7.084554e+06
65050.166667 5.810232e+06
64817.833333 6.012955e+06
64556.250000 5.498280e+06

34447.083333 6.835857e+06
54184.000000 7.348884e+06
61846.750000 7.364534e+06
64483.833333 7.085805e+06
65331.416667 9.175671e+06
66153.250000 5.420289e+06
66062.000000 5.351745e+06
65843.833333 7.278711e+06

35078.833333 6.868943e+06
55460.833333 6.921250e+06
62851.416667 6.609472e+06
65843.416667 6.990593e+06
66881.500000 9.293737e+06
67114.583333 8.538905e+06
67411.583333 7.782147e+06
67092.916667 6.452145e+06

35636.000000 6.320335e+06
56592.833333 5.766832e+06
64041.000000 5.851666e+06
67154.416667 6.697472e+06
68347.833333 6.327992e+06
68344.000000 5.975446e+06
68440.416667 6.899190e+06
68439.666667 6.540662e+06

36355.333333 5.146518e+06
57657.500000 8.050390e+06
65307.583333 6.625524e+06
68352.000000 6.427061e+06
69556.333333 6.246600e+06
69625.916667 1.925838e+07
69705.333333 6.812898e+06
69997.333333 6.269550e+06

37017.250000 5.553984e+06
58581.833333 6.485822e+06
66660.833333 6.165369e+06
69534.750000 7.219975e+06
71034.666667 7.088966e+06
70958.083333 6.940176e+06
71088.583333 6.656122e+06
71245.166667 6.524019e+06

37777.833333 6.351766e+06
59665.916667 7.438419e+06
67769.333333 6.719481e+06
70825.916667 7.949036e+06
72329.333333 7.379974e+06
72103.750000 7.091564e+06
72418.416667 7.124077e+06
72460.083333 6.699360e+06

38521.750000 5.969667e+06
60792.500000 6.857134e+06
69023.000000 6.910590e+06
72040.500000 7.676578e+06
73704.833333 6.915617e+06
73462.583333 7.490109e+06
73514.000000 6.967520e+06
73711.333333 1.943013e+07

39252.000000 6.262858e+06
61684.000000 6.457860e+06
70274.833333 7.314029e+06
73213.333333 7.168537e+06
75012.666667 8.078050e+06
74837.583333 7.279368e+06
74839.833333 7.149971e+06
75247.166667 7.870651e+06

39972.916667 6.269714e+06
62512.833333 8.084729e+06
71872.916667 7.116959e+06
74230.666667 8.862789e+06
76206.250000 7.384846e+06
76318.166667 1.161085e+07
75952.083333 7.368337e+06
76815.583333 7.221689e+06

40602.916667 7.328381e+06
63438.333333 7.920049e+06
73221.083333 7.765169e+06
75676.416667 8.160923e+06
77410.500000 7.656609e+06
77426.166667 1.136967e+07
77537.416667 8.459724e+06
78027.416667 8.958303e+06

41301.500000 7.359617e+06
64570.666667 7.342672e+06
74234.166667 9.829386e+06
77237.750000 7.611126e+06
78190.666667 8.410601e+06
78782.833333 7.732699e+06
78952.083333 1.081814e+07
79016.416667 7.982429e+06

41898.750000 8.389449e+06
65795.500000 8.708662e+06
75350.833333 8.534846e+06
78787.416667 8.483183e+06
79554.750000 9.407103e+06
79956.416667 9.772734e+06
80415.250000 9.199468e+06
80134.833333 8.078156e+06

42654.250000 7.457001e+06
66869.250000 1.069708e+07
76463.166667 1.062267e+07
79984.916667 8.956992e+06
80829.416667 8.570508e+06
81281.583333 1.072369e+07
81395.416667 8.524869e+06
81564.250000 8.770356e+06

43522.416667 7.662466e+06
67730.000000 8.386442e+06
77778.666667 8.326551e+06
81236.916667 9.187330e+06
82270.333333 8.595808e+06
82319.166667 1.092898e+07
82872.250000 8.862459e+06
82782.333333 9.070243e+06

44119.166667 8.553553e+06
68889.250000 8.366765e+06
78971.750000 9.966309e+06
82694.833333 8.675523e+06
83465.250000 8.872555e+06
83597.583333 8.565738e+06
84346.000000 2.767095e+07
83796.416667 1.003307e+07

44789.250000 7.705449e+06
69998.500000 9.700571e+06
80111.916667 8.826008e+06
83901.000000 1.164825e+07
84679.250000 8.867617e+06
85076.750000 9.105301e+06
85565.750000 1.289350e+07
85046.083333 1.265565e+07

45384.250000 7.932624e+06
71076.833333 8.983422e+06
81318.416667 8.819362e+06
85157.500000 9.478442e+06
85947.416667 9.331346e+06
86253.583333 2.836807e+07
86943.333333 9.326293e+06
86369.250000 9.553294e+06

46249.666667 8.823606e+06
71839.750000 9.052439e+06
82797.416667 9.043448e+06
86351.583333 1.021039e+07
87222.250000 1.019095e+07
87617.166667 1.217560e+07
88015.000000 1.029082e+07
87777.166667 1.352039e+07

47050.500000 8.465261e+06
72939.833333 1.267324e+07
83688.833333 9.457089e+06
87804.416667 9.474748e+06
88263.250000 9.553959e+06
89082.666667 1.039108e+07
89165.833333 9.650530e+06
89439.416667 9.482945e+06

47636.500000 1.082066e+07
74120.666667 1.159552e+07
84757.000000 9.745746e+06
89130.833333 1.239913e+07
89755.750000 1.008002e+07
90423.750000 9.892664e+06
90357.166667 1.033262e+07
90719.666667 1.010903e+07

48284.333333 9.474413e+06
75339.416667 1.049071e+07
85808.500000 1.050726e+07
90374.833333 1.022166e+07
90957.416667 9.978498e+06
91705.583333 1.106491e+07
91672.333333 9.879763e+06
91827.500000 1.016035e+07

48881.000000 2.544817e+07
76365.666667 1.028173e+07
87260.000000 3.192497e+07
91499.166667 1.087267e+07
92388.416667 1.064467e+07
93158.250000 1.093367e+07
92870.916667 1.093160e+07
93266.833333 1.043090e+07

49667.000000 2.351737e+07
77467.750000 1.009627e+07
88419.833333 3.292565e+07
92686.250000 1.026847e+07
93690.083333 1.071738e+07
94348.333333 1.058319e+07
94096.666667 1.025168e+07
94753.000000 1.199477e+07

50462.750000 1.021937e+07
78432.750000 1.215442e+07
89820.583333 1.213833e+07
93751.416667 1.186951e+07
94775.250000 1.126489e+07
95903.250000 1.306351e+07
95180.333333 1.091421e+07
96207.833333 1.152049e+07

51078.666667 9.515701e+06
79592.250000 1.021238e+07
91295.750000 1.250582e+07
94847.583333 1.122744e+07
96078.833333 1.258542e+07
97290.916667 1.138847e+07
96491.166667 1.267983e+07
97253.083333 1.094704e+07

51822.000000 1.260339e+07
80615.833333 1.112084e+07
92333.250000 1.353387e+07
96346.583333 1.103141e+07
97259.500000 1.113056e+07
98226.333333 1.145698e+07
98260.333333 1.144938e+07
98335.166667 1.307951e+07

52446.666667 1.094193e+07
81659.083333 1.211984e+07
93731.666667 1.230093e+07
97481.750000 3.324929e+07
98565.583333 1.140565e+07
99663.916667 1.155542e+07
99723.166667 1.192772e+07
99571.916667 1.187365e+07

53045.000000 1.100036e+07
82726.416667 1.241028e+07
94982.416667 1.203998e+07
98521.000000 1.201459e+07
100123.500000 1.162104e+07
100652.583333 1.326127e+07
101034.500000 1.193869e+07
100991.500000 1.211661e+07

53642.916667 1.082463e+07
84015.916667 1.156177e+07
96133.083333 1.179329e+07
99672.583333 1.253177e+07
101590.833333 1.220602e+07
101925.000000 1.305085e+07
102067.250000 1.203274e+07
102256.083333 1.337733e+07

54333.666667 1.129771e+07
85138.916667 1.201275e+07
97337.750000 1.175691e+07
100832.000000 1.327075e+07
102924.333333 1.238774e+07
103165.416667 1.543350e+07
103411.083333 1.230111e+07
103894.666667 1.224703e+07

55035.000000 2.976395e+07
86160.416667 1.153377e+07
98531.666667 1.174733e+07
102154.000000 1.198374e+07
104029.500000 1.225031e+07
104366.083333 1.290922e+07
105055.083333 1.228915e+07
104963.083333 1.311090e+07

55898.750000 1.191503e+07
87146.250000 1.268216e+07
99825.500000 1.253801e+07
103579.750000 1.269265e+07
105360.500000 1.279238e+07
105525.833333 1.412869e+07
106449.666667 1.276380e+07
106249.166667 1.344783e+07

56440.750000 1.185459e+07
88376.833333 1.392750e+07
100981.000000 1.295976e+07
104682.833333 1.948137e+07
106893.250000 1.321963e+07
106476.166667 1.353321e+07
107881.583333 1.315378e+07
107730.583333 1.302784e+07

57143.583333 1.264405e+07
89380.250000 1.301806e+07
102120.416667 1.299975e+07
106087.666667 1.391944e+07
108011.500000 1.278397e+07
107888.666667 1.425411e+07
108754.500000 1.336607e+07
109090.833333 2.985495e+07

57746.750000 1.302663e+07
90509.666667 1.299580e+07
103317.583333 1.550547e+07
107232.666667 1.297415e+07
109418.000000 1.779801e+07
109466.166667 1.316917e+07
109990.000000 1.428527e+07
110423.333333 1.463326e+07

58443.750000 1.374667e+07
91434.500000 1.305057e+07
104702.416667 1.465256e+07
108447.166667 1.383807e+07
110622.583333 1.444975e+07
110815.833333 1.380753e+07
111051.166667 2.771361e+07
111718.666667 1.412591e+07

59068.000000 1.289756e+07
92378.833333 1.371749e+07
106141.083333 1.381557e+07
109781.250000 1.731524e+07
111897.416667 1.404075e+07
112541.333333 1.419547e+07
112120.250000 1.530361e+07
112928.083333 1.442923e+07

59745.750000 1.295724e+07
93326.083333 1.386638e+07
107203.333333 1.407113e+07
111216.416667 1.419031e+07
112773.166667 1.395797e+07
113722.333333 1.855496e+07
113460.500000 1.415769e+07
114498.000000 3.032527e+07

60374.416667 1.472957e+07
94454.500000 1.435877e+07
108564.500000 1.861157e+07
112237.083333 1.910089e+07
114348.916667 1.674221e+07
115005.666667 1.434487e+07
115274.250000 1.428361e+07
115615.250000 1.433114e+07

61145.500000 1.354747e+07
95473.250000 1.445516e+07
109757.583333 1.457171e+07
113243.500000 1.638670e+07
115819.083333 1.460570e+07
116189.250000 1.715816e+07
116739.333333 1.471017e+07
116715.083333 1.450848e+07

61980.583333 1.340317e+07
96373.083333 1.408591e+07
110891.666667 1.440521e+07
114800.000000 1.484411e+07
117114.666667 1.473592e+07
117522.916667 1.575732e+07
117905.666667 1.470271e+07
118015.500000 1.680810e+07

62638.666667 1.367442e+07
97643.416667 1.466450e+07
112046.916667 1.476228e+07
116237.250000 1.491357e+07
118362.333333 1.541675e+07
118859.833333 1.513457e+07
119067.000000 1.711925e+07
119484.666667 1.667195e+07

63322.666667 1.481007e+07
98763.750000 1.550445e+07
113133.666667 1.472901e+07
117629.500000 1.524329e+07
119321.083333 1.536364e+07
120163.500000 1.587837e+07
120461.666667 1.607177e+07
120678.916667 1.516652e+07

64001.000000 1.418499e+07
99871.833333 1.532824e+07
114322.583333 1.552313e+07
119016.833333 1.528025e+07
120381.916667 1.614424e+07
121532.500000 1.603007e+07
121945.416667 1.735507e+07
121723.750000 1.543067e+07

64743.083333 1.467421e+07
100863.166667 1.540830e+07
115474.833333 1.626499e+07
120476.500000 1.656725e+07
121410.416667 1.619465e+07
122874.250000 1.643590e+07
123140.500000 2.036774e+07
123071.916667 1.641865e+07

65425.416667 1.518198e+07
102108.916667 1.659809e+07
116487.333333 1.592925e+07
121827.250000 1.684484e+07
122535.500000 1.589315e+07
124222.750000 2.102253e+07
124558.500000 1.639246e+07
124179.666667 5.159517e+07

66101.583333 1.537599e+07
103280.916667 1.547190e+07
117642.166667 1.635004e+07
123141.000000 1.603855e+07
123766.083333 1.963999e+07
125183.250000 1.616403e+07
125833.750000 1.624389e+07
125434.416667 1.665677e+07

66724.000000 1.503383e+07
104439.916667 1.594184e+07
118916.500000 1.595899e+07
124328.666667 1.703568e+07
125274.500000 1.645594e+07
126401.333333 1.790919e+07
127518.500000 1.697966e+07
126664.583333 1.847362e+07

67547.666667 1.591828e+07
105440.750000 1.589934e+07
119925.750000 1.676137e+07
125643.166667 1.777927e+07
126743.416667 1.938072e+07
127707.833333 1.661912e+07
128752.166667 4.541248e+07
128028.833333 1.757678e+07

68294.500000 1.679299e+07
106466.416667 1.722850e+07
121015.916667 1.671281e+07
126680.916667 1.709284e+07
128206.250000 1.713711e+07
128776.750000 5.525504e+07
129956.083333 1.676847e+07
129538.750000 1.654530e+07

