653.571429 7.896343e+04
1088.500000 9.161007e+04
1237.142857 9.042457e+04
1349.928571 9.741221e+04
1342.571429 7.570193e+04
1347.500000 8.344664e+04
1363.928571 5.522007e+04
1313.785714 5.387979e+04

1358.000000 1.289696e+05
2181.285714 1.388759e+05
2508.285714 1.291847e+05
2668.071429 1.314909e+05
2650.857143 1.057561e+05
2695.071429 1.052771e+05
2731.000000 1.134968e+05
2698.000000 1.123868e+05

2047.071429 5.447110e+06
3288.571429 2.996841e+05
3840.928571 2.291934e+05
3890.571429 3.055122e+05
3999.357143 2.701839e+05
4070.214286 1.016341e+06
4060.285714 2.438953e+05
4074.142857 2.266752e+05

2783.142857 2.777844e+05
4368.500000 4.382676e+05
5056.857143 3.495820e+05
5309.857143 5.514496e+05
5380.285714 2.936738e+05
5443.857143 3.420821e+05
5367.071429 4.055584e+05
5419.500000 3.111507e+05

3535.714286 3.816817e+05
5434.142857 3.994594e+05
6253.857143 4.479816e+05
6671.642857 3.828824e+05
6725.642857 5.368274e+05
6746.000000 3.840420e+05
6780.928571 6.091939e+05
6709.571429 4.171386e+05

4244.714286 5.029426e+05
6568.500000 5.531731e+05
7578.785714 4.241309e+05
7912.142857 4.335276e+05
8006.357143 6.960423e+05
8117.357143 4.333411e+05
8081.357143 6.513272e+05
8179.214286 4.359699e+05

4888.500000 5.016436e+05
7630.785714 4.780666e+05
9032.857143 5.130336e+05
9145.285714 4.448610e+05
9454.857143 6.711139e+05
9404.642857 5.673502e+05
9559.714286 6.016160e+05
9583.857143 6.091751e+05

5601.142857 7.212712e+05
8811.000000 7.126804e+05
10106.642857 6.685415e+05
10640.000000 6.603731e+05
10679.642857 6.931999e+05
10920.785714 5.913606e+05
10875.857143 7.570856e+05
10797.571429 6.143958e+05

6182.071429 6.814423e+05
10045.785714 7.547515e+05
11340.928571 8.750846e+05
12014.571429 7.701209e+05
12171.642857 1.095677e+06
12188.357143 7.847703e+05
12087.000000 7.777040e+05
12342.714286 9.181194e+05

7015.785714 7.010744e+05
10993.142857 6.839689e+05
12694.714286 8.585862e+05
13260.357143 8.578018e+05
13457.000000 9.896116e+05
13478.785714 7.816808e+05
13663.642857 1.926606e+06
13601.642857 8.117060e+05

7792.642857 8.757996e+05
11939.142857 1.076527e+06
14053.928571 8.770415e+05
14730.928571 2.418870e+06
14753.214286 9.992763e+05
14912.714286 1.077030e+06
14983.071429 1.063921e+06
14845.500000 9.252195e+05

8493.357143 1.085927e+06
13096.785714 3.591601e+06
15240.214286 8.675261e+05
16045.428571 9.262263e+05
16104.357143 1.042859e+06
16397.642857 1.076529e+06
16212.571429 1.099261e+06
16331.571429 8.659202e+05

9214.928571 1.214914e+06
14237.642857 3.680459e+06
16565.785714 1.178447e+06
17192.500000 1.107752e+06
17716.071429 1.128941e+06
17486.285714 1.070037e+06
17565.214286 1.468500e+06
17608.500000 1.238462e+06

9811.714286 9.486340e+05
15541.285714 1.000545e+06
17866.714286 1.442318e+06
18517.428571 1.451845e+06
18909.071429 1.276995e+06
18901.357143 1.139590e+06
19033.071429 2.675386e+06
18866.214286 1.073294e+06

10414.285714 1.173226e+06
16644.642857 1.369214e+06
19177.928571 1.290991e+06
19952.285714 1.483631e+06
20199.571429 1.404646e+06
20244.500000 1.442906e+06
20305.428571 1.346996e+06
20317.785714 1.238911e+06

11099.785714 1.315231e+06
17831.571429 2.363195e+06
20337.500000 1.347338e+06
21339.857143 5.692381e+06
21581.571429 1.509978e+06
21570.142857 1.496781e+06
21671.071429 1.524073e+06
21589.857143 1.599045e+06

11858.714286 1.460447e+06
18886.357143 1.823434e+06
21697.357143 1.629147e+06
22705.928571 5.623019e+06
22815.071429 1.686816e+06
22957.071429 1.436646e+06
23045.071429 1.926258e+06
23032.142857 1.783708e+06

12625.142857 1.320916e+06
19889.142857 3.479523e+06
23114.857143 1.775296e+06
23818.928571 1.718146e+06
24238.928571 1.821890e+06
24263.357143 1.565716e+06
24359.214286 2.127527e+06
24528.214286 1.814082e+06

13348.714286 1.631865e+06
21080.500000 1.822407e+06
24312.428571 2.039587e+06
25130.571429 1.961766e+06
25632.142857 2.006427e+06
25778.357143 1.753664e+06
25570.928571 1.747057e+06
25736.642857 1.735576e+06

14105.214286 1.841913e+06
22051.000000 1.802350e+06
25520.642857 2.313379e+06
26567.000000 2.107703e+06
26836.285714 4.261262e+06
27043.142857 2.162170e+06
27126.357143 1.818034e+06
27245.928571 2.205036e+06

14819.071429 1.599076e+06
23242.214286 1.833918e+06
26785.357143 1.828026e+06
27778.571429 2.211707e+06
28310.285714 1.986672e+06
28334.785714 2.805234e+06
28469.785714 2.413926e+06
28494.071429 5.683522e+06

15477.000000 1.911546e+06
24486.000000 2.047595e+06
28018.571429 2.840141e+06
29110.928571 2.647028e+06
29619.642857 2.273445e+06
29759.285714 2.014472e+06
29767.928571 1.877420e+06
29789.785714 2.477263e+06

16241.000000 5.725935e+06
25744.785714 2.248107e+06
29238.142857 3.095778e+06
30399.928571 2.218183e+06
30921.714286 1.994874e+06
30905.285714 2.539727e+06
31392.071429 2.025039e+06
31247.071429 2.484082e+06

16870.142857 1.886588e+06
26892.000000 2.738354e+06
30309.214286 2.219779e+06
31692.928571 2.837070e+06
32415.928571 2.668213e+06
32401.571429 3.275704e+06
32530.857143 2.345330e+06
32704.785714 3.545639e+06

17579.571429 2.364140e+06
27936.571429 2.371341e+06
31659.714286 3.096834e+06
33182.214286 2.553236e+06
33764.642857 1.078233e+07
33878.071429 3.237272e+06
33878.142857 3.054643e+06
33959.928571 3.386499e+06

18295.214286 3.864058e+06
28881.071429 2.904607e+06
33077.642857 3.358048e+06
34561.357143 3.304113e+06
35028.642857 2.727837e+06
35169.642857 3.303299e+06
35098.428571 2.451745e+06
35362.285714 3.499487e+06

19061.142857 2.819038e+06
30024.571429 2.625902e+06
34320.214286 9.085102e+06
35908.000000 3.580446e+06
36191.357143 3.238836e+06
36684.500000 3.056666e+06
36590.500000 2.565356e+06
36629.142857 3.191582e+06

19810.500000 2.973031e+06
31071.285714 2.744028e+06
35600.214286 2.668974e+06
37249.357143 2.478317e+06
37492.642857 3.140022e+06
38178.928571 2.969249e+06
37953.071429 3.161874e+06
38263.142857 2.476788e+06

20686.571429 3.016356e+06
32163.428571 2.540911e+06
36635.785714 3.037604e+06
38719.642857 3.258197e+06
38928.857143 5.834285e+06
39185.714286 2.787998e+06
39444.428571 2.628090e+06
39746.214286 3.717051e+06

21543.071429 3.610162e+06
32933.785714 3.440372e+06
38025.428571 5.581125e+06
40257.285714 2.944804e+06
40252.000000 2.736417e+06
40284.142857 3.727378e+06
40871.571429 2.982854e+06
41076.857143 2.898824e+06

22259.000000 2.362260e+06
34058.928571 2.765413e+06
39354.928571 3.249130e+06
41341.071429 2.949578e+06
41879.785714 3.748591e+06
41893.642857 3.315798e+06
42150.357143 3.578680e+06
42223.642857 3.278477e+06

22944.500000 3.240206e+06
35373.928571 3.315666e+06
40421.714286 4.204952e+06
42614.428571 3.772213e+06
43216.785714 4.304261e+06
43316.928571 3.336182e+06
43656.785714 3.323542e+06
43201.785714 3.737364e+06

23582.000000 5.054298e+06
36619.928571 3.480826e+06
41747.428571 5.938963e+06
43795.214286 3.051680e+06
44592.500000 3.126486e+06
44523.857143 4.466222e+06
45154.714286 3.852267e+06
44799.071429 3.378252e+06

24155.000000 3.451622e+06
37833.785714 3.634055e+06
43153.142857 3.851558e+06
45067.071429 3.177352e+06
45747.714286 4.182460e+06
46144.285714 3.861612e+06
46354.785714 3.601691e+06
46151.714286 3.744578e+06

24909.571429 3.372238e+06
38646.357143 3.828666e+06
44739.428571 3.623356e+06
46330.357143 4.062326e+06
47071.571429 3.738568e+06
47614.642857 4.529060e+06
47584.142857 3.439832e+06
47555.000000 6.118548e+06

25625.785714 4.186161e+06
39914.928571 3.805991e+06
45929.785714 5.630202e+06
47726.928571 4.671581e+06
48488.571429 4.314709e+06
48856.357143 4.517441e+06
48775.500000 3.944078e+06
49041.928571 4.798459e+06

26345.642857 4.048792e+06
41049.714286 3.551212e+06
47238.928571 3.975028e+06
49138.714286 3.901208e+06
49667.642857 5.013441e+06
50356.214286 4.163088e+06
50150.214286 8.622166e+06
50514.357143 4.835347e+06

27105.428571 1.357113e+07
42135.928571 4.040634e+06
48289.928571 1.701111e+07
50620.571429 3.834368e+06
50995.571429 3.943064e+06
51754.285714 6.687951e+06
51465.500000 5.649414e+06
51922.500000 4.295135e+06

27781.285714 3.986062e+06
43229.714286 4.368910e+06
49610.714286 5.097476e+06
51896.714286 4.183371e+06
52320.857143 5.626265e+06
53094.000000 4.066953e+06
52912.142857 5.187585e+06
53416.142857 4.231770e+06

28436.357143 5.681848e+06
44331.357143 5.813404e+06
51131.214286 5.674192e+06
52908.285714 4.673149e+06
53972.714286 6.166487e+06
54242.142857 4.251060e+06
54483.928571 4.734583e+06
54414.785714 5.107689e+06

29070.285714 3.863788e+06
45433.571429 5.303952e+06
52426.071429 4.860699e+06
54509.000000 5.765281e+06
55301.071429 5.159860e+06
55420.571429 6.832765e+06
55927.785714 5.059287e+06
55710.000000 5.492986e+06

29850.357143 3.863198e+06
46525.714286 4.192748e+06
53503.428571 4.838433e+06
56124.714286 4.611025e+06
56605.857143 6.266950e+06
56742.428571 5.081899e+06
57373.214286 6.136790e+06
56858.714286 4.886347e+06

30601.642857 5.034385e+06
47772.571429 4.604540e+06
54726.571429 5.848529e+06
57298.357143 5.033962e+06
57912.214286 2.229071e+07
58127.357143 5.688312e+06
58858.857143 5.522081e+06
58171.571429 5.858101e+06

31259.428571 4.598778e+06
49031.428571 4.636449e+06
55855.428571 6.120050e+06
58520.285714 5.314571e+06
59412.500000 6.121946e+06
59366.000000 5.305309e+06
60246.571429 5.221200e+06
59812.571429 6.565024e+06

31935.928571 1.075485e+07
50339.571429 6.169870e+06
57061.642857 8.266441e+06
59709.000000 5.090032e+06
60864.571429 5.337471e+06
61039.571429 6.299933e+06
61121.571429 5.715986e+06
61400.500000 6.344503e+06

32609.571429 4.928574e+06
51559.571429 5.107502e+06
58148.500000 6.911155e+06
61129.928571 5.782962e+06
62188.642857 1.235526e+07
62606.571429 5.737641e+06
62197.428571 5.789366e+06
62813.428571 6.111050e+06

33330.500000 6.350758e+06
52572.928571 5.853502e+06
59513.785714 9.439260e+06
62528.785714 5.706215e+06
63317.642857 5.875650e+06
64168.928571 6.516983e+06
63549.714286 5.900977e+06
64074.428571 7.293282e+06

34069.928571 5.628925e+06
53572.785714 5.504698e+06
60860.214286 6.337314e+06
63773.285714 6.040490e+06
64820.928571 7.753789e+06
65485.714286 6.398772e+06
64832.714286 9.464690e+06
65357.214286 8.689609e+06

34729.428571 5.530781e+06
54830.857143 5.910506e+06
62149.642857 6.255051e+06
65211.000000 6.270938e+06
65947.142857 7.682238e+06
66917.714286 7.028587e+06
66463.142857 7.757377e+06
66730.500000 6.608150e+06

35444.357143 6.629398e+06
55889.571429 6.240463e+06
63650.285714 6.968543e+06
66450.357143 6.551781e+06
67059.714286 8.085893e+06
68294.142857 6.581382e+06
68065.214286 6.738978e+06
67932.071429 8.673014e+06

36220.857143 5.794017e+06
56892.357143 8.076931e+06
64955.285714 6.813731e+06
67826.357143 7.338593e+06
68573.500000 6.842669e+06
69430.357143 8.753056e+06
69429.357143 7.145561e+06
69238.357143 6.674693e+06

36893.571429 5.945334e+06
58297.785714 6.837646e+06
65958.142857 6.703399e+06
69152.857143 8.059996e+06
70176.714286 7.248554e+06
70522.214286 9.552380e+06
70760.785714 8.522105e+06
70399.214286 8.231959e+06

37447.857143 6.602595e+06
59472.071429 7.156761e+06
67253.571429 7.656239e+06
70420.714286 7.253819e+06
71758.714286 1.116857e+07
71797.714286 7.295531e+06
71946.000000 7.332777e+06
71889.500000 8.060418e+06

38218.928571 1.852598e+07
60554.142857 9.134689e+06
68553.714286 8.833213e+06
71811.500000 7.855607e+06
73059.785714 7.628487e+06
72954.428571 9.619105e+06
73251.214286 8.764498e+06
73648.142857 8.798999e+06

38906.857143 6.560717e+06
61605.357143 7.030741e+06
69933.142857 7.808905e+06
72993.714286 8.022931e+06
74494.142857 9.811947e+06
74474.714286 8.141424e+06
74699.357143 9.079029e+06
74953.571429 7.647824e+06

39709.500000 7.398618e+06
62698.714286 8.219820e+06
71268.928571 7.855330e+06
74387.571429 2.899995e+07
76068.285714 8.915332e+06
75739.285714 9.237123e+06
76002.214286 8.827969e+06
76178.571429 8.140037e+06

40438.214286 7.285503e+06
63845.642857 9.148193e+06
72462.500000 8.253865e+06
75671.714286 9.100745e+06
77335.500000 8.573490e+06
77114.285714 8.498919e+06
77236.857143 9.782064e+06
77440.714286 8.112824e+06

41216.785714 7.358884e+06
64883.857143 9.906584e+06
73722.142857 8.576916e+06
76892.785714 1.077908e+07
78765.571429 8.697036e+06
78617.785714 8.624178e+06
78574.142857 9.132016e+06
79138.214286 8.297811e+06

42035.500000 7.554829e+06
65653.571429 1.018723e+07
75391.071429 8.927564e+06
78089.142857 3.086156e+07
79942.071429 9.217821e+06
80102.000000 9.141879e+06
80003.000000 1.054462e+07
80751.142857 1.004895e+07

42753.357143 8.411523e+06
66734.357143 1.032575e+07
76843.642857 9.032630e+06
79426.285714 1.087662e+07
81073.500000 9.135606e+06
81347.571429 9.060700e+06
81505.357143 1.164098e+07
81909.142857 9.576858e+06

43397.071429 8.657178e+06
67812.428571 1.082262e+07
78062.357143 9.384819e+06
81105.142857 1.352969e+07
82321.071429 1.052993e+07
82587.928571 9.908867e+06
83038.714286 9.394527e+06
82983.000000 9.160504e+06

44020.357143 9.406248e+06
69170.000000 1.040296e+07
79244.428571 9.362078e+06
82668.357143 1.699020e+07
83572.428571 1.002383e+07
83905.285714 9.578462e+06
84541.928571 9.862989e+06
84156.000000 9.476622e+06

44803.142857 8.577687e+06
70264.428571 1.040341e+07
80362.142857 9.872715e+06
84033.500000 2.529242e+07
84881.214286 1.008300e+07
85401.000000 1.005113e+07
85662.857143 1.045907e+07
85660.500000 1.006420e+07

45720.928571 9.023822e+06
71146.214286 1.070684e+07
81663.000000 1.021582e+07
85374.714286 1.261941e+07
86293.714286 9.954204e+06
86506.000000 1.002332e+07
87200.285714 1.066920e+07
86907.071429 9.742696e+06

46358.000000 9.397759e+06
72418.500000 1.081200e+07
82898.928571 1.030881e+07
86693.857143 2.167346e+07
87618.928571 1.054052e+07
87752.357143 1.059786e+07
88695.142857 1.061844e+07
87974.714286 1.050553e+07

47045.928571 9.240423e+06
73572.142857 1.200265e+07
84183.928571 1.022571e+07
88049.714286 2.582230e+07
88850.214286 1.107381e+07
89353.642857 1.109643e+07
89918.571429 1.148416e+07
89285.428571 1.089569e+07

47697.571429 9.806565e+06
74691.214286 1.245637e+07
85476.571429 1.143161e+07
89480.071429 1.386416e+07
90146.428571 1.093491e+07
90643.357143 1.102241e+07
91218.214286 1.292621e+07
90589.500000 1.162138e+07

48615.428571 1.043549e+07
75601.428571 1.128032e+07
86842.642857 1.095059e+07
90625.000000 1.324208e+07
91566.500000 1.152392e+07
92128.000000 1.106804e+07
92523.857143 1.188819e+07
92136.857143 1.152243e+07

49414.285714 1.057724e+07
76706.857143 1.492207e+07
87995.928571 1.122529e+07
92159.357143 3.765633e+07
92722.571429 1.129815e+07
93564.285714 1.130226e+07
93717.214286 1.281643e+07
93873.071429 1.198991e+07

50098.500000 1.042272e+07
77989.714286 1.310297e+07
88984.214286 1.152398e+07
93624.714286 1.636995e+07
94056.357143 1.241880e+07
95156.357143 1.247503e+07
94934.000000 1.179981e+07
95316.000000 1.171330e+07

50721.714286 1.128753e+07
79198.500000 1.287615e+07
90190.357143 1.186497e+07
95045.642857 1.536775e+07
95509.571429 1.226450e+07
96431.071429 1.215991e+07
96364.928571 1.228955e+07
96465.071429 1.188801e+07

51388.000000 1.168472e+07
80319.571429 1.178919e+07
91541.714286 1.205041e+07
96109.000000 1.638021e+07
97114.785714 1.283580e+07
97916.285714 1.280552e+07
97505.428571 1.445024e+07
98011.714286 1.274322e+07

52160.642857 1.135858e+07
81418.714286 1.429533e+07
92937.571429 1.223277e+07
97349.642857 3.846123e+07
98292.428571 1.293698e+07
99121.857143 1.270155e+07
98868.642857 1.304218e+07
99586.857143 1.275700e+07

52981.500000 1.116514e+07
82523.928571 1.235089e+07
94374.285714 1.203926e+07
98408.214286 1.559724e+07
99605.428571 1.268817e+07
100764.214286 1.249335e+07
100014.428571 1.250439e+07
100972.500000 1.237456e+07

53693.214286 1.203707e+07
83608.642857 1.656802e+07
95709.857143 1.559141e+07
99824.928571 1.666682e+07
100827.500000 1.603696e+07
102058.428571 1.521341e+07
101481.000000 1.303008e+07
102208.000000 1.321181e+07

54474.357143 1.404985e+07
84706.500000 1.284176e+07
97049.357143 1.262134e+07
100967.214286 1.471051e+07
102155.857143 1.284999e+07
103314.571429 1.290210e+07
103313.500000 1.263342e+07
103255.357143 1.251140e+07

55195.428571 1.204063e+07
85758.428571 1.502970e+07
98436.571429 1.330558e+07
102329.642857 1.503309e+07
103375.285714 1.309181e+07
104708.214286 1.324988e+07
104623.214286 1.345609e+07
104626.000000 1.322732e+07

55738.071429 1.233868e+07
86991.571429 1.525316e+07
99760.000000 1.323760e+07
103471.857143 1.542286e+07
104985.928571 1.328934e+07
105812.285714 1.341643e+07
105996.714286 1.514765e+07
105923.357143 1.368968e+07

56408.928571 1.263317e+07
88365.428571 1.617969e+07
100912.142857 1.344497e+07
104672.642857 4.005300e+07
106737.214286 1.427067e+07
106990.071429 1.408322e+07
107228.000000 1.396651e+07
107428.357143 1.369496e+07

57117.214286 1.280669e+07
89451.428571 1.554953e+07
102225.285714 1.377562e+07
105945.071429 1.875730e+07
108043.214286 1.429818e+07
108518.785714 1.427208e+07
108516.000000 1.457356e+07
109118.928571 1.417294e+07

57910.142857 1.326107e+07
90506.571429 1.697505e+07
103565.142857 1.416723e+07
107319.428571 4.062344e+07
109249.500000 1.468843e+07
109780.571429 1.516131e+07
110282.857143 1.457658e+07
110284.714286 1.469190e+07

58672.071429 1.339551e+07
91596.642857 1.478018e+07
104771.285714 1.403927e+07
108637.285714 1.705442e+07
110625.785714 1.450691e+07
110728.214286 1.439940e+07
111944.214286 1.459704e+07
111615.000000 1.507122e+07

59301.714286 1.358191e+07
92854.428571 1.853359e+07
106126.642857 1.428472e+07
109922.500000 5.380419e+07
112104.285714 1.570848e+07
111922.928571 1.502206e+07
113158.500000 1.467078e+07
113249.571429 1.447264e+07

60037.357143 1.380590e+07
93922.214286 1.720958e+07
107318.571429 1.479047e+07
111384.571429 1.885322e+07
113565.428571 1.487047e+07
113354.142857 1.472106e+07
114333.642857 1.566419e+07
114769.928571 1.569437e+07

60694.785714 1.417161e+07
95084.142857 1.688641e+07
108530.571429 1.538299e+07
112693.000000 1.617365e+07
114721.357143 1.536853e+07
114798.642857 1.568907e+07
115518.428571 1.524354e+07
115989.428571 1.528413e+07

61400.500000 1.405181e+07
96089.214286 1.896970e+07
110045.142857 1.539389e+07
113788.285714 1.750260e+07
116346.500000 1.545927e+07
116528.285714 1.545503e+07
116750.000000 1.527005e+07
117279.714286 1.518021e+07

62059.928571 1.436218e+07
97141.142857 1.633984e+07
111456.571429 1.559259e+07
115192.714286 1.720160e+07
117440.785714 1.643819e+07
118184.714286 1.558241e+07
117868.142857 1.612072e+07
118821.928571 1.597328e+07

62786.071429 1.421706e+07
98146.142857 1.866260e+07
112627.642857 1.531260e+07
116772.000000 1.804545e+07
118635.357143 1.734622e+07
119563.142857 1.648368e+07
119187.571429 1.672798e+07
120410.857143 1.628574e+07

63520.214286 1.492911e+07
99213.714286 1.725633e+07
114039.571429 1.585285e+07
117868.285714 3.899134e+07
120085.000000 1.611380e+07
120845.571429 1.636675e+07
120995.571429 1.638286e+07
121577.571429 1.636774e+07

64313.071429 1.525268e+07
100352.285714 2.073573e+07
115316.357143 1.619396e+07
119064.071429 2.241154e+07
121752.214286 1.659664e+07
122136.142857 1.672301e+07
122560.571429 1.637842e+07
122608.428571 1.620568e+07

65148.071429 1.545023e+07
101293.214286 2.300306e+07
116496.571429 1.621831e+07
120515.357143 1.878393e+07
123116.142857 1.764069e+07
123441.857143 1.642939e+07
123827.928571 1.725706e+07
124008.500000 1.692814e+07

65967.000000 1.544367e+07
102475.571429 2.048279e+07
117438.000000 1.714874e+07
122038.000000 2.770312e+07
124331.142857 1.767124e+07
124804.214286 1.706231e+07
125137.500000 1.704474e+07
125405.214286 1.776720e+07

66515.071429 1.548526e+07
103815.071429 1.828404e+07
118722.785714 1.665412e+07
123453.500000 1.845005e+07
125259.785714 1.689356e+07
126500.500000 1.713887e+07
126486.285714 1.807794e+07
126782.928571 1.690462e+07

67173.500000 1.583003e+07
104954.928571 1.809752e+07
119917.571429 1.679077e+07
124853.857143 1.883084e+07
126524.714286 1.740285e+07
127665.857143 1.746911e+07
128005.142857 1.775052e+07
128050.500000 1.716252e+07

68017.714286 1.602698e+07
106010.000000 1.885670e+07
121208.000000 1.711179e+07
126418.571429 4.579388e+07
127710.571429 1.762999e+07
129041.000000 1.756021e+07
129350.642857 1.975175e+07
129377.785714 1.928865e+07

68787.142857 1.648537e+07
107267.928571 2.014932e+07
122352.857143 1.749641e+07
127764.714286 2.177304e+07
128848.000000 1.776001e+07
130422.714286 1.788068e+07
130750.928571 1.803075e+07
130595.000000 1.761797e+07

69441.142857 1.695928e+07
108574.928571 1.913420e+07
123538.214286 1.750888e+07
129338.428571 5.355873e+07
130186.714286 1.847287e+07
131652.428571 1.868745e+07
132397.500000 1.971637e+07
131842.714286 1.836400e+07

70150.000000 1.678670e+07
109781.142857 1.834285e+07
124687.428571 1.751826e+07
130522.857143 2.128164e+07
131672.214286 1.789805e+07
132874.500000 5.796359e+07
133859.071429 1.853017e+07
133117.071429 1.785229e+07

71066.357143 1.658973e+07
110820.571429 1.823605e+07
125800.500000 1.825702e+07
131946.142857 1.854672e+07
133102.642857 1.832835e+07
134137.714286 2.048314e+07
135382.857143 1.820451e+07
134683.214286 1.878328e+07

71816.071429 1.760666e+07
111876.357143 1.784521e+07
127136.000000 1.806065e+07
133223.214286 1.879623e+07
134705.000000 1.867093e+07
135338.571429 2.430153e+07
136559.142857 1.850997e+07
136026.928571 4.038087e+07

