672.600000 7.194640e+04
1134.400000 7.530313e+04
1294.200000 7.583600e+04
1410.600000 7.176933e+04
1384.333333 7.530687e+04
1413.666667 7.112667e+04
1392.800000 6.437153e+04
1364.066667 5.663640e+04

1405.066667 1.293045e+05
2262.266667 1.664776e+05
2601.866667 1.296419e+05
2779.000000 1.232459e+05
2768.000000 1.142569e+05
2790.133333 1.143277e+05
2818.066667 1.097870e+05
2770.133333 1.456041e+05

2128.400000 1.925903e+05
3392.533333 2.028275e+05
3970.733333 1.879431e+05
4049.666667 1.857377e+05
4098.866667 1.987865e+05
4217.400000 1.957169e+05
4203.466667 2.177838e+05
4220.733333 2.333084e+05

2884.600000 2.643600e+05
4515.733333 2.646413e+05
5197.400000 2.902602e+05
5496.733333 3.052168e+05
5531.600000 3.541904e+06
5618.066667 6.145568e+05
5550.666667 1.561581e+06
5577.666667 4.105319e+05

3653.266667 3.819771e+05
5624.466667 4.746030e+05
6478.733333 4.005665e+05
6889.933333 6.776375e+05
6937.200000 4.132217e+05
6999.866667 3.988719e+05
7016.266667 4.715875e+05
6911.066667 4.461245e+05

4361.600000 5.145679e+05
6810.133333 4.551114e+05
7806.666667 4.844333e+05
8179.000000 4.033983e+05
8299.733333 6.388205e+05
8398.200000 4.317018e+05
8358.066667 4.327863e+05
8409.466667 7.199227e+05

5038.066667 5.886693e+05
7889.200000 6.230890e+05
9384.800000 5.390171e+05
9477.866667 5.893920e+05
9707.800000 7.276173e+05
9719.066667 5.788893e+05
9855.133333 2.149149e+06
9925.600000 5.955183e+05

5784.933333 7.138875e+05
9088.733333 9.043617e+05
10438.800000 7.925323e+05
11007.533333 7.472285e+05
11043.933333 9.685351e+05
11266.200000 7.019021e+05
11292.666667 7.679592e+05
11114.066667 6.269771e+05

6411.800000 8.370574e+05
10358.666667 8.326671e+05
11695.933333 9.104377e+05
12400.866667 8.120181e+05
12579.800000 9.130031e+05
12612.200000 8.006313e+05
12477.600000 7.814937e+05
12761.133333 8.446671e+05

7244.466667 9.156186e+05
11316.466667 3.050815e+06
13121.600000 9.896433e+05
13694.733333 8.897283e+05
13925.200000 9.306998e+05
13935.266667 6.980129e+05
14110.000000 1.061132e+06
14054.600000 8.278966e+05

8051.000000 9.697237e+05
12285.666667 9.331255e+05
14515.733333 1.191847e+06
15229.666667 9.845853e+05
15215.133333 3.374640e+06
15470.733333 9.543025e+05
15504.266667 9.043195e+05
15364.066667 1.205347e+06

8786.066667 1.127786e+06
13491.733333 1.355755e+06
15764.066667 1.028832e+06
16548.066667 3.982775e+06
16661.533333 1.245291e+06
16891.866667 1.155376e+06
16730.066667 9.802595e+05
16910.933333 9.662678e+05

9515.866667 9.843562e+05
14721.733333 1.555948e+06
17152.466667 1.186440e+06
17777.133333 4.555339e+06
18252.866667 1.370042e+06
18146.400000 1.262071e+06
18184.866667 1.338215e+06
18201.066667 1.227720e+06

10127.666667 1.210087e+06
16028.800000 1.586762e+06
18481.933333 1.207158e+06
19112.466667 5.056240e+06
19546.733333 1.256094e+06
19514.733333 1.320694e+06
19632.733333 1.393102e+06
19451.000000 1.203963e+06

10730.866667 1.347250e+06
17206.200000 1.413823e+06
19851.666667 1.335191e+06
20602.800000 1.350912e+06
20755.733333 1.522185e+06
21008.333333 1.439358e+06
20979.466667 1.514036e+06
20983.333333 1.438766e+06

11464.733333 1.362141e+06
18383.466667 1.751171e+06
20984.600000 1.572759e+06
22053.000000 2.101854e+06
22294.666667 1.664661e+06
22284.533333 1.671581e+06
22388.733333 1.634626e+06
22256.066667 1.596500e+06

12217.666667 1.423891e+06
19492.733333 2.219742e+06
22425.000000 1.653066e+06
23432.200000 6.328869e+06
23494.600000 1.689137e+06
23783.933333 1.542417e+06
23745.533333 1.748816e+06
23763.866667 1.807039e+06

13053.466667 1.596459e+06
20500.200000 2.050674e+06
23868.133333 1.837752e+06
24564.933333 1.564393e+06
25059.733333 1.737013e+06
25077.733333 1.798679e+06
25105.133333 2.098231e+06
25317.600000 1.547146e+06

13771.266667 1.556565e+06
21786.600000 1.566289e+06
25117.133333 2.112797e+06
25948.200000 2.009742e+06
26509.600000 2.328481e+06
26665.400000 1.983757e+06
26345.333333 2.027304e+06
26625.333333 2.021332e+06

14585.600000 1.794103e+06
22786.933333 2.607795e+06
26362.333333 2.133575e+06
27451.600000 5.336830e+06
27757.466667 1.992692e+06
27947.000000 1.942051e+06
27942.933333 2.667875e+06
28157.800000 2.234683e+06

15295.800000 2.199558e+06
24004.666667 2.069799e+06
27623.266667 2.341401e+06
28695.066667 2.003624e+06
29226.266667 2.559971e+06
29232.800000 2.043913e+06
29335.666667 7.149271e+06
29364.400000 2.219673e+06

15998.866667 2.112951e+06
25256.933333 2.475563e+06
28906.266667 2.123600e+06
30109.266667 2.364397e+06
30635.400000 1.929773e+06
30640.600000 2.532413e+06
30772.866667 2.304323e+06
30722.533333 5.853702e+06

16768.000000 2.761454e+06
26548.200000 2.640855e+06
30180.933333 3.080971e+06
31417.600000 2.776277e+06
32034.066667 2.731967e+06
31939.733333 2.373532e+06
32349.866667 2.133978e+06
32191.933333 2.736938e+06

17396.266667 2.163001e+06
27827.066667 3.111639e+06
31316.333333 2.628095e+06
32729.600000 2.849020e+06
33568.400000 2.412032e+06
33407.533333 7.020166e+06
33596.866667 2.424173e+06
33710.133333 2.147064e+06

18160.000000 1.765581e+06
28831.866667 2.422426e+06
32680.200000 2.395563e+06
34324.000000 2.858643e+06
34840.733333 2.578955e+06
34921.133333 1.138725e+07
34934.600000 2.784591e+06
35022.466667 2.082530e+06

18866.733333 2.363021e+06
29876.333333 3.333105e+06
34138.733333 2.396537e+06
35737.000000 2.873228e+06
36090.466667 2.958887e+06
36354.733333 2.362864e+06
36258.000000 3.183847e+06
36477.333333 2.808931e+06

19678.600000 2.370123e+06
30963.400000 2.735086e+06
35318.733333 2.633357e+06
37188.733333 3.297506e+06
37355.733333 2.856129e+06
37930.133333 2.501096e+06
37712.866667 3.351260e+06
37715.933333 2.771446e+06

20432.800000 2.618455e+06
32086.866667 3.045103e+06
36744.800000 2.780773e+06
38453.200000 8.530906e+06
38683.800000 3.485863e+06
39381.000000 3.154916e+06
39131.933333 3.268833e+06
39468.000000 2.663235e+06

21357.466667 2.356412e+06
33181.866667 3.313391e+06
37910.133333 3.019127e+06
39963.266667 4.062195e+06
40125.266667 3.417733e+06
40518.533333 2.911711e+06
40658.866667 3.394319e+06
40947.733333 3.654039e+06

22212.400000 3.356979e+06
34076.333333 4.241609e+06
39311.066667 4.077932e+06
41535.666667 4.401035e+06
41504.000000 3.060416e+06
41566.800000 3.173339e+06
42189.733333 3.090992e+06
42291.200000 2.986380e+06

22960.200000 3.100023e+06
35154.533333 4.048501e+06
40646.866667 3.648393e+06
42689.466667 1.502159e+07
43230.400000 3.269285e+06
43227.000000 3.059312e+06
43465.133333 4.134483e+06
43552.466667 3.561056e+06

23654.600000 3.509736e+06
36540.933333 4.016793e+06
41684.000000 3.459984e+06
44029.533333 7.738001e+06
44776.800000 4.340762e+06
44562.066667 3.213811e+06
45091.800000 3.330763e+06
44617.466667 2.973854e+06

24365.600000 2.856415e+06
37788.733333 5.654703e+06
43137.066667 3.546681e+06
45145.933333 1.051131e+07
46019.466667 4.037769e+06
45934.066667 3.927208e+06
46576.933333 4.098349e+06
46204.066667 3.235356e+06

24899.266667 3.190782e+06
39058.733333 7.454323e+06
44512.800000 3.947945e+06
46484.666667 1.173438e+07
47263.066667 3.517407e+06
47590.133333 3.426207e+06
47829.333333 4.094532e+06
47605.933333 3.394451e+06

25693.666667 3.331860e+06
39986.066667 4.024591e+06
46187.733333 4.011003e+06
47823.533333 4.153899e+06
48619.666667 4.012758e+06
49137.000000 4.021481e+06
49036.933333 4.240870e+06
49080.133333 3.548886e+06

26416.533333 4.862733e+06
41197.666667 5.845348e+06
47496.200000 5.251419e+06
49347.666667 1.833725e+07
49937.866667 4.346098e+06
50423.466667 4.003729e+06
50302.200000 5.689791e+06
50625.666667 4.666522e+06

27226.133333 3.952713e+06
42301.200000 4.735064e+06
48733.466667 3.945077e+06
50775.400000 8.244512e+06
51287.533333 5.107717e+06
51839.933333 5.013834e+06
51783.866667 4.443806e+06
52139.800000 4.171227e+06

28040.333333 6.015245e+06
43403.933333 6.021272e+06
49907.600000 5.382944e+06
52293.866667 1.928924e+07
52604.533333 4.945242e+06
53496.200000 4.448075e+06
53060.333333 7.042899e+06
53480.600000 6.256373e+06

28706.600000 4.065938e+06
44595.666667 4.694635e+06
51260.666667 4.365525e+06
53558.133333 5.749680e+06
54026.200000 5.048384e+06
54806.000000 4.724691e+06
54579.000000 5.893417e+06
55085.000000 4.530774e+06

29340.666667 5.039886e+06
45684.666667 5.337863e+06
52813.000000 4.769672e+06
54704.066667 2.064535e+07
55694.466667 5.299658e+06
55943.600000 5.089950e+06
56221.600000 5.683603e+06
56087.333333 4.715696e+06

30038.266667 4.183749e+06
46881.800000 5.424973e+06
54079.266667 5.088265e+06
56232.266667 8.931018e+06
57100.600000 4.972795e+06
57216.533333 5.055599e+06
57781.200000 6.201051e+06
57435.333333 4.918465e+06

30817.333333 4.736854e+06
48048.666667 6.064916e+06
55170.000000 4.842515e+06
57848.600000 1.362017e+07
58419.866667 5.411525e+06
58508.600000 5.416546e+06
59208.600000 5.695721e+06
58715.466667 4.911337e+06

31585.200000 5.462308e+06
49293.066667 6.332203e+06
56527.600000 5.824346e+06
59152.933333 1.993716e+07
59769.200000 5.778301e+06
59980.666667 5.921984e+06
60649.733333 5.473718e+06
60106.466667 5.317541e+06

32232.800000 6.526673e+06
50640.533333 6.420650e+06
57731.466667 6.306321e+06
60400.666667 8.881216e+06
61318.333333 5.595124e+06
61244.933333 5.600011e+06
62155.200000 6.897025e+06
61778.400000 5.979934e+06

32934.600000 5.195859e+06
52011.666667 6.707148e+06
59005.133333 6.558509e+06
61645.133333 8.035671e+06
62708.266667 6.454269e+06
62991.600000 6.043170e+06
63146.733333 7.239049e+06
63356.933333 6.019413e+06

33687.133333 5.320518e+06
53205.533333 6.876161e+06
60053.200000 6.153107e+06
63134.066667 1.738152e+07
64182.066667 7.897051e+06
64623.333333 7.697119e+06
64274.200000 6.724855e+06
64721.933333 6.299441e+06

34432.333333 5.482147e+06
54145.133333 7.372520e+06
61610.266667 6.544006e+06
64424.533333 1.784789e+07
65413.200000 6.695232e+06
66178.733333 6.418663e+06
65651.733333 6.467256e+06
66147.800000 6.186939e+06

35142.333333 5.580680e+06
55358.866667 7.739612e+06
62872.533333 6.410909e+06
65856.800000 8.003832e+06
66883.533333 6.840507e+06
67641.466667 6.732542e+06
66817.133333 7.260345e+06
67484.066667 6.426960e+06

35872.933333 6.323488e+06
56618.600000 7.245385e+06
64185.866667 7.173233e+06
67295.533333 2.376774e+07
68091.133333 6.856608e+06
69046.000000 6.894005e+06
68568.266667 9.697721e+06
68849.266667 9.270905e+06

36638.466667 6.352734e+06
57618.933333 7.608850e+06
65726.533333 7.107127e+06
68591.066667 2.564114e+07
69212.200000 7.504423e+06
70398.733333 7.320822e+06
70221.533333 7.575274e+06
70030.733333 7.834648e+06

37369.200000 6.774898e+06
58749.000000 8.092081e+06
67108.400000 7.278106e+06
69955.066667 2.827790e+07
70738.533333 7.431790e+06
71620.533333 7.642529e+06
71638.133333 9.332806e+06
71585.400000 7.800169e+06

38034.933333 7.072542e+06
60144.800000 8.894860e+06
68210.466667 7.306043e+06
71348.866667 8.876663e+06
72462.800000 7.867004e+06
72753.866667 7.674984e+06
73105.266667 7.619529e+06
72646.533333 7.287887e+06

38663.800000 7.626857e+06
61434.933333 1.026275e+07
69385.600000 7.489414e+06
72699.933333 2.962137e+07
74030.666667 7.780590e+06
74087.066667 7.780403e+06
74197.400000 8.769514e+06
74375.066667 8.057510e+06

39449.066667 7.046238e+06
62453.133333 9.897017e+06
70803.466667 8.450855e+06
74148.066667 9.219808e+06
75324.466667 8.279058e+06
75373.000000 8.193814e+06
75663.000000 9.273554e+06
75847.000000 8.433737e+06

40158.000000 7.850580e+06
63616.133333 9.183470e+06
72258.400000 7.864930e+06
75436.466667 3.025404e+07
76823.533333 9.010680e+06
76720.266667 8.274432e+06
77121.200000 1.060095e+07
77322.800000 8.678411e+06

40952.266667 8.403963e+06
64783.066667 9.555010e+06
73538.200000 8.468430e+06
76652.466667 1.661104e+07
78553.733333 9.775090e+06
78056.333333 9.142288e+06
78464.666667 9.610413e+06
78598.333333 9.377482e+06

41713.933333 8.615380e+06
65892.533333 9.213618e+06
74782.400000 8.761689e+06
78116.933333 3.055963e+07
79815.733333 9.262319e+06
79634.000000 8.807416e+06
79745.733333 9.406850e+06
79859.533333 8.725319e+06

42647.066667 9.522641e+06
66854.733333 1.000545e+07
76167.533333 9.302165e+06
79254.866667 3.402280e+07
81311.466667 9.520417e+06
81193.866667 9.205892e+06
81245.666667 9.636279e+06
81584.400000 9.125215e+06

43354.600000 9.115745e+06
67832.000000 1.016180e+07
77788.066667 9.285845e+06
80587.066667 1.869159e+07
82415.933333 1.048276e+07
82608.200000 9.670904e+06
82548.066667 1.005169e+07
83249.466667 9.280215e+06

44073.333333 9.955708e+06
68914.400000 1.019020e+07
79296.533333 9.494393e+06
81941.466667 2.376631e+07
83908.600000 1.037307e+07
83965.266667 1.000189e+07
84045.333333 1.034136e+07
84629.800000 9.824625e+06

44771.266667 8.950750e+06
70072.000000 1.148518e+07
80510.333333 9.739869e+06
83768.400000 3.413189e+07
84847.133333 1.035307e+07
85380.333333 1.037807e+07
85714.600000 1.052926e+07
85772.333333 9.887026e+06

45413.533333 9.243567e+06
71397.933333 1.109084e+07
81716.533333 1.006205e+07
85269.866667 2.046355e+07
86227.200000 1.058598e+07
86712.533333 1.018096e+07
87267.133333 1.180244e+07
86741.200000 9.960069e+06

46262.266667 1.042431e+07
72453.400000 1.139216e+07
83074.933333 1.006288e+07
86709.666667 3.517369e+07
87574.400000 1.054976e+07
88182.133333 1.046882e+07
88337.933333 1.225004e+07
88299.200000 1.106286e+07

47127.733333 1.023883e+07
73509.266667 1.281036e+07
84303.000000 1.058243e+07
88101.200000 2.561436e+07
89055.866667 1.129350e+07
89273.866667 1.053071e+07
89886.466667 1.159646e+07
89785.666667 1.102401e+07

47836.600000 1.017411e+07
74733.533333 1.371172e+07
85655.733333 1.085781e+07
89450.400000 3.620776e+07
90362.066667 1.070332e+07
90705.133333 1.071747e+07
91458.133333 1.315053e+07
90702.333333 1.234064e+07

48545.133333 1.081715e+07
75938.133333 1.367982e+07
86845.533333 1.112546e+07
90878.266667 3.655438e+07
91676.266667 1.181050e+07
92167.866667 1.177823e+07
92865.800000 1.140013e+07
92052.666667 1.099947e+07

49169.200000 1.371968e+07
77145.133333 1.238206e+07
88381.466667 1.169259e+07
92226.733333 2.769205e+07
93050.133333 1.198305e+07
93549.466667 1.189446e+07
94081.000000 1.347746e+07
93590.333333 1.181506e+07

50167.666667 1.080350e+07
78073.600000 1.295460e+07
89678.466667 1.189928e+07
93605.866667 2.428115e+07
94524.933333 1.182714e+07
95124.400000 1.180094e+07
95307.733333 1.321406e+07
95154.466667 1.210463e+07

51020.600000 1.123786e+07
79128.066667 1.308634e+07
90832.133333 1.194116e+07
95124.933333 3.350709e+07
95723.000000 1.288458e+07
96612.600000 1.387931e+07
96571.400000 1.247677e+07
96879.533333 1.246582e+07

51705.333333 1.063776e+07
80386.000000 1.334127e+07
91834.200000 1.254688e+07
96618.400000 1.329105e+07
97246.400000 1.239040e+07
98135.800000 2.562183e+07
98028.933333 1.715280e+07
98282.400000 1.396627e+07

52350.800000 1.181801e+07
81708.800000 1.296076e+07
93072.466667 1.200163e+07
97852.000000 1.496095e+07
98609.600000 1.219467e+07
99601.466667 1.807047e+07
99425.733333 1.428579e+07
99521.400000 1.295766e+07

53076.800000 1.180651e+07
82788.733333 1.373348e+07
94572.733333 1.263033e+07
99144.000000 1.576987e+07
100133.133333 1.263365e+07
101008.733333 3.786759e+07
100545.133333 1.286480e+07
101179.066667 1.341591e+07

53822.333333 1.269290e+07
83983.866667 1.317182e+07
95944.866667 1.270959e+07
100450.866667 1.522986e+07
101454.133333 1.289136e+07
102434.266667 1.467471e+07
101949.466667 1.293652e+07
102757.333333 1.293853e+07

54647.066667 1.283764e+07
85137.533333 1.310382e+07
97377.466667 1.317466e+07
101578.600000 1.420294e+07
102798.533333 1.342539e+07
104031.066667 1.376892e+07
103095.866667 1.312408e+07
104337.400000 1.327545e+07

55449.666667 1.237375e+07
86282.400000 1.335458e+07
98881.133333 1.305299e+07
102906.600000 1.392401e+07
103985.000000 1.352185e+07
105327.466667 1.655089e+07
104660.533333 1.406800e+07
105439.200000 1.368531e+07

56233.266667 1.285513e+07
87391.400000 1.359311e+07
100100.400000 1.321712e+07
104248.733333 1.388964e+07
105512.266667 1.341621e+07
106567.466667 1.612041e+07
106454.733333 1.375629e+07
106644.200000 4.497969e+07

56905.933333 1.464051e+07
88566.200000 1.334995e+07
101604.800000 4.165149e+07
105512.800000 1.657448e+07
106830.600000 1.489161e+07
107936.200000 1.469571e+07
108031.133333 1.433240e+07
108101.133333 1.389125e+07

57522.400000 1.277217e+07
89840.666667 1.350469e+07
102896.266667 1.453041e+07
106722.800000 1.418955e+07
108527.133333 1.444502e+07
109153.866667 1.441370e+07
109335.066667 1.721240e+07
109555.866667 1.421137e+07

58182.400000 1.434072e+07
91157.066667 1.391310e+07
104178.200000 1.654003e+07
108058.666667 1.423213e+07
110236.800000 2.048883e+07
110409.933333 1.403004e+07
110693.333333 1.421919e+07
111035.266667 1.544201e+07

58928.000000 1.350125e+07
92298.200000 1.797641e+07
105629.666667 1.484684e+07
109256.133333 1.444982e+07
111589.666667 1.392170e+07
111891.866667 1.660493e+07
111964.533333 1.467099e+07
112631.400000 1.889663e+07

59720.600000 3.278001e+07
93480.066667 1.416385e+07
106876.133333 4.142457e+07
110686.933333 1.477605e+07
112897.133333 1.501607e+07
113274.533333 1.544686e+07
113841.000000 1.489272e+07
113950.333333 1.525492e+07

60541.266667 1.331874e+07
94547.066667 1.402840e+07
108181.200000 1.519046e+07
112124.933333 1.529138e+07
114220.600000 1.568898e+07
114300.866667 1.537783e+07
115403.533333 1.588104e+07
115276.333333 1.494244e+07

61216.466667 1.384475e+07
95769.333333 1.603075e+07
109498.400000 1.541122e+07
113429.400000 1.496909e+07
115680.733333 1.509947e+07
115532.533333 1.507363e+07
116802.866667 1.567434e+07
116935.400000 1.508251e+07

61964.800000 1.408638e+07
96887.600000 1.524524e+07
110796.266667 1.523746e+07
114987.333333 1.505115e+07
117166.266667 1.727925e+07
116903.200000 1.559421e+07
118045.933333 1.807821e+07
118390.866667 1.511129e+07

62608.866667 1.711399e+07
98193.866667 1.539164e+07
112000.266667 4.857513e+07
116372.333333 1.583953e+07
118467.200000 1.550912e+07
118568.066667 1.697272e+07
119238.266667 1.628216e+07
119849.133333 1.626799e+07

63325.066667 1.467195e+07
99203.866667 1.508229e+07
113587.266667 1.548923e+07
117476.533333 1.554095e+07
119988.200000 1.925750e+07
120355.866667 1.608435e+07
120379.533333 4.989432e+07
121209.000000 1.567560e+07

64069.466667 3.614922e+07
100213.266667 1.622994e+07
114921.266667 1.759295e+07
118986.466667 1.652707e+07
121227.266667 1.690733e+07
121956.466667 1.953544e+07
121648.200000 1.827650e+07
122630.333333 1.697956e+07

64755.266667 1.465738e+07
101301.133333 1.543295e+07
116296.600000 1.678302e+07
120523.933333 1.650497e+07
122380.466667 1.983517e+07
123387.600000 1.723120e+07
123213.800000 1.922321e+07
124139.066667 1.651783e+07

65515.466667 1.510586e+07
102435.466667 1.587467e+07
117693.533333 1.708948e+07
121506.266667 1.682031e+07
124026.600000 1.701480e+07
124813.133333 1.649524e+07
124842.533333 1.825120e+07
125605.133333 1.683928e+07

66281.466667 1.720353e+07
103553.466667 1.669002e+07
118901.600000 5.185563e+07
122875.933333 1.696752e+07
125580.866667 1.700037e+07
125985.066667 1.752400e+07
126660.733333 1.750152e+07
126489.800000 1.794975e+07

67209.533333 1.595836e+07
104582.133333 2.068621e+07
120302.866667 1.781383e+07
124452.066667 5.207608e+07
127067.933333 1.663648e+07
127321.000000 1.692131e+07
127919.600000 1.900750e+07
127986.800000 1.765975e+07

67970.466667 1.610588e+07
105830.400000 1.773430e+07
121266.800000 1.657208e+07
125989.866667 2.180434e+07
128302.333333 1.831139e+07
128900.000000 1.787176e+07
129254.533333 1.761309e+07
129574.333333 1.815487e+07

68645.933333 1.619849e+07
107184.266667 1.893933e+07
122504.466667 1.819552e+07
127450.400000 1.944412e+07
129448.533333 1.766703e+07
130235.933333 1.747273e+07
130681.666667 1.808819e+07
131077.400000 1.784329e+07

69324.800000 1.673236e+07
108347.133333 2.131398e+07
123892.866667 1.780700e+07
128895.200000 3.814939e+07
130543.266667 1.795250e+07
131854.466667 1.793924e+07
132168.800000 1.896208e+07
132259.333333 1.796418e+07

70166.600000 1.694012e+07
109448.866667 2.036003e+07
125017.333333 1.851954e+07
130465.266667 2.732292e+07
131721.400000 1.899935e+07
133232.333333 1.855160e+07
133610.600000 1.867573e+07
133615.866667 1.804475e+07

70985.333333 1.764775e+07
110623.066667 2.147318e+07
126298.666667 1.810101e+07
131909.000000 4.672267e+07
132942.733333 1.965966e+07
134580.200000 1.849185e+07
135114.933333 1.935909e+07
134860.933333 1.871994e+07

71700.266667 1.771874e+07
111988.266667 2.043174e+07
127518.933333 1.826443e+07
133441.600000 5.889095e+07
134453.866667 1.826616e+07
135778.866667 1.828071e+07
136748.200000 1.910276e+07
136100.000000 1.836773e+07

72398.333333 1.810752e+07
113344.466667 1.988733e+07
128651.133333 1.835038e+07
134776.066667 4.607588e+07
135865.266667 1.950652e+07
137028.800000 1.866623e+07
138289.933333 1.919505e+07
137450.400000 1.873571e+07

73251.333333 1.744912e+07
114294.466667 1.906025e+07
129880.400000 1.877187e+07
136192.400000 6.410756e+07
137357.000000 1.932469e+07
138379.800000 1.953865e+07
139800.733333 1.973723e+07
138928.533333 1.943824e+07

74094.733333 1.780668e+07
115450.666667 2.052497e+07
131194.333333 1.891435e+07
137478.666667 2.112855e+07
139060.266667 1.893753e+07
139622.733333 6.816772e+07
141095.533333 1.924621e+07
140435.933333 1.893728e+07

