693.388889 8.231628e+04
1158.833333 1.041512e+05
1340.000000 9.774617e+04
1437.388889 1.409130e+05
1429.111111 1.086321e+05
1436.833333 7.764428e+04
1445.888889 7.796700e+04
1416.222222 7.545244e+04

1452.000000 1.633856e+05
2321.222222 2.195238e+05
2672.444444 2.204276e+05
2829.388889 1.599387e+05
2843.722222 1.717239e+05
2859.500000 1.660123e+05
2865.222222 1.598708e+05
2843.722222 1.630083e+05

2185.166667 2.433989e+05
3516.555556 2.840704e+05
4058.555556 2.387170e+05
4135.944444 2.552478e+05
4262.277778 2.672834e+05
4332.333333 2.605640e+05
4307.666667 2.517412e+05
4337.166667 2.299507e+05

2964.666667 2.928111e+05
4649.111111 3.585234e+05
5369.333333 3.262204e+05
5617.333333 3.231729e+05
5703.000000 3.848122e+05
5791.055556 3.577696e+05
5714.833333 4.086374e+05
5736.277778 3.771788e+05

3766.111111 4.470972e+05
5788.111111 5.169232e+05
6678.000000 6.556391e+05
7081.555556 1.008002e+07
7129.166667 8.754722e+05
7185.388889 2.556194e+06
7200.833333 6.414943e+05
7158.777778 6.785217e+05

4507.777778 5.376798e+05
7011.944444 7.694517e+05
8025.333333 5.725111e+05
8396.611111 1.007203e+06
8572.888889 6.208118e+05
8646.055556 1.855915e+06
8623.388889 5.520677e+05
8656.944444 5.796095e+05

5210.277778 7.782452e+05
8097.611111 9.935727e+05
9648.888889 7.653332e+05
9716.277778 2.562317e+06
9994.111111 7.289904e+05
10042.277778 7.410609e+05
10130.666667 1.056173e+06
10156.944444 7.739863e+05

5943.444444 7.657062e+05
9389.555556 8.168768e+05
10755.166667 7.363166e+05
11291.000000 7.504460e+05
11414.222222 1.119486e+06
11581.666667 8.286374e+05
11522.166667 2.910148e+06
11459.833333 8.384143e+05

6598.444444 9.650751e+05
10685.611111 1.029572e+06
12039.277778 9.283866e+05
12736.277778 1.298539e+06
12943.166667 1.065770e+06
12980.500000 3.146660e+06
12811.222222 8.892879e+05
13062.777778 9.301663e+05

7471.222222 9.170113e+05
11687.777778 1.125584e+06
13531.944444 1.082995e+06
14083.000000 1.955446e+06
14362.111111 1.151856e+06
14359.166667 1.045860e+06
14535.944444 1.244247e+06
14455.166667 1.027424e+06

8295.666667 1.113649e+06
12697.333333 1.000472e+06
14914.222222 1.620957e+06
15726.777778 1.047518e+06
15625.611111 3.123427e+06
15849.722222 1.207942e+06
15953.111111 1.181295e+06
15774.500000 1.516105e+06

9053.722222 1.276979e+06
13912.500000 3.165772e+06
16233.000000 1.179602e+06
17047.888889 3.154201e+06
17085.388889 1.172937e+06
17401.611111 1.121459e+06
17243.722222 1.534992e+06
17343.277778 1.401703e+06

9795.055556 1.515155e+06
15159.833333 1.317083e+06
17636.555556 1.516932e+06
18303.611111 1.433348e+06
18771.166667 1.954891e+06
18664.333333 1.474860e+06
18683.277778 1.503045e+06
18701.222222 1.869242e+06

10449.111111 1.291172e+06
16515.222222 3.056354e+06
19009.500000 1.676287e+06
19646.055556 5.620769e+06
20167.666667 1.581151e+06
20093.333333 1.565084e+06
20163.833333 1.946476e+06
20067.833333 1.457188e+06

11093.333333 1.547369e+06
17693.944444 2.082226e+06
20407.111111 1.576874e+06
21165.111111 4.076688e+06
21474.611111 1.623970e+06
21557.222222 1.702428e+06
21588.055556 1.794513e+06
21649.611111 1.568916e+06

11824.222222 1.541790e+06
18951.055556 1.525117e+06
21628.833333 1.528911e+06
22683.388889 1.653312e+06
22877.111111 1.887627e+06
22994.888889 1.704183e+06
23025.666667 4.571245e+06
22958.388889 1.721910e+06

12591.166667 1.729473e+06
20147.111111 1.701383e+06
23043.611111 2.447837e+06
24077.666667 1.877886e+06
24226.944444 2.449271e+06
24508.388889 1.651481e+06
24480.388889 1.584095e+06
24454.888889 2.312825e+06

13459.944444 1.826273e+06
21164.277778 2.481192e+06
24607.500000 1.972776e+06
25320.000000 1.872461e+06
25781.388889 2.327150e+06
25739.888889 2.089192e+06
25935.666667 2.056557e+06
26114.777778 1.663935e+06

14202.611111 1.906724e+06
22432.166667 1.905365e+06
25800.777778 2.371353e+06
26746.166667 2.152562e+06
27201.277778 5.423023e+06
27419.666667 2.039150e+06
27174.388889 2.095844e+06
27403.500000 2.312929e+06

15025.611111 2.087567e+06
23469.166667 2.254775e+06
27141.166667 2.423406e+06
28265.722222 3.133557e+06
28531.333333 2.213411e+06
28770.388889 6.015064e+06
28819.500000 2.447493e+06
28988.166667 2.204668e+06

15750.888889 2.144109e+06
24743.111111 2.968306e+06
28539.388889 2.551669e+06
29533.388889 6.787366e+06
30081.111111 2.231142e+06
30170.000000 1.921426e+06
30238.777778 2.622827e+06
30365.166667 2.372610e+06

16475.388889 2.013444e+06
26084.166667 2.157369e+06
29765.944444 3.046195e+06
30909.388889 2.723024e+06
31512.611111 3.379538e+06
31614.055556 3.052209e+06
31648.888889 2.564471e+06
31659.277778 3.097532e+06

17317.000000 2.552220e+06
27365.777778 2.115842e+06
31088.666667 2.640978e+06
32324.777778 2.281670e+06
32925.611111 3.286428e+06
32922.333333 2.485198e+06
33349.277778 2.969996e+06
33163.111111 2.635361e+06

17968.166667 2.881488e+06
28633.333333 2.824859e+06
32277.500000 4.521302e+06
33760.000000 3.012530e+06
34478.388889 2.570536e+06
34465.500000 2.976972e+06
34625.666667 2.430373e+06
34696.777778 3.180639e+06

18711.888889 2.630230e+06
29742.666667 3.074451e+06
33658.055556 2.866430e+06
35264.000000 3.776259e+06
35915.777778 3.196649e+06
35971.500000 2.620999e+06
35958.388889 3.568525e+06
36104.333333 2.556780e+06

19479.944444 2.844968e+06
30793.611111 3.014626e+06
35109.000000 3.265436e+06
36773.166667 2.932817e+06
37209.500000 4.090586e+06
37466.888889 3.459259e+06
37369.222222 1.464556e+07
37608.055556 2.984435e+06

20329.944444 8.393496e+06
31869.277778 3.525750e+06
36449.833333 5.589669e+06
38204.500000 3.050017e+06
38415.111111 3.018865e+06
39147.722222 3.544712e+06
38849.777778 3.017340e+06
39012.500000 4.513120e+06

21090.944444 2.898128e+06
33077.888889 4.465066e+06
37802.166667 3.870030e+06
39594.277778 4.588623e+06
39786.833333 3.407451e+06
40555.944444 3.090815e+06
40405.277778 4.620969e+06
40639.777778 3.273652e+06

22024.611111 3.310088e+06
34200.388889 9.905460e+06
39007.555556 3.952956e+06
41279.722222 3.922469e+06
41328.944444 3.592865e+06
41690.722222 3.173951e+06
41901.222222 4.169819e+06
42268.722222 3.171454e+06

22907.388889 3.429042e+06
35121.166667 3.172434e+06
40419.611111 4.750765e+06
42693.111111 4.139912e+06
42790.277778 4.301916e+06
42889.444444 3.960756e+06
43366.500000 7.688042e+06
43774.500000 4.047787e+06

23652.111111 3.644692e+06
36285.722222 4.683583e+06
41800.333333 3.886654e+06
44011.944444 1.480954e+07
44468.166667 4.250783e+06
44519.611111 3.780275e+06
44826.833333 4.663095e+06
45020.555556 3.807870e+06

24422.888889 4.229137e+06
37619.722222 4.480124e+06
42972.000000 4.369436e+06
45303.222222 4.579532e+06
46041.777778 5.607343e+06
46089.666667 4.484466e+06
46454.000000 7.861286e+06
46117.222222 4.587512e+06

25085.111111 4.297178e+06
38980.000000 4.303941e+06
44428.833333 4.685046e+06
46494.944444 4.484846e+06
47393.277778 5.306556e+06
47446.333333 4.924631e+06
47990.444444 6.279064e+06
47713.555556 4.583292e+06

25712.944444 4.293281e+06
40191.444444 4.112520e+06
45889.611111 4.871336e+06
47902.388889 4.864313e+06
48727.611111 5.220973e+06
48978.666667 4.799293e+06
49308.944444 8.240524e+06
49271.388889 5.026140e+06

26498.611111 4.801138e+06
41171.388889 4.643339e+06
47546.444444 4.824867e+06
49215.277778 4.696132e+06
50035.166667 6.676383e+06
50634.000000 5.654272e+06
50625.166667 5.567059e+06
50626.111111 5.269417e+06

27250.111111 4.517437e+06
42502.444444 6.216354e+06
48859.944444 5.646851e+06
50794.000000 5.937941e+06
51502.888889 5.731443e+06
52091.666667 6.771882e+06
51908.944444 6.488500e+06
52182.111111 5.084312e+06

28039.055556 4.787244e+06
43640.833333 6.070852e+06
50178.500000 5.845045e+06
52273.388889 7.266878e+06
52910.000000 6.641321e+06
53537.666667 5.595984e+06
53374.666667 6.824911e+06
53826.444444 6.059270e+06

28873.777778 5.232826e+06
44896.611111 5.361516e+06
51301.777778 6.684303e+06
53797.055556 5.931486e+06
54291.000000 6.909591e+06
55072.222222 7.198240e+06
54905.111111 6.637527e+06
55207.000000 5.736527e+06

29574.555556 6.752305e+06
45980.277778 7.369256e+06
52819.055556 7.587762e+06
55187.222222 5.914919e+06
55673.500000 6.858050e+06
56621.000000 6.141068e+06
56283.277778 6.200872e+06
56747.833333 7.079938e+06

30283.333333 5.912134e+06
47140.888889 5.724040e+06
54350.611111 7.283335e+06
56257.333333 6.604128e+06
57408.722222 7.312017e+06
57780.277778 6.438551e+06
57980.444444 6.361013e+06
57991.111111 8.331647e+06

30983.500000 7.532475e+06
48297.666667 6.441288e+06
55737.555556 1.306209e+07
57879.777778 7.055361e+06
58871.111111 7.075885e+06
58989.555556 7.492676e+06
59583.611111 6.769060e+06
59235.833333 7.308515e+06

31766.944444 5.984186e+06
49529.888889 6.389108e+06
56902.666667 7.196334e+06
59594.555556 6.720276e+06
60215.722222 8.074103e+06
60364.444444 6.791406e+06
61127.333333 8.501644e+06
60529.944444 7.157332e+06

32594.611111 7.148591e+06
50782.111111 7.807183e+06
58150.111111 9.271327e+06
60925.944444 7.975456e+06
61620.444444 9.384262e+06
61840.833333 7.062695e+06
62726.388889 7.132332e+06
61970.666667 7.721324e+06

33220.055556 6.862744e+06
52216.055556 9.286143e+06
59400.333333 8.807037e+06
62230.055556 9.146873e+06
63251.111111 8.590076e+06
63303.222222 8.659766e+06
64079.777778 8.744919e+06
63737.111111 7.548232e+06

33977.944444 7.277562e+06
53502.222222 8.482541e+06
60762.277778 7.603072e+06
63496.833333 9.451775e+06
64804.055556 8.283996e+06
64929.944444 7.978522e+06
65102.611111 8.722495e+06
65409.055556 7.988282e+06

34738.333333 7.443560e+06
54760.777778 8.038341e+06
61983.666667 9.925206e+06
64959.222222 9.266400e+06
66093.888889 9.287687e+06
66714.722222 8.626904e+06
66328.333333 8.417586e+06
66858.166667 7.980290e+06

35503.611111 9.534182e+06
55863.277778 8.928107e+06
63375.333333 1.095127e+07
66329.722222 8.484855e+06
67534.111111 8.486578e+06
68265.222222 1.019671e+07
67734.611111 9.020893e+06
68229.166667 8.919289e+06

36295.666667 8.028928e+06
57003.333333 1.045820e+07
64709.777778 9.117036e+06
67912.166667 3.033491e+07
68914.888889 9.342258e+06
69844.777778 1.011434e+07
69071.388889 1.055392e+07
69626.833333 9.473065e+06

36986.166667 8.412048e+06
58276.222222 9.221278e+06
66155.111111 1.062112e+07
69410.555556 9.719919e+06
70288.722222 1.048670e+07
71196.277778 8.984153e+06
70752.944444 1.033342e+07
71093.555556 9.862190e+06

37755.055556 9.954856e+06
59476.055556 1.001998e+07
67611.000000 1.127561e+07
70718.111111 9.735200e+06
71328.000000 1.516358e+07
72765.111111 9.658919e+06
72391.000000 9.491454e+06
72342.388889 1.111066e+07

38522.222222 9.648753e+06
60577.555556 1.026696e+07
69061.944444 9.876300e+06
72101.388889 1.106033e+07
73043.333333 1.025621e+07
73951.555556 1.224796e+07
73883.500000 1.007271e+07
73718.333333 1.037120e+07

39214.777778 9.609588e+06
61989.833333 1.199400e+07
70221.388889 1.060281e+07
73532.555556 2.404409e+07
74731.000000 1.047610e+07
75083.111111 1.043787e+07
75317.833333 1.089943e+07
75098.777778 1.037654e+07

39830.888889 9.883708e+06
63302.000000 1.104556e+07
71629.388889 1.133372e+07
74846.500000 1.057263e+07
76380.833333 1.174189e+07
76341.722222 1.073789e+07
76625.888889 1.535106e+07
76654.611111 1.106495e+07

40660.111111 9.963601e+06
64463.611111 1.049207e+07
72948.944444 1.240779e+07
76387.333333 1.268045e+07
77745.944444 1.176332e+07
77755.833333 1.183967e+07
78070.333333 1.574638e+07
78443.722222 1.267415e+07

41375.111111 9.372816e+06
65603.444444 1.676664e+07
74414.611111 1.352384e+07
77656.166667 3.400044e+07
79306.555556 1.135525e+07
79184.500000 1.155966e+07
79647.944444 1.296999e+07
79784.277778 1.204291e+07

42288.500000 1.131205e+07
66695.055556 1.297819e+07
75731.166667 1.217055e+07
79110.500000 2.970418e+07
80888.277778 1.268867e+07
80602.666667 1.273909e+07
80923.722222 1.248781e+07
81244.055556 1.190563e+07

43026.888889 1.310521e+07
67944.944444 1.311774e+07
77183.333333 1.207503e+07
80465.111111 3.569389e+07
82350.833333 1.233380e+07
82136.111111 1.191747e+07
82301.444444 1.297361e+07
82506.500000 1.236122e+07

43877.722222 1.118704e+07
68988.611111 1.200756e+07
78601.888889 1.351737e+07
81722.722222 1.335631e+07
83769.944444 1.357993e+07
83615.611111 1.305481e+07
83715.388889 1.511567e+07
84233.500000 1.228802e+07

44736.000000 1.424589e+07
69905.222222 1.278921e+07
80134.500000 2.432803e+07
83108.111111 1.307374e+07
85098.722222 1.268136e+07
85245.444444 1.300333e+07
85112.944444 1.262117e+07
85955.222222 1.375762e+07

45485.666667 1.281093e+07
70945.611111 1.334611e+07
81769.944444 1.283827e+07
84582.944444 3.095953e+07
86376.444444 1.278860e+07
86557.611111 1.328668e+07
86840.388889 1.497581e+07
87394.333333 1.351082e+07

46203.888889 1.351505e+07
72163.666667 1.576116e+07
83021.166667 1.329219e+07
86242.611111 1.416290e+07
87490.166667 1.412465e+07
88037.055556 1.340286e+07
88339.000000 1.346803e+07
88430.833333 1.299374e+07

46870.944444 1.390037e+07
73591.500000 1.571457e+07
84144.555556 1.360832e+07
87867.444444 1.391195e+07
88980.500000 1.932261e+07
89341.055556 1.361113e+07
89995.055556 1.600881e+07
89683.500000 1.348913e+07

47704.777778 1.408381e+07
74674.833333 1.500737e+07
85544.888889 1.428168e+07
89337.000000 1.367694e+07
90279.611111 1.845655e+07
90871.944444 1.556655e+07
91273.222222 1.572980e+07
91225.888889 1.475476e+07

48673.444444 1.378936e+07
75705.722222 1.609922e+07
86836.000000 1.455949e+07
90761.444444 1.560056e+07
91816.722222 1.440311e+07
92130.111111 4.340381e+07
92693.888889 1.484972e+07
92651.888889 1.389693e+07

49336.722222 1.331743e+07
76992.277778 1.538404e+07
88202.111111 1.538003e+07
92250.500000 1.883357e+07
93278.000000 1.621278e+07
93455.722222 1.496634e+07
94504.666667 1.624447e+07
93759.222222 1.479316e+07

50065.333333 1.362247e+07
78246.944444 1.402747e+07
89592.166667 1.537182e+07
93730.500000 1.478387e+07
94579.555556 1.786382e+07
95040.111111 1.573984e+07
95826.444444 1.992937e+07
95046.500000 1.661146e+07

50771.833333 1.537184e+07
79501.500000 1.451672e+07
90843.888889 1.706725e+07
95070.055556 1.525687e+07
95989.777778 1.824995e+07
96513.444444 1.521489e+07
97212.833333 1.509192e+07
96550.888889 1.615708e+07

51761.277778 1.423486e+07
80364.388889 1.713070e+07
92400.111111 1.587646e+07
96477.722222 1.716189e+07
97457.722222 1.564178e+07
98056.944444 3.790433e+07
98450.222222 1.562350e+07
98224.166667 1.512899e+07

52629.611111 1.603110e+07
81533.222222 1.790809e+07
93560.055556 1.567655e+07
98056.611111 1.830878e+07
98751.888889 1.614353e+07
99724.222222 4.593451e+07
99859.388889 1.562384e+07
99994.000000 1.577701e+07

53317.055556 1.460091e+07
82855.000000 1.754613e+07
94713.944444 1.711817e+07
99564.111111 1.878602e+07
100171.555556 1.636666e+07
101223.111111 1.662695e+07
101092.611111 1.761589e+07
101499.444444 1.604912e+07

53954.722222 1.557448e+07
84198.944444 1.594700e+07
95824.277778 1.664412e+07
101138.277778 1.603124e+07
101678.444444 1.998831e+07
102580.000000 1.659931e+07
102711.500000 4.130530e+07
102824.444444 1.749985e+07

54657.722222 1.511834e+07
85405.777778 3.346112e+07
97344.500000 1.678337e+07
102291.000000 1.675064e+07
103313.111111 1.680431e+07
104227.944444 1.631587e+07
103898.833333 1.727558e+07
104323.888889 1.644006e+07

55468.555556 1.588220e+07
86644.611111 1.713355e+07
98804.777778 1.694350e+07
103531.722222 1.668387e+07
104700.722222 1.832270e+07
105611.944444 1.700464e+07
105296.388889 2.314236e+07
106097.277778 1.747176e+07

56361.277778 1.557812e+07
87726.222222 1.637722e+07
100286.277778 1.704690e+07
104758.444444 1.695941e+07
105974.222222 1.845206e+07
107241.111111 1.717139e+07
106474.277778 1.870574e+07
107527.777778 1.740675e+07

57118.777778 1.614479e+07
88963.111111 1.680362e+07
101783.055556 1.800743e+07
106084.000000 1.807469e+07
107343.055556 2.070577e+07
108864.722222 1.864814e+07
108086.944444 2.009522e+07
108640.444444 1.808598e+07

57934.444444 3.998470e+07
90125.500000 1.790652e+07
103243.777778 4.561728e+07
107515.611111 1.997275e+07
108684.388889 1.995570e+07
110004.388889 2.118042e+07
109911.611111 1.891426e+07
110023.777778 1.839843e+07

58656.611111 1.795056e+07
91304.111111 1.712074e+07
104591.944444 1.836015e+07
108948.000000 1.826343e+07
110139.777778 2.099854e+07
111506.833333 1.821641e+07
111377.722222 5.263818e+07
111580.444444 1.893441e+07

59390.833333 1.773160e+07
92558.055556 1.983824e+07
106103.166667 1.855091e+07
110092.500000 1.976737e+07
111719.055556 1.919568e+07
112704.722222 2.198957e+07
112892.500000 1.946101e+07
113020.722222 1.844348e+07

59984.111111 1.764654e+07
93941.611111 2.006376e+07
107388.833333 1.820023e+07
111345.666667 2.041254e+07
113549.444444 1.880782e+07
114034.777778 4.674131e+07
114320.555556 1.866071e+07
114444.833333 1.868877e+07

60756.444444 1.758544e+07
95148.888889 2.120447e+07
108702.722222 1.966496e+07
112707.555556 2.044009e+07
115028.333333 1.967110e+07
115463.055556 5.592569e+07
115708.166667 2.197271e+07
115997.666667 1.901185e+07

61610.000000 1.776831e+07
96270.944444 2.127195e+07
110163.555556 1.966049e+07
114153.277778 2.325620e+07
116295.500000 1.978453e+07
116845.111111 1.969456e+07
117598.333333 2.049804e+07
117487.333333 2.020262e+07

62400.444444 1.863565e+07
97544.722222 3.501602e+07
111514.000000 2.038225e+07
115543.444444 1.936891e+07
117777.833333 1.974683e+07
118055.722222 1.994936e+07
119145.000000 2.108507e+07
118794.444444 2.009329e+07

63111.444444 1.823520e+07
98679.000000 2.338794e+07
112879.000000 2.036568e+07
117059.055556 3.555580e+07
119354.277778 2.171438e+07
119215.888889 2.098110e+07
120661.722222 2.086077e+07
120539.944444 2.070406e+07

63833.888889 1.885892e+07
99854.444444 2.131761e+07
114268.944444 2.032034e+07
118458.000000 2.949411e+07
120772.500000 2.144850e+07
120739.388889 2.019325e+07
121786.222222 2.130736e+07
122086.388889 2.087050e+07

64583.611111 2.009137e+07
101133.777778 2.633244e+07
115455.000000 2.040674e+07
119895.277778 5.831019e+07
122213.944444 2.113423e+07
122440.500000 2.188870e+07
123062.277778 2.232056e+07
123518.666667 2.109217e+07

65352.777778 1.989060e+07
102245.166667 2.410331e+07
116971.277778 2.127851e+07
121239.777778 5.927278e+07
123723.666667 2.091277e+07
124035.222222 2.164189e+07
124451.388889 2.226452e+07
124962.500000 2.094864e+07

66035.555556 1.980930e+07
103413.055556 2.421560e+07
118495.833333 2.150664e+07
122587.944444 6.215252e+07
125041.333333 2.436713e+07
125886.555556 2.278561e+07
125511.722222 2.289306e+07
126378.888889 2.144925e+07

66824.777778 1.966035e+07
104466.888889 2.041242e+07
119797.888889 2.165476e+07
124171.111111 2.237681e+07
126350.277778 2.390480e+07
127427.555556 2.193763e+07
126953.500000 2.568485e+07
128040.500000 2.240552e+07

67538.277778 2.382749e+07
105590.222222 2.238565e+07
121192.277778 2.451354e+07
125514.000000 2.188460e+07
127875.222222 5.495653e+07
128784.722222 2.290630e+07
128875.444444 2.175195e+07
129360.333333 2.218829e+07

68377.222222 2.411505e+07
106708.944444 2.262634e+07
122641.611111 2.817374e+07
126704.111111 2.331053e+07
129624.333333 6.040270e+07
130084.111111 2.202569e+07
130565.611111 2.221634e+07
130578.444444 2.340066e+07

69364.611111 2.154453e+07
107772.944444 2.145742e+07
123962.277778 2.180201e+07
128252.777778 2.213302e+07
130997.944444 2.458571e+07
131518.555556 2.184685e+07
131883.333333 5.263046e+07
131867.333333 2.301301e+07

70087.444444 2.115328e+07
109095.277778 2.115582e+07
124995.444444 2.289477e+07
129923.500000 2.280529e+07
132317.222222 2.588157e+07
132998.611111 2.278770e+07
133269.611111 2.790032e+07
133434.722222 2.223736e+07

70812.944444 2.166081e+07
110440.500000 2.694778e+07
126347.111111 2.243792e+07
131372.555556 6.324556e+07
133553.166667 2.256972e+07
134584.000000 2.266942e+07
134735.166667 2.433341e+07
134926.666667 2.294568e+07

71550.166667 2.170204e+07
111622.222222 2.584450e+07
127758.000000 2.319941e+07
132898.500000 5.358784e+07
134732.055556 2.452430e+07
136033.111111 2.297628e+07
136187.888889 2.333699e+07
136361.722222 2.245287e+07

72346.944444 2.231357e+07
112829.333333 3.193615e+07
128913.833333 2.416572e+07
134549.500000 6.737541e+07
135797.388889 2.411488e+07
137614.222222 2.368432e+07
137796.333333 2.523069e+07
137788.666667 2.532769e+07

73204.722222 2.322983e+07
114118.944444 2.761383e+07
130067.944444 2.296897e+07
136103.277778 6.725478e+07
137233.555556 2.366356e+07
138903.000000 2.422095e+07
139301.611111 2.402093e+07
139010.111111 2.353047e+07

73920.277778 2.215057e+07
115445.555556 2.416616e+07
131369.777778 2.648321e+07
137605.611111 2.400160e+07
138573.666667 2.736457e+07
140115.833333 2.345736e+07
140987.777778 7.011903e+07
140436.444444 2.516333e+07

74648.055556 2.305301e+07
116764.388889 2.291884e+07
132754.388889 2.471130e+07
139055.444444 2.554308e+07
140158.000000 3.070130e+07
141379.833333 2.518998e+07
142703.388889 2.543967e+07
141818.222222 2.621920e+07

75568.333333 2.355130e+07
117847.111111 2.658020e+07
133923.277778 2.545129e+07
140345.555556 2.550061e+07
141743.888889 2.400224e+07
142800.777778 3.501978e+07
144097.611111 2.491070e+07
143279.277778 2.364420e+07

76400.611111 2.369149e+07
119054.888889 2.854430e+07
135268.444444 2.706885e+07
141684.444444 3.026075e+07
143408.888889 2.509607e+07
144205.888889 2.497155e+07
145389.000000 2.549021e+07
144836.333333 2.612078e+07

