227.000000 3.841750e+04
418.000000 4.043600e+04
455.000000 3.963950e+04
501.000000 3.369800e+04
479.000000 4.421750e+04
509.000000 5.411550e+04
516.000000 4.433900e+04
469.000000 4.589900e+04

503.000000 6.040750e+04
793.000000 3.948850e+04
902.000000 4.211200e+04
1014.000000 6.304750e+04
954.000000 5.265350e+04
980.000000 3.239015e+05
988.000000 7.304200e+04
1007.000000 9.166800e+04

754.000000 9.989250e+04
1232.000000 7.350100e+04
1428.000000 7.078850e+04
1487.000000 8.555500e+04
1460.000000 9.883650e+04
1542.000000 8.243050e+04
1529.000000 1.390100e+05
1509.000000 9.597400e+04

1056.000000 3.700525e+05
1602.000000 1.225155e+05
1848.000000 1.183235e+05
1969.000000 1.390520e+05
1948.000000 7.670650e+04
2060.000000 1.422945e+05
2000.000000 9.687950e+04
1949.000000 1.451225e+05

1314.000000 1.261410e+05
2006.000000 1.532455e+05
2296.000000 1.731305e+05
2468.000000 1.257740e+05
2474.000000 4.227150e+05
2542.000000 1.683090e+05
2514.000000 8.898150e+04
2535.000000 1.426970e+05

1591.000000 9.621150e+04
2419.000000 2.224810e+05
2769.000000 1.583670e+05
2905.000000 2.214430e+05
2990.000000 1.944410e+05
3028.000000 1.444925e+05
2986.000000 1.717925e+05
2989.000000 1.035755e+05

1777.000000 1.319385e+05
2787.000000 2.452275e+05
3381.000000 1.225045e+05
3421.000000 1.212545e+05
3484.000000 1.811600e+05
3520.000000 1.174150e+05
3524.000000 2.170885e+05
3640.000000 2.007480e+05

2080.000000 1.362245e+05
3224.000000 2.259260e+05
3649.000000 1.375970e+05
3979.000000 2.911825e+05
3918.000000 2.152120e+05
3977.000000 2.939055e+05
4017.000000 1.327385e+05
3963.000000 1.290545e+05

2308.000000 1.288100e+05
3678.000000 1.351610e+05
4165.000000 1.384130e+05
4455.000000 1.936440e+05
4491.000000 1.440950e+05
4438.000000 1.908840e+05
4454.000000 1.326055e+05
4555.000000 2.328635e+05

2581.000000 1.766610e+05
4049.000000 1.532325e+05
4650.000000 1.581945e+05
4906.000000 1.692585e+05
4969.000000 1.550710e+05
5070.000000 1.658025e+05
5008.000000 3.376615e+05
5013.000000 1.921095e+05

2873.000000 7.410735e+05
4388.000000 1.699745e+05
5140.000000 1.122431e+06
5496.000000 1.750355e+05
5298.000000 1.774290e+05
5505.000000 2.301635e+05
5486.000000 2.227980e+05
5453.000000 2.812745e+05

3105.000000 1.973005e+05
4807.000000 3.622005e+05
5581.000000 2.401490e+05
5951.000000 3.976375e+05
5924.000000 2.377255e+05
6021.000000 4.283050e+05
5949.000000 2.387335e+05
6050.000000 2.301055e+05

3426.000000 3.311480e+05
5185.000000 1.849780e+05
6213.000000 4.792020e+05
6339.000000 3.184185e+05
6532.000000 5.522445e+05
6421.000000 2.647595e+05
6479.000000 1.957640e+05
6421.000000 1.980300e+05

3638.000000 2.445435e+05
5721.000000 2.100260e+05
6640.000000 2.022980e+05
6900.000000 2.321280e+05
6877.000000 2.077560e+05
7022.000000 2.738130e+05
7171.000000 3.158725e+05
6931.000000 2.138965e+05

3858.000000 4.087475e+05
6090.000000 2.825165e+05
7055.000000 1.696680e+06
7359.000000 2.168140e+05
7483.000000 2.124675e+05
7472.000000 3.061270e+05
7532.000000 2.971615e+05
7447.000000 2.239260e+05

4080.000000 4.709645e+05
6642.000000 3.208450e+05
7575.000000 5.763590e+05
7914.000000 3.287630e+05
7899.000000 1.676895e+06
8003.000000 2.444975e+05
7903.000000 2.288475e+05
7895.000000 3.189760e+05

4398.000000 4.100275e+05
6893.000000 3.132510e+05
8074.000000 9.283290e+05
8448.000000 3.528495e+05
8436.000000 5.663065e+05
8335.000000 2.546930e+05
8434.000000 2.539420e+05
8567.000000 2.665645e+05

4702.000000 4.386065e+05
7277.000000 2.514825e+05
8443.000000 4.605505e+05
8817.000000 2.821940e+05
8965.000000 5.847030e+05
9011.000000 2.750165e+05
9034.000000 4.708435e+05
9077.000000 2.661290e+05

4912.000000 3.732080e+05
7757.000000 3.530100e+05
9041.000000 3.062690e+05
9215.000000 2.893945e+05
9492.000000 3.209925e+05
9428.000000 2.913385e+05
9441.000000 3.180065e+05
9505.000000 3.270120e+05

5190.000000 3.150030e+05
8124.000000 4.720285e+05
9474.000000 3.978085e+05
9829.000000 3.389725e+05
9893.000000 3.056805e+05
10025.000000 3.410135e+05
9998.000000 3.322590e+05
10024.000000 3.427030e+05

5436.000000 2.781595e+05
8533.000000 2.921185e+05
9836.000000 3.619825e+05
10247.000000 3.481140e+05
10499.000000 3.545420e+05
10330.000000 3.131250e+05
10579.000000 4.457850e+05
10540.000000 4.251560e+05

5676.000000 4.312065e+05
9006.000000 3.610945e+05
10425.000000 3.468425e+05
10621.000000 4.307490e+05
10830.000000 3.732150e+05
10917.000000 4.367705e+05
10859.000000 3.455615e+05
10857.000000 4.523655e+05

5949.000000 3.690960e+05
9544.000000 3.666795e+05
10756.000000 3.817670e+05
11234.000000 3.767310e+05
11341.000000 3.568350e+05
11376.000000 4.813990e+05
11492.000000 4.659845e+05
11453.000000 5.249525e+05

6196.000000 3.361595e+05
9882.000000 8.310975e+05
11144.000000 3.875410e+05
11734.000000 8.130675e+05
12010.000000 5.753995e+05
11903.000000 1.039976e+06
12083.000000 5.850840e+05
12069.000000 7.030360e+05

6439.000000 3.319905e+05
10256.000000 3.685700e+05
11687.000000 4.170585e+05
12191.000000 4.124255e+05
12575.000000 4.383885e+05
12393.000000 4.160340e+05
12531.000000 4.189785e+05
12525.000000 4.182115e+05

6773.000000 4.404405e+05
10679.000000 4.880010e+05
12188.000000 4.701585e+05
12715.000000 4.396285e+05
12947.000000 5.667575e+05
13203.000000 5.466940e+05
12949.000000 4.930820e+05
13079.000000 4.481475e+05

7044.000000 4.298390e+05
11079.000000 4.987560e+05
12749.000000 4.627155e+05
13149.000000 5.895500e+05
13179.000000 5.574015e+05
13569.000000 5.864585e+05
13663.000000 5.705860e+05
13405.000000 5.120875e+05

7316.000000 4.409015e+05
11516.000000 4.427490e+05
13049.000000 6.676825e+05
13807.000000 5.911615e+05
13748.000000 5.728845e+05
14073.000000 5.000040e+05
13996.000000 9.669170e+05
14180.000000 8.320435e+05

7568.000000 4.169920e+05
11876.000000 8.537805e+05
13552.000000 7.056635e+05
14345.000000 5.634785e+05
14305.000000 4.984265e+05
14476.000000 7.258420e+05
14403.000000 6.122580e+05
14495.000000 5.540430e+05

7883.000000 4.531005e+05
12183.000000 4.882360e+05
14153.000000 5.254215e+05
14777.000000 3.633815e+06
14733.000000 8.326690e+05
14659.000000 1.107396e+06
15126.000000 6.547775e+05
15090.000000 1.058026e+06

8230.000000 4.661585e+05
12609.000000 8.343180e+05
14426.000000 5.413795e+05
15240.000000 9.549585e+05
15370.000000 5.802675e+05
15513.000000 1.241358e+06
15542.000000 9.566330e+05
15638.000000 9.573790e+05

8442.000000 4.844420e+05
12960.000000 6.626135e+05
14880.000000 5.854175e+05
15677.000000 7.157825e+05
15971.000000 6.064985e+05
15835.000000 7.768820e+05
16088.000000 6.142335e+05
16007.000000 7.515355e+05

8734.000000 6.744195e+05
13459.000000 5.989025e+05
15407.000000 5.871585e+05
16254.000000 6.538755e+05
16514.000000 6.440030e+05
16358.000000 6.475905e+05
16712.000000 6.170685e+05
16490.000000 7.456010e+05

8835.000000 1.028396e+06
13991.000000 6.097760e+05
16026.000000 1.257951e+06
16835.000000 7.624835e+05
16909.000000 8.669060e+05
17017.000000 6.311950e+05
17186.000000 1.120301e+06
16860.000000 7.236205e+05

9150.000000 5.655325e+05
14217.000000 6.267675e+05
16377.000000 6.572570e+05
17290.000000 6.916140e+05
17264.000000 9.783205e+05
17430.000000 7.890050e+05
17569.000000 7.924930e+05
17402.000000 8.045690e+05

9431.000000 6.109835e+05
14729.000000 7.038415e+05
16956.000000 7.104975e+05
17652.000000 6.952125e+05
17911.000000 8.288190e+05
18188.000000 7.932900e+05
17888.000000 8.207135e+05
18023.000000 8.782980e+05

9674.000000 8.607590e+05
15105.000000 6.765895e+05
17310.000000 1.344678e+06
18131.000000 7.326345e+05
18374.000000 9.592030e+05
18441.000000 7.452535e+05
18496.000000 9.477465e+05
18697.000000 8.297495e+05

9996.000000 6.609805e+05
15500.000000 1.593106e+06
17712.000000 8.344940e+05
18613.000000 9.666665e+05
18774.000000 7.770045e+05
19022.000000 1.038714e+06
19137.000000 8.897530e+05
19126.000000 1.060104e+06

10221.000000 6.954185e+05
16005.000000 8.044420e+05
18288.000000 8.720180e+05
19239.000000 8.889770e+05
19067.000000 8.329015e+05
19493.000000 9.112975e+05
19479.000000 7.770970e+05
19731.000000 9.028520e+05

10391.000000 7.490005e+05
16358.000000 7.518020e+05
18858.000000 9.154585e+05
19459.000000 8.350850e+05
19901.000000 1.009005e+06
19984.000000 9.530920e+05
20282.000000 9.634560e+05
20053.000000 8.906180e+05

10755.000000 7.327345e+05
16594.000000 8.674625e+05
19451.000000 8.375860e+05
20207.000000 9.344615e+05
20358.000000 8.937980e+05
20392.000000 9.282795e+05
20510.000000 8.782595e+05
20717.000000 1.653036e+06

11040.000000 7.451980e+05
17192.000000 8.187725e+05
19638.000000 9.195135e+05
20718.000000 9.105370e+05
21050.000000 1.021625e+06
20823.000000 9.260505e+05
21090.000000 9.581285e+05
20960.000000 9.025225e+05

11340.000000 3.053746e+06
17559.000000 8.826500e+05
20244.000000 1.447206e+06
21128.000000 9.803035e+05
21266.000000 1.631915e+06
21413.000000 9.971725e+05
21784.000000 1.381256e+06
21625.000000 9.624665e+05

11484.000000 8.636500e+05
18160.000000 2.642782e+06
20680.000000 9.803345e+05
21556.000000 1.421414e+06
21945.000000 1.010012e+06
21910.000000 1.301740e+06
22215.000000 1.006366e+06
21965.000000 1.344242e+06

11709.000000 7.981630e+05
18551.000000 1.115764e+06
21254.000000 1.026548e+06
22084.000000 1.179026e+06
22519.000000 9.949285e+05
22424.000000 1.165224e+06
22581.000000 1.007640e+06
22597.000000 1.183648e+06

12145.000000 7.805035e+05
18878.000000 1.145669e+06
21308.000000 9.788400e+05
22555.000000 1.031996e+06
23058.000000 1.031300e+06
23066.000000 1.105562e+06
23037.000000 1.004646e+06
23256.000000 1.083694e+06

12331.000000 8.268505e+05
19325.000000 1.036598e+06
21854.000000 1.029029e+06
22884.000000 1.092456e+06
23513.000000 1.099939e+06
23498.000000 1.059272e+06
23269.000000 1.046460e+06
23338.000000 1.087188e+06

12534.000000 8.400775e+05
19716.000000 9.729365e+05
22544.000000 1.149428e+06
23655.000000 1.168030e+06
23688.000000 1.143132e+06
24140.000000 1.090910e+06
23947.000000 1.138412e+06
24022.000000 1.117334e+06

12713.000000 1.437156e+06
20278.000000 1.050768e+06
23028.000000 1.131670e+06
23971.000000 1.301824e+06
24502.000000 1.176962e+06
24653.000000 1.124189e+06
24597.000000 1.177134e+06
24644.000000 1.164230e+06

13117.000000 8.955310e+05
20433.000000 1.112386e+06
23438.000000 1.142774e+06
24549.000000 1.203490e+06
24632.000000 1.307698e+06
25073.000000 1.225088e+06
24828.000000 1.206186e+06
24749.000000 1.182888e+06

13370.000000 9.481860e+05
20861.000000 1.774409e+06
23894.000000 1.623411e+06
24965.000000 1.487800e+06
25303.000000 1.239768e+06
25663.000000 1.385320e+06
25487.000000 1.227212e+06
25484.000000 1.387370e+06

13580.000000 9.802830e+05
21527.000000 1.209046e+06
24293.000000 1.184582e+06
25634.000000 1.355098e+06
25666.000000 1.382046e+06
25831.000000 1.330341e+06
26102.000000 1.259309e+06
25891.000000 1.303774e+06

13887.000000 1.491908e+06
21790.000000 2.166646e+06
24796.000000 1.326746e+06
25984.000000 1.473280e+06
26483.000000 1.401094e+06
26589.000000 1.455624e+06
26389.000000 1.332672e+06
26443.000000 1.407566e+06

14055.000000 1.075432e+06
22404.000000 1.203092e+06
25212.000000 1.224730e+06
26600.000000 1.360520e+06
26863.000000 1.391962e+06
26974.000000 1.338474e+06
27138.000000 3.290988e+06
27195.000000 1.436351e+06

14269.000000 1.064129e+06
22742.000000 1.196308e+06
25941.000000 1.401236e+06
26735.000000 1.429124e+06
27591.000000 1.354265e+06
27236.000000 1.367542e+06
27452.000000 1.328936e+06
27726.000000 1.309078e+06

14571.000000 9.941615e+05
23295.000000 1.213171e+06
26315.000000 1.387089e+06
27480.000000 1.355552e+06
28200.000000 1.449302e+06
27758.000000 1.501604e+06
28053.000000 1.460154e+06
28050.000000 1.469748e+06

14764.000000 1.558862e+06
23715.000000 1.226634e+06
26788.000000 1.487980e+06
28107.000000 1.531172e+06
28465.000000 1.514515e+06
28486.000000 1.536004e+06
28577.000000 1.489254e+06
28719.000000 1.410886e+06

15109.000000 1.403196e+06
24010.000000 1.365750e+06
27081.000000 1.610076e+06
28368.000000 1.411625e+06
29067.000000 1.763636e+06
28914.000000 1.461886e+06
28943.000000 1.718466e+06
28906.000000 1.375956e+06

15454.000000 9.904950e+05
24323.000000 1.433144e+06
27829.000000 1.258124e+06
28912.000000 1.570564e+06
29568.000000 1.586660e+06
29464.000000 1.631458e+06
29397.000000 1.406764e+06
29580.000000 1.505620e+06

15639.000000 1.292804e+06
24556.000000 1.352840e+06
28531.000000 1.454076e+06
29282.000000 1.473206e+06
29768.000000 1.411803e+06
29838.000000 1.492350e+06
30175.000000 1.724548e+06
30109.000000 1.365984e+06

15931.000000 1.255268e+06
24891.000000 1.417082e+06
28845.000000 1.380844e+06
30105.000000 1.339004e+06
30313.000000 1.324923e+06
30383.000000 1.371886e+06
30566.000000 1.458910e+06
30802.000000 1.626209e+06

16192.000000 1.236296e+06
25455.000000 1.383855e+06
29072.000000 1.651055e+06
30568.000000 1.632011e+06
30775.000000 1.653638e+06
30750.000000 1.565530e+06
31240.000000 1.675112e+06
31039.000000 1.660718e+06

16587.000000 1.361520e+06
25957.000000 1.930086e+06
29528.000000 1.668348e+06
30940.000000 1.637742e+06
31310.000000 1.636084e+06
31493.000000 1.654323e+06
31615.000000 1.542384e+06
31342.000000 1.631846e+06

17045.000000 1.202464e+06
25922.000000 1.345867e+06
30225.000000 1.859356e+06
31563.000000 1.802985e+06
31924.000000 1.840382e+06
31863.000000 1.812255e+06
31847.000000 1.767674e+06
32043.000000 1.788551e+06

17122.000000 1.940975e+06
26815.000000 1.490485e+06
30553.000000 1.796959e+06
32023.000000 1.602840e+06
32139.000000 1.769604e+06
32307.000000 1.709742e+06
32637.000000 1.742064e+06
32399.000000 1.640568e+06

17433.000000 1.346774e+06
27075.000000 2.911268e+06
30996.000000 1.793798e+06
32315.000000 1.826378e+06
32839.000000 1.890592e+06
32970.000000 1.774635e+06
33070.000000 1.739755e+06
32710.000000 1.713118e+06

17635.000000 1.601036e+06
27617.000000 1.665535e+06
31458.000000 1.776568e+06
32844.000000 1.866827e+06
33058.000000 1.981223e+06
33471.000000 1.793374e+06
33730.000000 1.897898e+06
33513.000000 1.658971e+06

17853.000000 1.498991e+06
27965.000000 1.739507e+06
32062.000000 1.939112e+06
33273.000000 1.797391e+06
33564.000000 1.700761e+06
33956.000000 1.824346e+06
34171.000000 1.689964e+06
33856.000000 1.809874e+06

18187.000000 1.262493e+06
28360.000000 2.214332e+06
32172.000000 1.913899e+06
34059.000000 2.070669e+06
34281.000000 1.892006e+06
34369.000000 2.201226e+06
34547.000000 1.925864e+06
34352.000000 3.616177e+06

18541.000000 1.581009e+06
28437.000000 1.617240e+06
32831.000000 1.695440e+06
34493.000000 1.927178e+06
34848.000000 1.978666e+06
35021.000000 1.897378e+06
35241.000000 1.954644e+06
35135.000000 1.855935e+06

18664.000000 1.332824e+06
28946.000000 1.652562e+06
33385.000000 1.733864e+06
34873.000000 1.541558e+06
35243.000000 1.750770e+06
35841.000000 2.504425e+06
35417.000000 1.760362e+06
35754.000000 2.414491e+06

19045.000000 1.564754e+06
29427.000000 2.034652e+06
33805.000000 1.952373e+06
35339.000000 2.077812e+06
35610.000000 1.794460e+06
35991.000000 2.006924e+06
35952.000000 1.720124e+06
36088.000000 2.280820e+06

19094.000000 2.502374e+06
29985.000000 1.700338e+06
34380.000000 2.324098e+06
36019.000000 1.877238e+06
36172.000000 2.353380e+06
36285.000000 2.075080e+06
36495.000000 2.245416e+06
36777.000000 2.085366e+06

19470.000000 1.513464e+06
30491.000000 2.027138e+06
34934.000000 1.819958e+06
36215.000000 2.092397e+06
36637.000000 1.833666e+06
37155.000000 2.116593e+06
36627.000000 1.934054e+06
37270.000000 2.323000e+06

19706.000000 2.862120e+06
30818.000000 1.707030e+06
35244.000000 2.439405e+06
36579.000000 1.993734e+06
36794.000000 3.054146e+06
37673.000000 1.959793e+06
37291.000000 2.299926e+06
37606.000000 1.969806e+06

20097.000000 1.549618e+06
31152.000000 2.230906e+06
35648.000000 1.864713e+06
37563.000000 2.226778e+06
37900.000000 1.929038e+06
38168.000000 2.307296e+06
38017.000000 2.014212e+06
38124.000000 2.075493e+06

20484.000000 2.684348e+06
31398.000000 1.768858e+06
36172.000000 8.572654e+06
37686.000000 1.969005e+06
38360.000000 2.505976e+06
38782.000000 2.230954e+06
38616.000000 2.429286e+06
38627.000000 2.039440e+06

20607.000000 1.953590e+06
32198.000000 2.468484e+06
36737.000000 2.084063e+06
38015.000000 2.261069e+06
38748.000000 2.207064e+06
38899.000000 2.278902e+06
39058.000000 2.027762e+06
39050.000000 2.264185e+06

20717.000000 1.910467e+06
32615.000000 2.370096e+06
37158.000000 1.894068e+06
38668.000000 1.783336e+06
39382.000000 1.935932e+06
39432.000000 2.223354e+06
39530.000000 2.306935e+06
39526.000000 2.328112e+06

21162.000000 1.603574e+06
32907.000000 2.162239e+06
37843.000000 1.946525e+06
38920.000000 2.256046e+06
39826.000000 2.028986e+06
39847.000000 2.486327e+06
39859.000000 2.307736e+06
40102.000000 2.203855e+06

21429.000000 2.209972e+06
33174.000000 1.929084e+06
37885.000000 2.398182e+06
39677.000000 2.075906e+06
40164.000000 2.534278e+06
40350.000000 2.336087e+06
40572.000000 4.189120e+06
40750.000000 2.373830e+06

21494.000000 2.014843e+06
33902.000000 2.123122e+06
38702.000000 2.011000e+06
39999.000000 2.377146e+06
40793.000000 2.432752e+06
40966.000000 2.440600e+06
40969.000000 2.322319e+06
41288.000000 2.456644e+06

21776.000000 1.939678e+06
34238.000000 2.246745e+06
39050.000000 2.315274e+06
40461.000000 2.258054e+06
41481.000000 2.216020e+06
41026.000000 2.054018e+06
41638.000000 2.227800e+06
41838.000000 2.229360e+06

22111.000000 1.961766e+06
34737.000000 2.209402e+06
39501.000000 2.816326e+06
40807.000000 2.121406e+06
41910.000000 2.424751e+06
41725.000000 2.144631e+06
42035.000000 2.235312e+06
42245.000000 2.287268e+06

22431.000000 1.828694e+06
34853.000000 3.892114e+06
39966.000000 2.252222e+06
41437.000000 2.244395e+06
42252.000000 2.303746e+06
42250.000000 2.301768e+06
42516.000000 2.191432e+06
42870.000000 2.253072e+06

22644.000000 2.255830e+06
35403.000000 2.352482e+06
40516.000000 2.175135e+06
41898.000000 2.259356e+06
42900.000000 2.624434e+06
43105.000000 2.616852e+06
43063.000000 2.572844e+06
43355.000000 9.792315e+06

22844.000000 1.475673e+06
35863.000000 2.259854e+06
41223.000000 1.943660e+06
42549.000000 2.454982e+06
43296.000000 2.396662e+06
43713.000000 2.436674e+06
43297.000000 2.522281e+06
43764.000000 2.498900e+06

23146.000000 2.315700e+06
36114.000000 2.462104e+06
41635.000000 2.508442e+06
43082.000000 2.169050e+06
43716.000000 2.465839e+06
44039.000000 2.239788e+06
43884.000000 2.260757e+06
44266.000000 2.304626e+06

23330.000000 2.440995e+06
36621.000000 2.508297e+06
41887.000000 2.622954e+06
43441.000000 1.992073e+06
43940.000000 1.967283e+06
44718.000000 2.606644e+06
45040.000000 2.636290e+06
44865.000000 2.347162e+06

23818.000000 2.337250e+06
37016.000000 2.585500e+06
42626.000000 2.627258e+06
44002.000000 2.723179e+06
44962.000000 2.623103e+06
44717.000000 2.474458e+06
45104.000000 2.414236e+06
45367.000000 2.458178e+06

24101.000000 1.715067e+06
37148.000000 1.840084e+06
42831.000000 2.535392e+06
44535.000000 2.797006e+06
45627.000000 2.134868e+06
45144.000000 2.106582e+06
45666.000000 2.715540e+06
45569.000000 2.599342e+06

24434.000000 2.042460e+06
37614.000000 1.834332e+06
43229.000000 2.672625e+06
45234.000000 2.110585e+06
45536.000000 2.438466e+06
45905.000000 2.409524e+06
46099.000000 2.528173e+06
46102.000000 2.598886e+06

24368.000000 2.450643e+06
38319.000000 2.601138e+06
43676.000000 2.793698e+06
45523.000000 2.432483e+06
46283.000000 2.341850e+06
46524.000000 2.437692e+06
46581.000000 2.549641e+06
46704.000000 2.684110e+06

24833.000000 2.483326e+06
38542.000000 2.701839e+06
44364.000000 2.819763e+06
45920.000000 2.925644e+06
46933.000000 2.883902e+06
46966.000000 4.029234e+06
47337.000000 2.213916e+06
47351.000000 3.177154e+06

25075.000000 2.243660e+06
39080.000000 2.721561e+06
44939.000000 2.908772e+06
47005.000000 2.589351e+06
46884.000000 2.463027e+06
47422.000000 2.686889e+06
47497.000000 2.545910e+06
47777.000000 2.625350e+06

25369.000000 2.885276e+06
39614.000000 6.503687e+06
44900.000000 2.884317e+06
47195.000000 5.362860e+06
47845.000000 2.683882e+06
47958.000000 2.641248e+06
48163.000000 2.090818e+06
48165.000000 2.751058e+06

25566.000000 2.665836e+06
40016.000000 2.743879e+06
45560.000000 2.942276e+06
47589.000000 2.493498e+06
47767.000000 2.532770e+06
48654.000000 2.828964e+06
48670.000000 2.716976e+06
48310.000000 2.800782e+06

25768.000000 1.815113e+06
40518.000000 2.615330e+06
45897.000000 2.713325e+06
48086.000000 3.104170e+06
48496.000000 3.025483e+06
48985.000000 2.724106e+06
49561.000000 2.769578e+06
49052.000000 3.149796e+06

26018.000000 2.483486e+06
40939.000000 3.023363e+06
46311.000000 3.009205e+06
48499.000000 2.720034e+06
49162.000000 2.679640e+06
49569.000000 2.336650e+06
49559.000000 2.342518e+06
49597.000000 2.736084e+06

26346.000000 2.048368e+06
41292.000000 2.389973e+06
46485.000000 2.180345e+06
48893.000000 2.991498e+06
49594.000000 3.185293e+06
49766.000000 2.333472e+06
50373.000000 2.423444e+06
50319.000000 2.442202e+06

