706.800000 9.325285e+04
1188.250000 8.365310e+04
1350.850000 7.307780e+04
1467.300000 9.315790e+04
1455.500000 7.494495e+04
1454.100000 7.236370e+04
1461.650000 7.359330e+04
1432.400000 6.840555e+04

1474.850000 2.862209e+05
2377.350000 1.157582e+06
2712.750000 2.728705e+05
2885.450000 2.615926e+05
2909.100000 2.310488e+05
2947.500000 2.169158e+05
2931.450000 7.445271e+05
2919.900000 2.183498e+05

2231.950000 6.907790e+05
3571.550000 2.954040e+05
4145.450000 1.036815e+06
4257.950000 3.354493e+05
4355.550000 2.793139e+05
4430.750000 4.250895e+05
4392.200000 2.801833e+05
4418.700000 1.189165e+06

3034.950000 3.727475e+05
4746.850000 3.835258e+05
5474.500000 4.186669e+05
5777.200000 3.386642e+05
5812.850000 1.377375e+06
5939.150000 3.538373e+05
5860.350000 3.485092e+05
5880.750000 5.166966e+05

3849.850000 4.594302e+05
5898.800000 4.341180e+05
6814.950000 5.996106e+05
7256.400000 4.348920e+05
7298.600000 1.748114e+06
7369.450000 5.250081e+05
7359.600000 4.735637e+05
7234.450000 5.823960e+05

4597.400000 6.245008e+05
7160.650000 6.492310e+05
8218.950000 8.259538e+05
8606.000000 6.244273e+05
8723.550000 1.068805e+06
8813.700000 6.638365e+05
8820.900000 2.399193e+06
8852.600000 6.350685e+05

5316.600000 7.635371e+05
8284.850000 9.347266e+05
9804.350000 6.969365e+05
9952.550000 1.323345e+06
10243.950000 7.279758e+05
10195.100000 6.967667e+05
10380.700000 1.109943e+06
10414.350000 7.088693e+05

6082.800000 8.756957e+05
9559.550000 8.591881e+05
10980.150000 1.289789e+06
11536.900000 9.980241e+05
11689.750000 2.994307e+06
11803.750000 8.359965e+05
11851.750000 8.672024e+05
11658.650000 1.088381e+06

6739.350000 9.083514e+05
10941.300000 2.975561e+06
12274.500000 9.939824e+05
13067.900000 1.039155e+06
13222.700000 1.157082e+06
13270.600000 9.097233e+05
13107.450000 1.358978e+06
13425.050000 9.379037e+05

7628.550000 9.784274e+05
11901.350000 1.080602e+06
13831.950000 1.483040e+06
14406.450000 1.150852e+06
14647.000000 1.692791e+06
14646.750000 1.185398e+06
14860.250000 1.113076e+06
14826.100000 1.352157e+06

8464.150000 1.163126e+06
12970.100000 1.722200e+06
15254.750000 1.270394e+06
16005.600000 3.855927e+06
15997.200000 1.356600e+06
16222.800000 1.197749e+06
16274.000000 1.351556e+06
16151.500000 1.338607e+06

9237.750000 1.297018e+06
14186.250000 1.353844e+06
16580.950000 2.654047e+06
17440.850000 1.587223e+06
17529.150000 2.152884e+06
17769.750000 1.412346e+06
17656.850000 1.406878e+06
17765.900000 1.816266e+06

10008.600000 2.712391e+06
15481.550000 1.541412e+06
17970.300000 4.367112e+06
18694.900000 1.545891e+06
19206.250000 1.507238e+06
19079.000000 1.619396e+06
19116.600000 1.629019e+06
19130.300000 2.201246e+06

10641.950000 1.424253e+06
16900.850000 4.409752e+06
19417.200000 1.669661e+06
20107.050000 1.704314e+06
20568.450000 1.913045e+06
20549.050000 1.517517e+06
20691.850000 1.978617e+06
20471.150000 1.630729e+06

11314.600000 1.612801e+06
18078.550000 1.646308e+06
20842.250000 2.217555e+06
21679.100000 1.615259e+06
21910.050000 4.524547e+06
22055.150000 1.684375e+06
22083.950000 1.750296e+06
22119.800000 1.751097e+06

12087.850000 1.663219e+06
19337.200000 1.899991e+06
22121.100000 1.814733e+06
23153.750000 5.078014e+06
23409.250000 1.788385e+06
23471.800000 1.871758e+06
23509.100000 2.397504e+06
23474.900000 1.707496e+06

12873.100000 1.889609e+06
20511.650000 1.969223e+06
23558.900000 2.199331e+06
24646.500000 1.888178e+06
24779.850000 5.838947e+06
25035.900000 1.906650e+06
24994.400000 1.823685e+06
25005.600000 1.975247e+06

13734.050000 2.130870e+06
21617.950000 2.376038e+06
25109.700000 1.890029e+06
25830.200000 5.094544e+06
26338.300000 2.424570e+06
26350.300000 2.171898e+06
26434.900000 2.945359e+06
26619.450000 2.476096e+06

14504.600000 2.098342e+06
22939.850000 2.095134e+06
26378.550000 2.326360e+06
27304.650000 2.053633e+06
27787.750000 6.637324e+06
28029.650000 2.361114e+06
27788.800000 2.051735e+06
28001.250000 2.318555e+06

15356.700000 2.328058e+06
23941.600000 2.140136e+06
27734.000000 2.788498e+06
28830.250000 2.451327e+06
29190.900000 7.469267e+06
29449.350000 2.342757e+06
29463.900000 1.865241e+06
29626.300000 2.606983e+06

16082.850000 2.779762e+06
25273.550000 2.025123e+06
29113.950000 5.518898e+06
30151.150000 2.810855e+06
30773.400000 2.892994e+06
30827.250000 2.870129e+06
30897.450000 2.612260e+06
30955.000000 3.211743e+06

16808.500000 2.226070e+06
26643.550000 2.395610e+06
30436.050000 2.464246e+06
31662.900000 3.012311e+06
32285.400000 2.682711e+06
32367.850000 3.265850e+06
32359.450000 2.650551e+06
32375.300000 2.615468e+06

17686.750000 2.326879e+06
27889.150000 3.011997e+06
31727.300000 3.061947e+06
33056.650000 6.481077e+06
33675.900000 2.530720e+06
33613.550000 2.360031e+06
34075.050000 2.948531e+06
33859.500000 2.843203e+06

18329.400000 2.827262e+06
29262.000000 2.709910e+06
32996.050000 3.351493e+06
34422.750000 2.940609e+06
35289.500000 8.075930e+06
35159.050000 3.022243e+06
35315.950000 2.998281e+06
35412.800000 3.210308e+06

19102.250000 2.940041e+06
30348.800000 3.264082e+06
34377.150000 3.242745e+06
36131.050000 4.295175e+06
36657.000000 3.280992e+06
36719.650000 2.931184e+06
36815.350000 3.823902e+06
36837.400000 3.352880e+06

19869.150000 3.181979e+06
31431.700000 2.957326e+06
35908.500000 3.905108e+06
37577.400000 3.663920e+06
38056.450000 5.417598e+06
38229.650000 3.427134e+06
38105.500000 3.613264e+06
38335.550000 3.657619e+06

20730.650000 3.118524e+06
32585.100000 4.529588e+06
37208.250000 3.785638e+06
39075.100000 1.449031e+07
39287.300000 3.773803e+06
39930.200000 3.871996e+06
39729.550000 3.667771e+06
39769.450000 3.487392e+06

21531.750000 4.248916e+06
33754.600000 6.763921e+06
38715.500000 3.436739e+06
40478.600000 1.573715e+07
40684.650000 4.215109e+06
41391.700000 3.913217e+06
41241.850000 4.521025e+06
41468.400000 5.208208e+06

22481.500000 3.742447e+06
34906.350000 3.852375e+06
39897.450000 4.102421e+06
41994.300000 3.576312e+06
42261.450000 4.517704e+06
42579.950000 3.707134e+06
42736.050000 8.714263e+06
43069.750000 4.138763e+06

23398.200000 3.910385e+06
35880.400000 4.184486e+06
41313.600000 4.796887e+06
43660.750000 3.871954e+06
43712.500000 5.276883e+06
43831.750000 4.387496e+06
44325.300000 4.714415e+06
44579.300000 5.472379e+06

24155.100000 3.685323e+06
37033.200000 1.750649e+07
42736.150000 4.836130e+06
44963.150000 4.312508e+06
45469.750000 5.215276e+06
45476.350000 4.189129e+06
45688.450000 5.760464e+06
45909.600000 5.146845e+06

24938.450000 5.133463e+06
38419.000000 4.925500e+06
43884.750000 1.066118e+07
46338.900000 4.860424e+06
47060.400000 4.461996e+06
46964.700000 6.615464e+06
47368.400000 5.548857e+06
46986.600000 6.301197e+06

25628.300000 8.845227e+06
39761.050000 5.325102e+06
45385.950000 8.251085e+06
47571.400000 4.696947e+06
48413.350000 5.162522e+06
48401.600000 6.464776e+06
49038.850000 5.052424e+06
48611.150000 6.039032e+06

26251.300000 4.785402e+06
41064.850000 5.993585e+06
46916.000000 5.102100e+06
48877.400000 6.364815e+06
49781.150000 5.873401e+06
50045.300000 5.251814e+06
50392.800000 6.610870e+06
50142.700000 5.509133e+06

27060.650000 5.596839e+06
42014.650000 5.290905e+06
48662.800000 6.223193e+06
50341.250000 5.723054e+06
51125.850000 7.156675e+06
51655.950000 6.227150e+06
51648.550000 5.262810e+06
51710.600000 6.489705e+06

27853.100000 5.155633e+06
43363.700000 7.955798e+06
49911.050000 6.109502e+06
51923.350000 2.196086e+07
52652.000000 5.758592e+06
53152.650000 5.823870e+06
52999.450000 6.457774e+06
53292.900000 6.071632e+06

28635.100000 5.517694e+06
44603.450000 8.434121e+06
51307.100000 6.842570e+06
53433.000000 2.149288e+07
54005.050000 6.503528e+06
54573.350000 6.698207e+06
54441.450000 6.584880e+06
54937.600000 6.692802e+06

29512.150000 5.688107e+06
45720.150000 8.109227e+06
52427.250000 6.663672e+06
55024.900000 2.354803e+07
55411.600000 6.922142e+06
56245.900000 6.868994e+06
55939.550000 7.059442e+06
56423.900000 6.990090e+06

30219.100000 6.740296e+06
46961.800000 9.395056e+06
53899.700000 8.008876e+06
56424.600000 2.398916e+07
56785.350000 7.006944e+06
57767.900000 7.088676e+06
57480.100000 7.991068e+06
57996.300000 7.432330e+06

30893.700000 6.345643e+06
48181.400000 8.484552e+06
55502.100000 7.146529e+06
57529.100000 2.425032e+07
58590.950000 7.185016e+06
58971.950000 7.120542e+06
59182.450000 9.206813e+06
59084.450000 7.091952e+06

31625.300000 6.801982e+06
49330.350000 1.106285e+07
56882.800000 8.516904e+06
59189.250000 8.815779e+06
60104.850000 8.024040e+06
60159.400000 7.120070e+06
60855.000000 9.383783e+06
60520.100000 8.106897e+06

32450.800000 6.998582e+06
50520.700000 1.133259e+07
58134.550000 8.052493e+06
60893.500000 2.577867e+07
61541.300000 8.018303e+06
61677.400000 7.906179e+06
62391.000000 8.291503e+06
61782.600000 7.954728e+06

33249.850000 7.938208e+06
51870.800000 8.981751e+06
59462.850000 9.327396e+06
62273.050000 2.764853e+07
62967.800000 9.772562e+06
63106.250000 8.541941e+06
63986.100000 9.158634e+06
63191.950000 8.580676e+06

33927.850000 8.102127e+06
53395.250000 1.051101e+07
60609.400000 9.872547e+06
63616.900000 2.699573e+07
64475.500000 8.923163e+06
64551.050000 8.746670e+06
65478.300000 9.618160e+06
65037.350000 9.306640e+06

34663.450000 8.306642e+06
54714.600000 1.441997e+07
61968.800000 1.083413e+07
64889.250000 2.786415e+07
66079.300000 1.016582e+07
66332.650000 9.625819e+06
66459.500000 9.358080e+06
66708.400000 8.930625e+06

35455.600000 8.465448e+06
55965.650000 1.035151e+07
63254.750000 9.994384e+06
66356.200000 2.905769e+07
67530.350000 9.890087e+06
68076.450000 9.832687e+06
67706.500000 1.090346e+07
68219.150000 9.623495e+06

36239.850000 8.735155e+06
57049.850000 2.102078e+07
64779.500000 1.001623e+07
67846.800000 2.953349e+07
68741.750000 1.059268e+07
69663.400000 9.760436e+06
69162.750000 1.151096e+07
69626.050000 1.043487e+07

37014.550000 9.862666e+06
58277.400000 1.147936e+07
66101.400000 1.051174e+07
69292.550000 2.498658e+07
70382.550000 1.050264e+07
71084.400000 1.059191e+07
70464.750000 1.037499e+07
71056.400000 9.669076e+06

37770.600000 1.022546e+07
59475.600000 1.202282e+07
67617.800000 1.054728e+07
70808.200000 1.968481e+07
71652.950000 1.050400e+07
72604.000000 1.072428e+07
72252.450000 1.137187e+07
72423.450000 1.104102e+07

38522.000000 1.066676e+07
60758.950000 1.165825e+07
69105.750000 1.082575e+07
72231.050000 3.222707e+07
72794.700000 1.121124e+07
74205.700000 1.117446e+07
73840.900000 1.247031e+07
73771.650000 1.058696e+07

39346.500000 1.034109e+07
61882.150000 1.554654e+07
70515.650000 1.103279e+07
73635.400000 3.297612e+07
74481.450000 1.139807e+07
75436.850000 1.127285e+07
75466.450000 1.198754e+07
75188.350000 1.159866e+07

40087.550000 1.248700e+07
63283.050000 1.225334e+07
71750.100000 1.227402e+07
75168.050000 3.368882e+07
76150.650000 1.177714e+07
76586.900000 1.178608e+07
76952.950000 1.259919e+07
76507.200000 1.289899e+07

40719.350000 1.189346e+07
64647.200000 1.205940e+07
73161.000000 1.377367e+07
76428.650000 1.185810e+07
77908.300000 1.630093e+07
78051.000000 1.328311e+07
78080.400000 1.253756e+07
78181.850000 1.450223e+07

41531.850000 1.175351e+07
65792.950000 1.377496e+07
74497.350000 1.262770e+07
78049.950000 1.367472e+07
79303.300000 1.248568e+07
79377.950000 3.513100e+07
79544.550000 1.297029e+07
79831.300000 1.243130e+07

42224.000000 1.243295e+07
66979.500000 1.499334e+07
76112.900000 1.282115e+07
79328.850000 1.736900e+07
80961.200000 1.325074e+07
80925.000000 1.304987e+07
81121.600000 1.450545e+07
81377.750000 1.300082e+07

43159.350000 1.264358e+07
68132.300000 1.301424e+07
77450.550000 1.403312e+07
80731.350000 1.284885e+07
82616.800000 1.969300e+07
82319.750000 1.309187e+07
82530.400000 1.353749e+07
82743.350000 1.537392e+07

43911.800000 1.270020e+07
69434.400000 1.499970e+07
78790.650000 1.336167e+07
82180.550000 2.492131e+07
84069.600000 1.336219e+07
83812.950000 1.402884e+07
84000.700000 1.573078e+07
84123.850000 1.356313e+07

44802.700000 1.311473e+07
70455.800000 1.374182e+07
80218.700000 1.592340e+07
83380.950000 1.550247e+07
85540.550000 1.575471e+07
85348.150000 1.403293e+07
85482.350000 2.163504e+07
85923.800000 1.424031e+07

45695.600000 1.329669e+07
71371.100000 1.781249e+07
81822.950000 1.438795e+07
84904.100000 3.663239e+07
86781.500000 1.462317e+07
87009.500000 1.509249e+07
86810.150000 1.656139e+07
87646.650000 1.458924e+07

46423.000000 1.327084e+07
72447.050000 1.411008e+07
83555.450000 1.592768e+07
86244.900000 1.437123e+07
88139.350000 1.728851e+07
88342.800000 1.467747e+07
88491.300000 1.801538e+07
89123.500000 1.480046e+07

47134.000000 1.480324e+07
73631.100000 1.414621e+07
84894.500000 1.525959e+07
88067.100000 1.495285e+07
89247.550000 1.699850e+07
89803.600000 1.463022e+07
90047.600000 4.210117e+07
90211.000000 1.516116e+07

47821.650000 1.412278e+07
75093.700000 2.252538e+07
85994.000000 1.532344e+07
89844.050000 4.274253e+07
90799.000000 1.562835e+07
91227.550000 1.558426e+07
91753.800000 1.610247e+07
91314.300000 1.516082e+07

48675.900000 1.554418e+07
76239.700000 1.706773e+07
87367.950000 1.619486e+07
91250.250000 4.183052e+07
92326.600000 1.646101e+07
92635.400000 1.547046e+07
92940.000000 1.673005e+07
93139.800000 1.508265e+07

49648.750000 1.466978e+07
77360.650000 1.566817e+07
88729.150000 1.709653e+07
92686.750000 1.604346e+07
93725.350000 1.692106e+07
93990.350000 1.552552e+07
94576.550000 4.430016e+07
94639.750000 1.635886e+07

50382.700000 1.539749e+07
78626.350000 2.251071e+07
90177.100000 1.594183e+07
94162.950000 1.676519e+07
95228.900000 1.681564e+07
95409.150000 1.624642e+07
96341.750000 1.770710e+07
95682.200000 1.680563e+07

51135.850000 1.556481e+07
79969.800000 1.790695e+07
91481.100000 1.721707e+07
95583.450000 1.610104e+07
96524.900000 1.789539e+07
97014.000000 1.657206e+07
97743.500000 1.852944e+07
96927.550000 1.719144e+07

51809.750000 1.518817e+07
81207.900000 1.584115e+07
92887.000000 1.769248e+07
97154.300000 1.799395e+07
98049.500000 1.817993e+07
98443.850000 1.644570e+07
99158.650000 1.733587e+07
98542.900000 1.665942e+07

52833.600000 1.661304e+07
82144.100000 1.603477e+07
94317.350000 1.728166e+07
98531.000000 1.677338e+07
99527.550000 2.053768e+07
99990.900000 1.786659e+07
100469.500000 2.112109e+07
100216.000000 1.760371e+07

53724.300000 1.591088e+07
83252.850000 1.673998e+07
95675.000000 1.793506e+07
100159.900000 1.808036e+07
100785.150000 1.768622e+07
101681.200000 1.767916e+07
101744.550000 2.031793e+07
102058.550000 1.751434e+07

54439.800000 1.658286e+07
84635.100000 2.039225e+07
96809.500000 2.003819e+07
101640.600000 5.264158e+07
102365.000000 1.815071e+07
103171.800000 1.794533e+07
103181.300000 1.973097e+07
103538.400000 1.822708e+07

55099.000000 1.619283e+07
86028.950000 2.135597e+07
98007.850000 1.792569e+07
103194.950000 4.773910e+07
103794.050000 1.802048e+07
104779.150000 1.855776e+07
104682.500000 2.099653e+07
104852.600000 1.849218e+07

55836.650000 1.735446e+07
87227.800000 1.754489e+07
99427.050000 1.813333e+07
104402.550000 1.837927e+07
105424.400000 1.942225e+07
106315.000000 1.844497e+07
106001.250000 2.075176e+07
106507.700000 1.878471e+07

56657.950000 1.850162e+07
88486.900000 1.796522e+07
100945.900000 2.108459e+07
105767.250000 1.871078e+07
106858.150000 3.870864e+07
107748.300000 1.947270e+07
107355.600000 1.831459e+07
108164.550000 1.969720e+07

57577.300000 1.798429e+07
89614.800000 2.000897e+07
102404.050000 1.894369e+07
107003.850000 2.098022e+07
108132.150000 1.990980e+07
109386.950000 2.478643e+07
108691.750000 1.833347e+07
109710.900000 1.832029e+07

58342.300000 1.755362e+07
90890.500000 2.414306e+07
104033.750000 1.883327e+07
108242.450000 4.830938e+07
109603.600000 2.020419e+07
110890.400000 2.013040e+07
110244.600000 2.200967e+07
110879.350000 1.890092e+07

59200.800000 1.965716e+07
92017.400000 1.962247e+07
105371.600000 2.308746e+07
109785.600000 1.931464e+07
110975.900000 2.152631e+07
112147.550000 2.258218e+07
112202.550000 2.074586e+07
112335.900000 2.012479e+07

59924.350000 1.893951e+07
93232.650000 2.564886e+07
106875.900000 2.079175e+07
111085.550000 5.395470e+07
112367.850000 2.037631e+07
113633.350000 1.946416e+07
113715.250000 2.124270e+07
113791.250000 2.027526e+07

60616.050000 1.854216e+07
94580.200000 3.919613e+07
108270.350000 1.971437e+07
112409.000000 1.980274e+07
114123.350000 1.998122e+07
114974.550000 1.986473e+07
115176.800000 2.287207e+07
115292.100000 2.038130e+07

61268.800000 1.942814e+07
95926.300000 2.042932e+07
109675.500000 2.299550e+07
113794.550000 2.320385e+07
115740.300000 2.549461e+07
116244.200000 2.058036e+07
116687.100000 2.048832e+07
116857.750000 2.218182e+07

62070.450000 1.935114e+07
97172.950000 2.858979e+07
111081.300000 2.286536e+07
115055.500000 5.448782e+07
117362.050000 2.076452e+07
117736.550000 2.081276e+07
118083.950000 2.068095e+07
118546.950000 2.004793e+07

62910.400000 2.010940e+07
98378.350000 2.410496e+07
112450.300000 2.100717e+07
116510.350000 5.507282e+07
118767.600000 2.066769e+07
119126.500000 2.066865e+07
119896.000000 2.277713e+07
119900.650000 2.193332e+07

63767.500000 2.010307e+07
99559.800000 2.189983e+07
113818.750000 2.133015e+07
117935.200000 4.607401e+07
120256.950000 2.155000e+07
120368.300000 2.164932e+07
121601.700000 2.149186e+07
121479.600000 2.144967e+07

64479.700000 1.999748e+07
100833.450000 3.012599e+07
115375.500000 2.108861e+07
119382.450000 5.981468e+07
121817.300000 2.171773e+07
121612.000000 2.166256e+07
123039.550000 2.386593e+07
123104.000000 2.306169e+07

65204.350000 2.030567e+07
102037.750000 4.516304e+07
116652.950000 2.205362e+07
121023.950000 2.138250e+07
123379.950000 2.361231e+07
123125.550000 2.112900e+07
124289.300000 2.332468e+07
124767.400000 2.195620e+07

65948.100000 2.145066e+07
103300.400000 2.535507e+07
117984.500000 2.297952e+07
122449.800000 3.055022e+07
124795.550000 2.214550e+07
124763.400000 2.174450e+07
125684.100000 2.344526e+07
126150.800000 2.212761e+07

66731.750000 2.219595e+07
104420.100000 2.304306e+07
119486.000000 2.346901e+07
123751.900000 2.264791e+07
126167.750000 2.484093e+07
126568.050000 2.428035e+07
126761.150000 2.516982e+07
127594.550000 2.340025e+07

67432.250000 2.149967e+07
105574.400000 2.254958e+07
120999.400000 2.392171e+07
125167.950000 2.327330e+07
127511.050000 4.444462e+07
128402.650000 2.462397e+07
128105.950000 2.224625e+07
129167.100000 2.366221e+07

68268.100000 4.602560e+07
106528.350000 2.446300e+07
122492.300000 2.722248e+07
126783.950000 2.325178e+07
128862.500000 2.384578e+07
129934.850000 2.496081e+07
129579.750000 2.367202e+07
130891.350000 2.276114e+07

68966.200000 2.208147e+07
107893.700000 2.163624e+07
123798.750000 2.531038e+07
128075.100000 2.389215e+07
130594.650000 2.562303e+07
131301.600000 2.341168e+07
131421.100000 6.478694e+07
132167.650000 2.403276e+07

69869.850000 2.240265e+07
109062.600000 2.246883e+07
125221.850000 2.651671e+07
129404.950000 2.349919e+07
132234.950000 3.597214e+07
132496.950000 2.516008e+07
133248.200000 2.341069e+07
133354.150000 2.619573e+07

70777.100000 4.745517e+07
110067.350000 2.288888e+07
126505.200000 6.132655e+07
130978.200000 2.452718e+07
133579.100000 2.477222e+07
134147.450000 2.646039e+07
134756.300000 2.507948e+07
134847.850000 2.812245e+07

71599.600000 2.219680e+07
111340.600000 2.478472e+07
127686.750000 2.360313e+07
132667.650000 2.656044e+07
134982.300000 2.485111e+07
135693.600000 4.729990e+07
136143.300000 2.481561e+07
136343.650000 2.416833e+07

72270.500000 2.519726e+07
112794.150000 2.590356e+07
129127.400000 2.482397e+07
134143.150000 2.601885e+07
136108.800000 2.555322e+07
137266.400000 6.997651e+07
137558.300000 2.616945e+07
137807.450000 2.730142e+07

73039.250000 2.353306e+07
114041.400000 2.596963e+07
130337.500000 2.529803e+07
135733.700000 3.090647e+07
137385.350000 2.707872e+07
138827.350000 2.751292e+07
139117.350000 2.541476e+07
139230.750000 2.575536e+07

73878.800000 2.335343e+07
115288.650000 2.458278e+07
131656.850000 2.662170e+07
137347.650000 2.516491e+07
138527.700000 2.788696e+07
140357.050000 2.514813e+07
140649.550000 6.446485e+07
140661.950000 2.636038e+07

74703.800000 2.384611e+07
116576.200000 3.790011e+07
132943.050000 2.488801e+07
138839.600000 7.240282e+07
139946.950000 2.691513e+07
141696.200000 2.571720e+07
142187.450000 2.793437e+07
142005.550000 2.682047e+07

75500.600000 2.452447e+07
117969.250000 2.530266e+07
134182.050000 2.759236e+07
140433.550000 2.578669e+07
141376.150000 2.924636e+07
143074.500000 2.653040e+07
144017.550000 3.703028e+07
143339.200000 2.668455e+07

76269.450000 2.440274e+07
119235.400000 3.016952e+07
135410.100000 2.623466e+07
141899.900000 7.262434e+07
143037.150000 2.707730e+07
144335.800000 2.536209e+07
145588.200000 2.926178e+07
144695.200000 2.613399e+07

77204.500000 2.549639e+07
120386.550000 2.511279e+07
136699.950000 2.720893e+07
143339.650000 2.637556e+07
144646.450000 3.143777e+07
145737.200000 2.785534e+07
147174.000000 7.496630e+07
146395.050000 2.674218e+07

78043.000000 2.594326e+07
121609.750000 4.415745e+07
138083.400000 2.671032e+07
144622.300000 4.284860e+07
146343.700000 2.781714e+07
147154.350000 2.688445e+07
148519.950000 2.727397e+07
147771.800000 2.656260e+07

