713.904762 1.221171e+05
1186.000000 1.170668e+05
1354.142857 1.136169e+05
1477.428571 1.076453e+05
1445.571429 9.429529e+04
1457.476190 8.711405e+04
1464.380952 8.385105e+04
1458.952381 8.494429e+04

1477.571429 2.159401e+05
2389.380952 2.469315e+05
2734.523810 2.114983e+05
2891.904762 2.357889e+05
2918.714286 1.961809e+05
2905.333333 1.897967e+05
2943.523810 1.975576e+05
2921.095238 2.136205e+05

2231.142857 3.400909e+05
3580.047619 3.423790e+05
4180.000000 3.317740e+05
4252.285714 3.187950e+05
4346.571429 3.590566e+05
4410.809524 3.169543e+05
4442.714286 3.353538e+05
4451.523810 3.598270e+05

3035.476190 3.692815e+05
4754.857143 4.318322e+05
5492.238095 4.705338e+05
5745.476190 4.372787e+05
5855.047619 5.021796e+05
5938.428571 4.867796e+05
5868.571429 4.708526e+05
5912.619048 4.934553e+05

3860.761905 4.642091e+05
5912.571429 4.622790e+05
6814.380952 4.774144e+05
7271.190476 4.818613e+05
7311.714286 5.134250e+05
7368.714286 4.905033e+05
7360.047619 6.207300e+05
7346.952381 7.755386e+05

4593.857143 5.784779e+05
7164.428571 9.367305e+05
8254.000000 6.002389e+05
8630.333333 2.010675e+06
8794.857143 6.914433e+05
8881.142857 6.916349e+05
8821.904762 7.618897e+05
8850.952381 5.980650e+05

5315.619048 6.232570e+05
8288.095238 7.462251e+05
9813.047619 8.253356e+05
10004.904762 7.878746e+05
10286.190476 1.201369e+06
10253.476190 7.523235e+05
10432.285714 7.173313e+05
10419.190476 1.061051e+06

6107.666667 9.188482e+05
9559.619048 9.338963e+05
10968.523810 1.041600e+06
11629.857143 9.911268e+05
11638.666667 1.245486e+06
11875.571429 8.784677e+05
11882.952381 8.010084e+05
11715.523810 1.053166e+06

6737.714286 9.248556e+05
10935.142857 9.775842e+05
12299.809524 1.233571e+06
13107.952381 9.323784e+05
13267.857143 2.447436e+06
13306.095238 8.594869e+05
13169.142857 8.051592e+05
13416.428571 1.070734e+06

7636.142857 1.249087e+06
11955.809524 9.932827e+05
13812.285714 1.086005e+06
14445.428571 1.064020e+06
14713.809524 1.226143e+06
14706.142857 1.046669e+06
14898.952381 3.110533e+06
14817.095238 1.116271e+06

8482.857143 1.089555e+06
12979.047619 1.126576e+06
15329.238095 1.854478e+06
16073.428571 1.257471e+06
16006.476190 1.262536e+06
16287.857143 1.270987e+06
16292.904762 1.184479e+06
16131.571429 1.752888e+06

9259.571429 1.331737e+06
14219.761905 1.274871e+06
16604.000000 1.682182e+06
17504.571429 1.315448e+06
17576.428571 1.557159e+06
17780.904762 1.270696e+06
17641.380952 4.811477e+06
17786.238095 1.284752e+06

10030.380952 1.863576e+06
15500.380952 1.754198e+06
18048.571429 2.255780e+06
18738.428571 1.611722e+06
19292.190476 5.760544e+06
19044.809524 1.605881e+06
19115.047619 1.618232e+06
19143.142857 1.745260e+06

10675.904762 1.558350e+06
16903.857143 1.848865e+06
19463.857143 1.619796e+06
20155.904762 2.514469e+06
20588.285714 1.759951e+06
20572.523810 1.690707e+06
20686.952381 2.330384e+06
20525.571429 1.602593e+06

11326.238095 1.866715e+06
18122.523810 1.811977e+06
20890.571429 2.239867e+06
21740.190476 1.626470e+06
22001.857143 3.796717e+06
22006.095238 1.787856e+06
22087.523810 1.728722e+06
22104.047619 1.784635e+06

12092.333333 1.939265e+06
19395.523810 4.247594e+06
22141.000000 1.766257e+06
23267.238095 1.753542e+06
23464.000000 2.088791e+06
23521.857143 1.647368e+06
23553.380952 2.585531e+06
23476.619048 1.787315e+06

12903.285714 1.746534e+06
20530.285714 1.866782e+06
23644.380952 2.399199e+06
24671.666667 1.844813e+06
24821.714286 4.870253e+06
24981.238095 2.035899e+06
25098.666667 1.857545e+06
25007.523810 2.217225e+06

13759.142857 1.923914e+06
21641.952381 2.599753e+06
25157.714286 2.046635e+06
25980.809524 8.813933e+06
26377.619048 2.179083e+06
26340.285714 2.160916e+06
26512.666667 2.368749e+06
26610.761905 2.192127e+06

14531.238095 2.216323e+06
22937.333333 2.289714e+06
26491.380952 2.365899e+06
27334.523810 2.384682e+06
27899.571429 2.612216e+06
28069.380952 2.078226e+06
27787.761905 2.822940e+06
27981.904762 2.152515e+06

15375.904762 4.006081e+06
23974.000000 2.297376e+06
27785.714286 6.900880e+06
28909.857143 2.396924e+06
29264.285714 2.248031e+06
29462.238095 2.590663e+06
29495.619048 2.490273e+06
29589.095238 2.654546e+06

16124.619048 2.092448e+06
25308.761905 3.342222e+06
29178.190476 2.809723e+06
30265.142857 1.116065e+07
30816.476190 2.469650e+06
30835.428571 2.440981e+06
30956.619048 2.735499e+06
30934.238095 2.591858e+06

16831.095238 2.433941e+06
26662.666667 2.228057e+06
30510.761905 2.858845e+06
31689.190476 2.737216e+06
32300.000000 3.124260e+06
32376.952381 2.716801e+06
32400.571429 7.209877e+06
32344.476190 2.670663e+06

17706.809524 2.567182e+06
27929.523810 2.451878e+06
31867.047619 3.419658e+06
33120.666667 3.060316e+06
33660.619048 3.467513e+06
33729.904762 2.874055e+06
34029.095238 2.987479e+06
33929.285714 3.375917e+06

18359.285714 3.074674e+06
29293.666667 9.229654e+06
33059.047619 3.492510e+06
34503.142857 3.072267e+06
35350.285714 3.226825e+06
35172.095238 3.023979e+06
35433.523810 3.381349e+06
35407.904762 3.075463e+06

19128.761905 3.433984e+06
30426.571429 3.279280e+06
34463.571429 3.620520e+06
36157.809524 3.038780e+06
36706.000000 4.554521e+06
36810.666667 3.798877e+06
36738.476190 3.374314e+06
36904.380952 4.716228e+06

19913.714286 3.505550e+06
31471.047619 3.390993e+06
36006.666667 3.876049e+06
37651.857143 3.532284e+06
38087.000000 4.862938e+06
38323.666667 3.938405e+06
38126.285714 1.192138e+07
38454.571429 3.592322e+06

20753.047619 3.525199e+06
32629.238095 4.436344e+06
37343.904762 3.814398e+06
39062.285714 7.216063e+06
39343.714286 4.432284e+06
39905.619048 4.002064e+06
39728.428571 4.505401e+06
39817.666667 3.545247e+06

21551.047619 3.678146e+06
33841.904762 4.843846e+06
38749.095238 4.222989e+06
40565.761905 1.516045e+07
40824.761905 4.160834e+06
41446.047619 4.091781e+06
41256.238095 4.755188e+06
41548.761905 3.967151e+06

22500.476190 3.655803e+06
34995.380952 1.040478e+07
39981.000000 4.380649e+06
42107.238095 1.736171e+07
42264.476190 5.020103e+06
42647.571429 5.207887e+06
42777.000000 4.466600e+06
43185.523810 4.445593e+06

23414.619048 4.230441e+06
35913.428571 4.236888e+06
41433.619048 4.541767e+06
43792.619048 4.263505e+06
43760.523810 5.477113e+06
43860.761905 4.679835e+06
44376.523810 6.232435e+06
44621.190476 5.123371e+06

24198.952381 4.453593e+06
37062.380952 6.635199e+06
42842.714286 6.456532e+06
45003.666667 1.869380e+07
45559.619048 4.717178e+06
45484.761905 4.479928e+06
45799.523810 5.599847e+06
45912.142857 4.778592e+06

24963.571429 4.754784e+06
38518.380952 4.794393e+06
43980.666667 6.590282e+06
46404.238095 5.000815e+06
47098.095238 6.222590e+06
47029.190476 5.656666e+06
47444.428571 5.432322e+06
47060.571429 6.299912e+06

25651.523810 5.073891e+06
39808.000000 4.991038e+06
45485.190476 6.701868e+06
47644.619048 5.761971e+06
48439.809524 6.422137e+06
48454.857143 5.862590e+06
49081.047619 7.521681e+06
48680.666667 5.941447e+06

26228.000000 5.299665e+06
41165.095238 5.710340e+06
47017.619048 6.467793e+06
48976.523810 6.040967e+06
49760.809524 6.550446e+06
50143.619048 6.186507e+06
50392.476190 7.759642e+06
50201.714286 5.819585e+06

27064.714286 5.167801e+06
42169.666667 5.511803e+06
48700.523810 6.279004e+06
50367.047619 6.055625e+06
51212.952381 9.925771e+06
51698.523810 8.821589e+06
51705.619048 2.177952e+07
51765.571429 6.466447e+06

27872.571429 5.389109e+06
43459.523810 6.122218e+06
49957.666667 6.808502e+06
51997.000000 7.284565e+06
52679.714286 7.595081e+06
53194.095238 7.287846e+06
52983.761905 7.394332e+06
53391.047619 6.728389e+06

28661.047619 6.317988e+06
44652.523810 6.879812e+06
51404.714286 7.242773e+06
53542.238095 7.156499e+06
53982.333333 9.182077e+06
54650.380952 7.445940e+06
54477.523810 1.521879e+07
54972.380952 7.030541e+06

29504.142857 6.170201e+06
45820.904762 8.908980e+06
52601.904762 7.885017e+06
55085.666667 1.277951e+07
55443.714286 6.976266e+06
56211.666667 7.675741e+06
56049.857143 8.501940e+06
56468.333333 7.490236e+06

30224.761905 7.268822e+06
47024.809524 2.168839e+07
53996.666667 7.577776e+06
56458.714286 7.787479e+06
56945.190476 7.875769e+06
57751.904762 7.740505e+06
57564.285714 8.669265e+06
57980.333333 7.515476e+06

30957.285714 7.970777e+06
48202.523810 1.301268e+07
55582.761905 8.582849e+06
57646.952381 2.353877e+07
58584.809524 8.943395e+06
59034.571429 8.811856e+06
59265.476190 8.691241e+06
59184.571429 7.938502e+06

31648.523810 9.651191e+06
49446.190476 8.749217e+06
57017.380952 1.120180e+07
59224.476190 9.433229e+06
60160.380952 9.622302e+06
60280.714286 9.740861e+06
60825.000000 9.032947e+06
60527.190476 9.653884e+06

32466.714286 9.998631e+06
50677.333333 9.721087e+06
58261.238095 8.942326e+06
60970.238095 2.656406e+07
61541.952381 8.542260e+06
61793.142857 8.658812e+06
62415.333333 1.004621e+07
61900.952381 9.147794e+06

33266.333333 9.129164e+06
51963.571429 1.105503e+07
59502.238095 1.031245e+07
62290.809524 2.719205e+07
63060.333333 9.847765e+06
63164.238095 9.310786e+06
64074.904762 9.894747e+06
63378.285714 9.457016e+06

33944.190476 9.656237e+06
53436.809524 1.018724e+07
60846.714286 9.802958e+06
63623.857143 2.945487e+07
64520.809524 9.848541e+06
64635.333333 9.616793e+06
65483.666667 9.525887e+06
65132.904762 9.145011e+06

34718.476190 9.051132e+06
54755.476190 9.875458e+06
62049.333333 1.029401e+07
65023.238095 9.958701e+06
66094.857143 1.208336e+07
66380.809524 1.035328e+07
66479.523810 1.106240e+07
66859.380952 1.028389e+07

35485.666667 1.056785e+07
56036.095238 9.789103e+06
63380.619048 1.131558e+07
66516.619048 1.087718e+07
67474.238095 1.249069e+07
68124.095238 1.028854e+07
67779.333333 9.730516e+06
68388.047619 1.191021e+07

36271.095238 1.024485e+07
57153.761905 1.172818e+07
64853.000000 1.157287e+07
67899.000000 1.324319e+07
68864.428571 1.227497e+07
69806.619048 1.204622e+07
69274.809524 1.310824e+07
69775.380952 1.121887e+07

37052.904762 1.139440e+07
58299.190476 1.070724e+07
66269.095238 1.431583e+07
69378.428571 1.163236e+07
70464.476190 1.128968e+07
71222.571429 1.371260e+07
70521.761905 1.151958e+07
71243.142857 1.356489e+07

37803.571429 1.049398e+07
59635.857143 1.285195e+07
67644.095238 1.158176e+07
70936.380952 1.746953e+07
71734.619048 1.112911e+07
72646.714286 1.199962e+07
72280.333333 1.482493e+07
72638.190476 1.397579e+07

38605.666667 1.129323e+07
60729.571429 1.571309e+07
69266.380952 1.274131e+07
72335.809524 3.188684e+07
72973.476190 1.244679e+07
74225.761905 1.170554e+07
74016.523810 1.315819e+07
73910.095238 1.267624e+07

39389.000000 1.122075e+07
61976.571429 1.644277e+07
70700.666667 1.204060e+07
73698.333333 3.347831e+07
74595.857143 1.242883e+07
75505.857143 1.254587e+07
75474.857143 1.340697e+07
75379.619048 1.182714e+07

40089.380952 1.220554e+07
63385.761905 1.513415e+07
71810.714286 1.265440e+07
75202.142857 3.233648e+07
76344.047619 1.361523e+07
76686.333333 1.345164e+07
77008.000000 1.353615e+07
76660.714286 1.314915e+07

40744.904762 1.207987e+07
64747.809524 1.454086e+07
73238.714286 1.312653e+07
76584.666667 3.473431e+07
77928.523810 1.330793e+07
78077.142857 1.262288e+07
78293.809524 1.429287e+07
78325.095238 1.241618e+07

41534.000000 1.245817e+07
65876.904762 1.668986e+07
74636.428571 1.291631e+07
78086.619048 3.283548e+07
79425.428571 1.373313e+07
79465.190476 1.316251e+07
79796.238095 1.627991e+07
80018.095238 1.325132e+07

42286.571429 1.281271e+07
67050.857143 1.459014e+07
76142.476190 1.343325e+07
79416.190476 1.926046e+07
81083.476190 1.409173e+07
80966.380952 1.389056e+07
81395.142857 1.468787e+07
81531.571429 1.319365e+07

43188.285714 1.323705e+07
68236.285714 1.332813e+07
77552.714286 1.468402e+07
80836.476190 1.490327e+07
82661.619048 1.794868e+07
82354.523810 1.459432e+07
82673.380952 3.437667e+07
82819.142857 1.424373e+07

43978.904762 1.317284e+07
69489.380952 1.703485e+07
78872.809524 1.404621e+07
82242.571429 2.987631e+07
84157.904762 1.593960e+07
83885.952381 1.533134e+07
84159.952381 1.500656e+07
84234.428571 1.506576e+07

44875.380952 1.363376e+07
70538.476190 1.412423e+07
80258.714286 1.518211e+07
83493.095238 1.449500e+07
85665.285714 1.607712e+07
85431.095238 1.522112e+07
85581.142857 1.496676e+07
86073.809524 1.568337e+07

45678.000000 1.366708e+07
71484.619048 1.740324e+07
82003.714286 1.505450e+07
84906.476190 2.793783e+07
86901.190476 1.525184e+07
87104.095238 1.508133e+07
86999.904762 1.828696e+07
87796.571429 1.676243e+07

46489.571429 1.444883e+07
72538.285714 1.444384e+07
83594.476190 1.535354e+07
86403.857143 1.620344e+07
88200.857143 1.880323e+07
88514.333333 1.531089e+07
88789.142857 1.845817e+07
89131.095238 1.583864e+07

47203.857143 1.654759e+07
73733.285714 1.563665e+07
84894.714286 1.805596e+07
88140.809524 1.630832e+07
89447.095238 3.478351e+07
89957.238095 1.640318e+07
90264.714286 1.612072e+07
90287.095238 1.609964e+07

47870.142857 1.682508e+07
75190.666667 1.563374e+07
86141.761905 1.678543e+07
89861.666667 1.561622e+07
90882.047619 1.829317e+07
91373.142857 1.597720e+07
91911.523810 1.586866e+07
91529.857143 1.769808e+07

48774.619048 1.557825e+07
76385.809524 1.896744e+07
87436.190476 1.600444e+07
91325.238095 4.248823e+07
92302.904762 1.654490e+07
92806.476190 1.580559e+07
93166.857143 1.668416e+07
93188.333333 1.638684e+07

49730.666667 1.542712e+07
77434.761905 1.592673e+07
88856.380952 1.975401e+07
92743.476190 1.632357e+07
93772.619048 1.834099e+07
94186.428571 1.674237e+07
94707.809524 1.675448e+07
94646.333333 1.666069e+07

50408.428571 1.569721e+07
78746.476190 2.035166e+07
90255.904762 1.657278e+07
94348.952381 4.671052e+07
95203.523810 1.672789e+07
95612.190476 1.661037e+07
96460.857143 1.736739e+07
95778.619048 1.677540e+07

51149.523810 1.713755e+07
80008.904762 2.506572e+07
91607.142857 1.790948e+07
95742.428571 4.481221e+07
96580.714286 1.724183e+07
97156.142857 1.891644e+07
97909.380952 1.827498e+07
97082.952381 1.696466e+07

51833.952381 1.716645e+07
81289.904762 2.225969e+07
93054.190476 1.721355e+07
97199.285714 4.048178e+07
98043.380952 1.906049e+07
98674.904762 1.924827e+07
99265.428571 1.792377e+07
98642.380952 1.744958e+07

52834.142857 1.681724e+07
82255.857143 2.028836e+07
94453.857143 1.964928e+07
98685.523810 4.855794e+07
99535.952381 1.848056e+07
100145.190476 1.760072e+07
100607.857143 1.868754e+07
100393.809524 1.797192e+07

53768.523810 1.673070e+07
83385.047619 2.453276e+07
95715.428571 1.861766e+07
100263.857143 4.755418e+07
100895.619048 1.747898e+07
101840.190476 1.798220e+07
101923.047619 1.890660e+07
102245.666667 1.803419e+07

54465.238095 1.751541e+07
84725.952381 2.339931e+07
96949.714286 1.923807e+07
101791.285714 4.919696e+07
102310.714286 2.034510e+07
103417.285714 2.078618e+07
103290.238095 1.897760e+07
103689.047619 1.857696e+07

55132.095238 1.728238e+07
86137.000000 2.794898e+07
98115.714286 1.856388e+07
103203.000000 4.688148e+07
103933.857143 2.038549e+07
104897.428571 1.947759e+07
104849.380952 1.908681e+07
105115.761905 1.813043e+07

55859.523810 1.773195e+07
87333.142857 2.179711e+07
99681.571429 1.954232e+07
104587.380952 4.967326e+07
105511.333333 1.969547e+07
106499.666667 1.924708e+07
106115.809524 1.965944e+07
106736.380952 1.897332e+07

56708.095238 1.867993e+07
88545.000000 1.969442e+07
101057.428571 1.914057e+07
105866.619048 1.890233e+07
106923.619048 2.042041e+07
107918.095238 1.876966e+07
107554.333333 2.366963e+07
108363.809524 2.135167e+07

57615.000000 2.114396e+07
89721.523810 1.961433e+07
102671.619048 2.140283e+07
107071.761905 1.988132e+07
108337.333333 4.613610e+07
109574.952381 2.275247e+07
108826.047619 2.149233e+07
110001.857143 2.145343e+07

58394.380952 2.188062e+07
90963.047619 2.003555e+07
104126.571429 1.987398e+07
108478.904762 2.163716e+07
109761.714286 2.067496e+07
110962.047619 3.151122e+07
110386.857143 2.068917e+07
111173.666667 1.979733e+07

59251.142857 1.995325e+07
92117.523810 2.137333e+07
105471.523810 2.018300e+07
109876.619048 2.292140e+07
111119.095238 2.115098e+07
112380.000000 2.072941e+07
112355.380952 2.063841e+07
112540.904762 2.079495e+07

59992.761905 2.031356e+07
93353.047619 2.016333e+07
107026.619048 2.425130e+07
111192.809524 2.235131e+07
112521.380952 2.358406e+07
113894.809524 2.100814e+07
113999.285714 2.242028e+07
113969.190476 2.218995e+07

60660.428571 1.974822e+07
94680.571429 2.993768e+07
108478.428571 2.116244e+07
112537.333333 5.568975e+07
114276.095238 2.158478e+07
115100.333333 2.037641e+07
115409.952381 2.272040e+07
115487.285714 2.159881e+07

61296.333333 2.040107e+07
96075.714286 2.644224e+07
109782.809524 2.135756e+07
113924.142857 4.854539e+07
116025.238095 2.129533e+07
116497.857143 2.123121e+07
116812.619048 2.242869e+07
116975.904762 2.127242e+07

62140.857143 1.999866e+07
97290.809524 2.807366e+07
111213.428571 2.180328e+07
115211.095238 5.971766e+07
117516.666667 2.251224e+07
117954.095238 2.207356e+07
118175.952381 2.204048e+07
118657.571429 2.130563e+07

62995.285714 2.171922e+07
98391.619048 3.315358e+07
112505.380952 2.207262e+07
116726.047619 5.861801e+07
118903.809524 2.327801e+07
119403.285714 2.135457e+07
120107.428571 2.403407e+07
120104.571429 2.349496e+07

63794.285714 2.387123e+07
99678.047619 2.193036e+07
113968.047619 2.752014e+07
118115.523810 2.562468e+07
120331.380952 2.346119e+07
120516.523810 2.454979e+07
121828.476190 2.177690e+07
121466.142857 2.445727e+07

64554.476190 2.079957e+07
100976.952381 2.441147e+07
115406.047619 2.276960e+07
119596.619048 5.966164e+07
122023.523810 2.256708e+07
121830.047619 2.195516e+07
123243.619048 2.401830e+07
123287.333333 2.296920e+07

65285.285714 2.161452e+07
102133.238095 2.549290e+07
116780.857143 2.306098e+07
121100.142857 5.918853e+07
123436.238095 2.358993e+07
123456.238095 2.323033e+07
124440.190476 2.367045e+07
124857.428571 2.272967e+07

66005.333333 2.189207e+07
103458.095238 2.525256e+07
118095.476190 2.265700e+07
122565.523810 5.953207e+07
124903.047619 2.433699e+07
125005.000000 2.315826e+07
125843.285714 2.348354e+07
126203.285714 2.301394e+07

66814.952381 2.206083e+07
104525.428571 2.612436e+07
119728.190476 2.413944e+07
123871.190476 3.395939e+07
126456.952381 2.466089e+07
126786.000000 2.470501e+07
127054.190476 2.368144e+07
127682.047619 2.294616e+07

67512.619048 2.284521e+07
105641.952381 5.690339e+07
121148.142857 2.332881e+07
125540.285714 2.353542e+07
127688.761905 2.406638e+07
128548.809524 2.497473e+07
128302.952381 2.399006e+07
129257.857143 2.334578e+07

68287.000000 2.403122e+07
106753.714286 2.666329e+07
122568.857143 2.468967e+07
126841.666667 6.457262e+07
129144.190476 2.386865e+07
130120.428571 2.407378e+07
129798.904762 2.514389e+07
130920.095238 2.530169e+07

69026.952381 2.496568e+07
108020.476190 2.369082e+07
124009.904762 2.739977e+07
128171.809524 2.409087e+07
130738.857143 3.950639e+07
131506.285714 2.485596e+07
131645.190476 2.432074e+07
132265.571429 2.628009e+07

69885.904762 2.306892e+07
109104.095238 2.476502e+07
125350.285714 2.479450e+07
129452.095238 2.907015e+07
132461.714286 2.519641e+07
132867.000000 6.770227e+07
133427.571429 2.663761e+07
133405.333333 2.492122e+07

70838.666667 2.305587e+07
110193.523810 2.761735e+07
126732.571429 2.432537e+07
131075.380952 3.371828e+07
133943.190476 2.550415e+07
134353.333333 2.589355e+07
134861.428571 2.703866e+07
134849.904762 2.571543e+07

71658.095238 2.491569e+07
111595.238095 2.497530e+07
127808.238095 2.737759e+07
132712.761905 2.476480e+07
135180.761905 3.087471e+07
135913.666667 2.739328e+07
136253.666667 2.566817e+07
136530.190476 2.984592e+07

72346.476190 2.381511e+07
112899.523810 2.480586e+07
129278.904762 2.696928e+07
134180.809524 2.530149e+07
136526.809524 2.732864e+07
137418.809524 2.550256e+07
137734.285714 2.877041e+07
137929.904762 2.659338e+07

73147.428571 5.445413e+07
114100.333333 2.553478e+07
130455.619048 3.096906e+07
135928.523810 2.485054e+07
137647.809524 2.639075e+07
138998.380952 2.774505e+07
139305.095238 2.641012e+07
139438.190476 2.742773e+07

73957.952381 5.165843e+07
115395.333333 2.617702e+07
131788.428571 6.494035e+07
137520.428571 2.565048e+07
138832.428571 2.615664e+07
140500.619048 2.709634e+07
140702.619048 2.832879e+07
140796.476190 2.757216e+07

74757.952381 2.442711e+07
116667.000000 3.014327e+07
133159.095238 2.654790e+07
139106.523810 3.190172e+07
140209.000000 2.827912e+07
141938.523810 2.792387e+07
142472.714286 2.906707e+07
142155.523810 2.875637e+07

75579.428571 2.669655e+07
118007.476190 2.657683e+07
134385.047619 2.880533e+07
140630.142857 2.577749e+07
141550.714286 3.100746e+07
143385.333333 2.761470e+07
144045.333333 2.709342e+07
143474.047619 2.810819e+07

76269.571429 2.658935e+07
119445.142857 3.211924e+07
135576.904762 2.682422e+07
142071.666667 7.224600e+07
143242.428571 2.971093e+07
144517.047619 2.888491e+07
145717.761905 2.989882e+07
144847.047619 2.893678e+07

77206.142857 2.622089e+07
120563.000000 2.651225e+07
136931.380952 3.188559e+07
143519.666667 2.689224e+07
144882.238095 2.961349e+07
145912.238095 2.732203e+07
147306.809524 5.941961e+07
146496.809524 2.788731e+07

78118.619048 2.613760e+07
121757.904762 3.122541e+07
138219.714286 2.880718e+07
144838.761905 7.465666e+07
146530.571429 2.981122e+07
147465.047619 2.834460e+07
148580.285714 2.851026e+07
147926.000000 2.950227e+07

