722.181818 6.918540e+05
1206.045455 1.437138e+05
1384.727273 1.160234e+05
1506.727273 1.111887e+05
1486.727273 1.134305e+05
1493.272727 1.031742e+05
1499.136364 1.050267e+05
1471.363636 1.084358e+05

1504.909091 1.046347e+06
2418.090909 1.978297e+05
2772.681818 1.694183e+05
2961.681818 1.758559e+05
2956.090909 1.698171e+05
2987.272727 1.627101e+05
3027.590909 1.678445e+05
2977.181818 1.657941e+05

2279.272727 3.642528e+05
3638.136364 3.265809e+05
4242.727273 3.454252e+05
4312.818182 3.492259e+05
4461.045455 3.628016e+05
4527.727273 3.515178e+05
4517.454545 3.775793e+05
4519.181818 4.503692e+05

3085.909091 4.199971e+05
4843.590909 4.175370e+05
5592.272727 4.343991e+05
5868.318182 4.906479e+05
5963.181818 5.281108e+05
6078.454545 4.999342e+05
5930.136364 5.052117e+05
6031.818182 4.609372e+05

3923.636364 4.447656e+05
6018.045455 5.516079e+05
6930.318182 6.339774e+05
7419.727273 5.635507e+05
7467.727273 5.199928e+05
7492.227273 6.053282e+05
7522.681818 6.849673e+05
7432.272727 7.713094e+05

4676.590909 1.406164e+07
7299.454545 3.395758e+06
8405.545455 7.674885e+05
8769.409091 6.857348e+05
8923.363636 1.080232e+06
9021.954545 6.011502e+05
8991.500000 2.109821e+06
9060.181818 7.593362e+05

5409.363636 7.940087e+05
8423.909091 1.060714e+06
10023.909091 7.942007e+05
10148.863636 2.780445e+06
10470.272727 7.657737e+05
10442.090909 7.083664e+05
10583.954545 1.034950e+06
10637.590909 6.925565e+05

6202.545455 7.562098e+05
9750.136364 8.335465e+05
11193.227273 1.144599e+06
11778.636364 8.771951e+05
11885.681818 2.966890e+06
12078.863636 9.082114e+05
12067.863636 8.850313e+05
11910.272727 1.198622e+06

6862.954545 9.434046e+05
11110.772727 3.013359e+06
12580.727273 9.899193e+05
13327.590909 1.023243e+06
13502.409091 1.304135e+06
13538.727273 1.062389e+06
13402.363636 1.510811e+06
13618.045455 1.113447e+06

7764.772727 1.075509e+06
12139.000000 1.506488e+06
14092.045455 1.238881e+06
14715.545455 3.139143e+06
14958.136364 1.185705e+06
14980.454545 1.074074e+06
15108.954545 1.664671e+06
15073.863636 1.249951e+06

8617.863636 1.276517e+06
13210.545455 1.319098e+06
15582.000000 1.932790e+06
16350.772727 1.306212e+06
16287.454545 3.807229e+06
16539.772727 1.398148e+06
16565.545455 1.323047e+06
16413.545455 1.578154e+06

9402.090909 1.354556e+06
14441.409091 3.660088e+06
16947.000000 1.563735e+06
17775.636364 5.670544e+06
17867.636364 1.494976e+06
18062.954545 1.416987e+06
17925.272727 1.553208e+06
18056.272727 1.478908e+06

10202.954545 1.706744e+06
15745.000000 1.678959e+06
18360.590909 2.158552e+06
19102.545455 1.718073e+06
19592.272727 2.330498e+06
19401.272727 1.787095e+06
19447.136364 1.743736e+06
19478.045455 2.400756e+06

10847.545455 1.588484e+06
17163.045455 1.617628e+06
19805.500000 2.056829e+06
20515.045455 1.491801e+06
21001.636364 2.084046e+06
20877.454545 1.618801e+06
21076.863636 1.599827e+06
20892.863636 1.941109e+06

11503.590909 1.718744e+06
18441.818182 1.788389e+06
21268.454545 1.873067e+06
22125.136364 1.986422e+06
22302.909091 2.382608e+06
22442.181818 2.071087e+06
22444.500000 5.958012e+06
22561.636364 1.931455e+06

12276.000000 2.620687e+06
19735.045455 2.239709e+06
22572.227273 6.124469e+06
23656.227273 2.158181e+06
23822.545455 2.042258e+06
23863.181818 2.503135e+06
23983.000000 2.394680e+06
23875.636364 3.048017e+06

13095.818182 4.948465e+06
20881.909091 2.208333e+06
24050.000000 7.306293e+06
25123.136364 2.463174e+06
25188.636364 1.983884e+06
25456.636364 2.555253e+06
25509.045455 2.531463e+06
25466.272727 3.169809e+06

13964.863636 2.108175e+06
21992.818182 2.851510e+06
25622.590909 2.376131e+06
26382.590909 8.847442e+06
26801.909091 2.367592e+06
26812.363636 2.560726e+06
26984.090909 3.007498e+06
27104.954545 2.298102e+06

14766.545455 2.184560e+06
23312.500000 2.320423e+06
26948.954545 2.494664e+06
27824.227273 2.323428e+06
28401.500000 4.079588e+06
28538.590909 2.580712e+06
28276.181818 2.190942e+06
28533.181818 2.443442e+06

15641.409091 2.398191e+06
24380.818182 2.577434e+06
28208.272727 2.676391e+06
29471.545455 2.595375e+06
29752.227273 2.973995e+06
29943.772727 2.705652e+06
30062.136364 8.643655e+06
30186.454545 2.879274e+06

16366.181818 2.454290e+06
25749.772727 5.541115e+06
29696.181818 2.584002e+06
30730.409091 1.043709e+07
31409.590909 3.024668e+06
31366.136364 2.514201e+06
31530.954545 3.235283e+06
31516.500000 3.053622e+06

17117.227273 2.899714e+06
27132.181818 7.113583e+06
31036.954545 2.860309e+06
32188.681818 2.829802e+06
32859.136364 3.080140e+06
32949.954545 3.026234e+06
32981.818182 3.465818e+06
32975.045455 2.929336e+06

17966.818182 2.815961e+06
28436.000000 2.768005e+06
32363.727273 3.304988e+06
33698.727273 3.406754e+06
34225.136364 7.078584e+06
34255.227273 3.072603e+06
34688.363636 2.761166e+06
34518.590909 3.270141e+06

18636.136364 3.184740e+06
29803.454545 7.605769e+06
33597.363636 3.398587e+06
35138.363636 4.744926e+06
35935.500000 3.354615e+06
35822.772727 2.983196e+06
36029.227273 3.705104e+06
36089.181818 3.234950e+06

19446.681818 3.420043e+06
30940.318182 3.347040e+06
35017.000000 4.301031e+06
36815.727273 3.384378e+06
37382.227273 4.734892e+06
37394.954545 4.017834e+06
37502.136364 4.260171e+06
37514.636364 3.980191e+06

20226.090909 3.562625e+06
32014.181818 3.547686e+06
36628.727273 4.836317e+06
38281.318182 3.997727e+06
38718.000000 4.673221e+06
39043.727273 4.480011e+06
38790.045455 3.921652e+06
39153.727273 4.119982e+06

21071.409091 4.324780e+06
33175.863636 4.236891e+06
37981.363636 4.106234e+06
39804.681818 3.732476e+06
39973.272727 4.873336e+06
40627.636364 4.181659e+06
40528.409091 4.282787e+06
40554.636364 4.370724e+06

21906.590909 4.300630e+06
34383.454545 9.005138e+06
39419.727273 4.196939e+06
41229.227273 1.236523e+07
41422.909091 4.940479e+06
42251.909091 4.123354e+06
42044.409091 4.725104e+06
42314.818182 4.301450e+06

22851.318182 4.737129e+06
35569.590909 4.851189e+06
40658.863636 5.653817e+06
42848.727273 4.488086e+06
42978.636364 4.489559e+06
43401.818182 4.838040e+06
43625.681818 4.683919e+06
43909.090909 5.757324e+06

23793.318182 4.648407e+06
36545.454545 4.845004e+06
42177.818182 5.017478e+06
44488.636364 4.921590e+06
44542.454545 6.043456e+06
44655.909091 5.073150e+06
45199.045455 1.479592e+07
45484.363636 5.168451e+06

24619.363636 4.131835e+06
37676.772727 5.977366e+06
43535.227273 5.479891e+06
45778.409091 6.781950e+06
46334.863636 5.384846e+06
46318.181818 5.249273e+06
46603.454545 5.877239e+06
46750.045455 5.004218e+06

25355.545455 5.842411e+06
39150.000000 5.247790e+06
44712.409091 6.195167e+06
47105.500000 5.261650e+06
47993.545455 1.174982e+07
47873.181818 5.810528e+06
48382.181818 5.376522e+06
47902.681818 6.742201e+06

26081.863636 5.456363e+06
40511.409091 6.574222e+06
46262.272727 5.503756e+06
48465.181818 7.278754e+06
49322.681818 6.046055e+06
49355.545455 6.095067e+06
49893.272727 8.208259e+06
49540.409091 7.553468e+06

26678.409091 5.587934e+06
41874.863636 6.249354e+06
47776.181818 7.927264e+06
49784.863636 6.385035e+06
50663.090909 2.193959e+07
51118.090909 6.844402e+06
51304.636364 6.285195e+06
51051.545455 7.252061e+06

27523.545455 5.279870e+06
42858.636364 7.013781e+06
49525.590909 6.199704e+06
51247.454545 7.692174e+06
52079.818182 7.272128e+06
52755.272727 6.558991e+06
52555.590909 7.826803e+06
52675.954545 6.409443e+06

28303.136364 6.489532e+06
44245.409091 6.275423e+06
50873.090909 8.103578e+06
52835.227273 6.936761e+06
53569.818182 1.353038e+07
54200.090909 7.090301e+06
53982.500000 6.953270e+06
54316.000000 8.971269e+06

29132.863636 6.697283e+06
45426.136364 6.501362e+06
52193.590909 7.860211e+06
54428.409091 7.938272e+06
55051.772727 8.525668e+06
55682.681818 8.179969e+06
55540.090909 1.822566e+07
55933.590909 7.186194e+06

30007.272727 7.104728e+06
46576.954545 7.632531e+06
53434.863636 7.109171e+06
56079.272727 9.038656e+06
56472.363636 7.900189e+06
57325.909091 7.859342e+06
57006.227273 8.783881e+06
57428.272727 7.667174e+06

30727.500000 7.783866e+06
47825.318182 8.282193e+06
54907.863636 1.100351e+07
57402.500000 8.892518e+06
57939.318182 2.495967e+07
58867.681818 8.439067e+06
58553.681818 8.225862e+06
58956.590909 9.403753e+06

31448.318182 7.441788e+06
49017.727273 7.391465e+06
56598.863636 8.691404e+06
58552.818182 8.036768e+06
59736.681818 2.087544e+07
60067.772727 8.752375e+06
60273.409091 8.433029e+06
60206.818182 9.293610e+06

32185.000000 1.896127e+07
50230.000000 8.618930e+06
57959.409091 2.160066e+07
60299.090909 8.660362e+06
61231.818182 8.903443e+06
61418.409091 9.693418e+06
61965.681818 8.947021e+06
61548.045455 1.378607e+07

33015.727273 1.039196e+07
51502.545455 9.521247e+06
59226.181818 9.449671e+06
61993.090909 1.295102e+07
62683.500000 8.614523e+06
62829.000000 9.536809e+06
63483.590909 1.143949e+07
62854.681818 1.092307e+07

33839.363636 9.591624e+06
52807.545455 9.977564e+06
60551.545455 1.128437e+07
63374.227273 9.356090e+06
64127.045455 2.410052e+07
64374.500000 9.933708e+06
65148.136364 9.647736e+06
64345.818182 1.020865e+07

34518.136364 8.801516e+06
54377.181818 9.238972e+06
61788.500000 1.116557e+07
64809.727273 1.116659e+07
65758.681818 1.160823e+07
65790.818182 9.617247e+06
66648.454545 9.574888e+06
66149.909091 1.054509e+07

35257.090909 9.024399e+06
55673.954545 1.027548e+07
63222.954545 9.889505e+06
66088.954545 1.316684e+07
67330.863636 1.060956e+07
67546.909091 1.040494e+07
67678.818182 1.374947e+07
67888.909091 1.123802e+07

36080.636364 1.058494e+07
56958.272727 1.016362e+07
64395.545455 1.308878e+07
67732.272727 1.147060e+07
68728.500000 1.129164e+07
69339.500000 1.156828e+07
68874.681818 1.216139e+07
69454.500000 1.333756e+07

36881.590909 1.002910e+07
58106.318182 1.967297e+07
65904.727273 1.107518e+07
69182.363636 1.078280e+07
70132.136364 1.187512e+07
70991.954545 1.108677e+07
70342.000000 1.213240e+07
70845.545455 1.166686e+07

37689.500000 1.116821e+07
59239.454545 1.104691e+07
67371.454545 1.347294e+07
70667.590909 1.172156e+07
71784.227273 3.049901e+07
72592.363636 1.188831e+07
71715.272727 1.185638e+07
72312.909091 1.411250e+07

38420.045455 1.106130e+07
60594.363636 1.120805e+07
68846.409091 1.273505e+07
72087.409091 1.194870e+07
73056.818182 1.329494e+07
74011.954545 1.248559e+07
73543.454545 1.842808e+07
73812.318182 1.199829e+07

39217.318182 1.056984e+07
61773.454545 1.392842e+07
70453.954545 1.288506e+07
73603.545455 3.189453e+07
74263.045455 1.207884e+07
75611.681818 1.174191e+07
75185.272727 1.444427e+07
75065.272727 1.309516e+07

40034.090909 1.156140e+07
62952.318182 1.202866e+07
71894.318182 1.504366e+07
75003.136364 1.292508e+07
75867.909091 1.470336e+07
76844.363636 1.321988e+07
76710.681818 2.528325e+07
76583.409091 1.330662e+07

40777.909091 1.152854e+07
64451.000000 3.034920e+07
73111.136364 1.300702e+07
76460.363636 1.276635e+07
77728.681818 1.251731e+07
78105.863636 1.278813e+07
78324.000000 1.410720e+07
77860.727273 1.303316e+07

41393.409091 1.375924e+07
65805.181818 1.616965e+07
74459.500000 1.336454e+07
77964.363636 3.460499e+07
79432.909091 1.314313e+07
79360.318182 1.283981e+07
79511.136364 1.316495e+07
79589.363636 1.288714e+07

42257.045455 1.344235e+07
67003.545455 1.604187e+07
75853.909091 1.339737e+07
79402.409091 3.616539e+07
80879.272727 1.413620e+07
80855.727273 1.341657e+07
81039.363636 1.459935e+07
81337.863636 1.330323e+07

42985.590909 1.383910e+07
68200.045455 1.376802e+07
77455.590909 1.716987e+07
80864.500000 1.469369e+07
82477.909091 1.854568e+07
82446.363636 1.483986e+07
82628.409091 1.418299e+07
82780.000000 1.515449e+07

43912.909091 1.376321e+07
69335.363636 1.600900e+07
78821.318182 1.390702e+07
82292.681818 1.527130e+07
84168.272727 1.438404e+07
83821.181818 1.416701e+07
84019.409091 1.580145e+07
84118.409091 1.440999e+07

44722.136364 1.384102e+07
70649.363636 1.456721e+07
80202.636364 1.771840e+07
83768.954545 1.436884e+07
85710.000000 1.720511e+07
85388.500000 1.462211e+07
85466.818182 1.437557e+07
85617.409091 1.612926e+07

45595.772727 1.332074e+07
71700.818182 1.612914e+07
81709.954545 1.497290e+07
84968.272727 3.884045e+07
87152.272727 1.484564e+07
86976.772727 1.447413e+07
86949.181818 1.566941e+07
87456.500000 1.492422e+07

46441.772727 1.411799e+07
72676.000000 1.511699e+07
83368.227273 1.659378e+07
86413.136364 1.568832e+07
88487.500000 1.801427e+07
88541.772727 1.558264e+07
88388.272727 1.547519e+07
89193.681818 1.786053e+07

47183.772727 1.433627e+07
73748.500000 1.527261e+07
85101.636364 1.584766e+07
87987.409091 1.554783e+07
89823.727273 1.939479e+07
90002.363636 1.615023e+07
90140.454545 1.711126e+07
90576.136364 1.575933e+07

47993.409091 1.485109e+07
75000.318182 1.870042e+07
86362.863636 1.732307e+07
89855.136364 1.877518e+07
90969.409091 1.686122e+07
91406.136364 4.128632e+07
91740.181818 1.705773e+07
91713.500000 1.597429e+07

48653.954545 1.616540e+07
76490.954545 1.768120e+07
87564.500000 1.562617e+07
91515.136364 3.436397e+07
92463.500000 1.616843e+07
92926.318182 1.636230e+07
93347.500000 1.716000e+07
93007.590909 1.617325e+07

49522.272727 1.615217e+07
77740.181818 1.846834e+07
88981.681818 1.912621e+07
92955.409091 1.830183e+07
93912.636364 1.883435e+07
94318.045455 1.724926e+07
94713.000000 1.649718e+07
94604.090909 1.807123e+07

50514.318182 1.599872e+07
78690.954545 1.805469e+07
90347.000000 1.779100e+07
94498.545455 2.880955e+07
95522.545455 1.787675e+07
95615.772727 1.769640e+07
96289.227273 1.820968e+07
96068.181818 1.736120e+07

51268.227273 1.643865e+07
80061.590909 1.694245e+07
91800.227273 2.214695e+07
95975.636364 1.723751e+07
96870.636364 2.116565e+07
97165.772727 1.783597e+07
98026.545455 1.790916e+07
97226.272727 1.875608e+07

51996.636364 1.644082e+07
81350.954545 2.271282e+07
93199.454545 1.824759e+07
97469.863636 4.832175e+07
98306.136364 1.862547e+07
98768.136364 1.849394e+07
99476.545455 1.779933e+07
98632.636364 1.734722e+07

52660.454545 1.765277e+07
82672.318182 1.702107e+07
94620.045455 1.835032e+07
98981.727273 1.741670e+07
99776.090909 2.089122e+07
100214.272727 1.827764e+07
100902.000000 2.456393e+07
100180.409091 1.780459e+07

53741.409091 1.705458e+07
83585.863636 1.712605e+07
96161.090909 1.876548e+07
100477.136364 1.878723e+07
101219.318182 1.984662e+07
101780.818182 1.802199e+07
102206.909091 4.956272e+07
101944.590909 1.811306e+07

54679.727273 1.733739e+07
84751.454545 1.908475e+07
97351.545455 1.859869e+07
101999.409091 2.165832e+07
102637.136364 1.872622e+07
103452.545455 1.885178e+07
103445.954545 2.137845e+07
103747.636364 1.907365e+07

55354.909091 1.831180e+07
86126.318182 1.850483e+07
98595.000000 1.942740e+07
103627.409091 1.904604e+07
104174.045455 3.947741e+07
105019.136364 2.118978e+07
104985.954545 1.961842e+07
105252.818182 2.060038e+07

56016.227273 1.800166e+07
87597.000000 2.016763e+07
99725.272727 1.910784e+07
105152.272727 2.411172e+07
105743.954545 1.885788e+07
106682.272727 1.935867e+07
106530.818182 2.299873e+07
106605.318182 1.903397e+07

56781.318182 1.895100e+07
88779.727273 1.897993e+07
101366.681818 2.029377e+07
106367.681818 1.909131e+07
107357.590909 2.716495e+07
108230.409091 2.196518e+07
107760.727273 2.202798e+07
108405.000000 2.125265e+07

57622.045455 1.830462e+07
90021.045455 2.116928e+07
102789.818182 1.985357e+07
107739.954545 2.159449e+07
108789.590909 2.024008e+07
109790.727273 1.975555e+07
109214.136364 2.259110e+07
109991.727273 1.966810e+07

58594.000000 1.936629e+07
91249.136364 1.950018e+07
104277.136364 1.991587e+07
109022.545455 1.964531e+07
110154.772727 2.326789e+07
111424.500000 2.061803e+07
110571.318182 4.541228e+07
111563.181818 2.171070e+07

59366.954545 2.788354e+07
92419.954545 2.263608e+07
105959.590909 4.903787e+07
110386.181818 2.093226e+07
111554.681818 2.135189e+07
112892.909091 2.125713e+07
112183.772727 1.974955e+07
112766.681818 2.170370e+07

60208.500000 1.971876e+07
93649.454545 2.317126e+07
107282.954545 2.047658e+07
111879.136364 2.520681e+07
113022.409091 2.069131e+07
114172.681818 2.056816e+07
114013.545455 2.252782e+07
114169.954545 2.219174e+07

60977.727273 2.109249e+07
94803.727273 2.046567e+07
108841.409091 2.389448e+07
113224.500000 2.331619e+07
114503.500000 3.199219e+07
115713.545455 2.150348e+07
115633.000000 2.139800e+07
115791.272727 2.217434e+07

61625.181818 2.131064e+07
96277.772727 2.150328e+07
110266.500000 2.091725e+07
114512.363636 2.398566e+07
116302.681818 2.084423e+07
117000.272727 2.736749e+07
117125.818182 2.254617e+07
117196.363636 2.096638e+07

62323.409091 2.062182e+07
97700.454545 2.755621e+07
111608.772727 2.370038e+07
115908.636364 5.698438e+07
118057.954545 2.225466e+07
118376.954545 2.218317e+07
118563.545455 2.269625e+07
118820.772727 2.164285e+07

63144.772727 2.298986e+07
98900.590909 2.236939e+07
113182.772727 2.205281e+07
117250.363636 2.236203e+07
119538.318182 2.641305e+07
119901.318182 2.297230e+07
120081.590909 2.264553e+07
120511.181818 2.267878e+07

64001.045455 2.225086e+07
100103.681818 2.586895e+07
114551.636364 2.349220e+07
118748.181818 5.824896e+07
120926.863636 2.234054e+07
121296.590909 2.242176e+07
121914.772727 2.620034e+07
121927.136364 2.326694e+07

64863.272727 2.154842e+07
101321.727273 2.232872e+07
115956.545455 2.406484e+07
120216.227273 2.242669e+07
122395.136364 2.853451e+07
122472.136364 2.458546e+07
123666.272727 2.306082e+07
123419.727273 2.375743e+07

65581.500000 2.198879e+07
102579.000000 2.156088e+07
117352.636364 2.263023e+07
121744.681818 2.227581e+07
123959.454545 2.598579e+07
123859.863636 2.315370e+07
125152.772727 2.589044e+07
125160.727273 2.379843e+07

66312.772727 2.313669e+07
103809.272727 2.499569e+07
118816.000000 2.355823e+07
123302.818182 6.158037e+07
125560.045455 2.355649e+07
125367.818182 2.338796e+07
126331.409091 2.448936e+07
126789.636364 2.424220e+07

67089.727273 2.269804e+07
105167.636364 2.280668e+07
120122.909091 2.590878e+07
124754.136364 2.326866e+07
126951.727273 2.725982e+07
127046.772727 2.349452e+07
127701.454545 2.804595e+07
128270.363636 2.719365e+07

67897.227273 2.285447e+07
106304.954545 2.267596e+07
121722.818182 2.706995e+07
125950.909091 2.417347e+07
128547.772727 2.823706e+07
128931.181818 2.363644e+07
129056.181818 6.367081e+07
129751.181818 2.682785e+07

68580.363636 2.239266e+07
107450.409091 2.323558e+07
123207.454545 2.533084e+07
127634.363636 2.405905e+07
129897.863636 2.928023e+07
130648.954545 2.504055e+07
130295.454545 6.753172e+07
131362.272727 2.747548e+07

69395.500000 2.265024e+07
108506.363636 2.938041e+07
124744.454545 2.419335e+07
129026.636364 6.557673e+07
131353.590909 2.550745e+07
132147.409091 2.468969e+07
131862.363636 2.600163e+07
132987.045455 2.620509e+07

70150.090909 2.378099e+07
109786.863636 2.416342e+07
126070.045455 2.871024e+07
130418.318182 2.442027e+07
132868.136364 3.018531e+07
133640.590909 2.569294e+07
133653.409091 2.496449e+07
134373.090909 2.583129e+07

71043.136364 2.440163e+07
110925.590909 2.791367e+07
127584.045455 2.560708e+07
131710.818182 2.846276e+07
134677.590909 2.515763e+07
134839.454545 2.587294e+07
135572.681818 2.685035e+07
135614.863636 2.649101e+07

72006.227273 2.457974e+07
112083.045455 2.575061e+07
128819.318182 2.692802e+07
133307.181818 2.524395e+07
136137.772727 2.909646e+07
136428.590909 2.684476e+07
136945.136364 2.587019e+07
137020.590909 2.817171e+07

72833.772727 2.387911e+07
113419.772727 2.882429e+07
130068.136364 2.706161e+07
134990.909091 6.674255e+07
137491.227273 2.784575e+07
138025.000000 2.612061e+07
138290.681818 2.823045e+07
138774.454545 2.657110e+07

73554.090909 2.435699e+07
114772.545455 2.566570e+07
131390.818182 2.719005e+07
136624.318182 2.832309e+07
138691.227273 3.015577e+07
139536.681818 2.767678e+07
139840.227273 2.707875e+07
140269.681818 2.763723e+07

74306.818182 2.420899e+07
116083.090909 3.329622e+07
132816.454545 2.669540e+07
138161.954545 6.822866e+07
139946.636364 2.761821e+07
141137.681818 2.626908e+07
141506.136364 3.201825e+07
141648.772727 2.664729e+07

75113.272727 2.745012e+07
117341.090909 2.771135e+07
134156.318182 3.149974e+07
139979.772727 2.688509e+07
141115.727273 3.035774e+07
142654.000000 2.905137e+07
142961.954545 2.788102e+07
143064.045455 3.064934e+07

75983.045455 3.198755e+07
118639.500000 2.727039e+07
135401.681818 3.591080e+07
141442.045455 2.811956e+07
142509.409091 2.773577e+07
144162.272727 2.979335e+07
144578.318182 2.820642e+07
144471.227273 2.876248e+07

76811.727273 2.530257e+07
119950.909091 2.948733e+07
136671.454545 2.983587e+07
143082.272727 3.278242e+07
143920.272727 2.748746e+07
145446.681818 2.850999e+07
146367.227273 2.975965e+07
145724.227273 2.762825e+07

77572.136364 2.813413e+07
121414.090909 2.745626e+07
137974.090909 3.003916e+07
144553.363636 2.792535e+07
145584.818182 5.594311e+07
146773.409091 2.882476e+07
148122.954545 2.904197e+07
147155.090909 2.910014e+07

78544.409091 5.386432e+07
122514.227273 2.978496e+07
139290.227273 6.951244e+07
145984.909091 2.846446e+07
147192.181818 2.858389e+07
148121.681818 3.090940e+07
149586.318182 2.859506e+07
148899.409091 3.309664e+07

79345.181818 2.657038e+07
123873.909091 3.127129e+07
140598.909091 2.918142e+07
147281.818182 3.210066e+07
149028.363636 3.137339e+07
149633.227273 3.017753e+07
150940.227273 3.444928e+07
150408.545455 2.979710e+07

