730.478261 1.352933e+05
1216.173913 1.340958e+05
1397.695652 1.263277e+05
1533.565217 9.858865e+04
1496.869565 1.110277e+05
1503.521739 1.063599e+05
1516.347826 9.431683e+04
1487.652174 1.035651e+05

1523.913043 2.461153e+05
2453.826087 2.451316e+05
2818.521739 2.146846e+05
2976.043478 2.121399e+05
3010.913043 2.425597e+05
3020.913043 2.318889e+05
3038.608696 2.202485e+05
2995.869565 2.084144e+05

2302.869565 3.958219e+05
3691.782609 3.928307e+05
4303.173913 3.546857e+05
4376.391304 3.566847e+05
4481.000000 3.949267e+05
4573.391304 3.471683e+05
4567.086957 3.456074e+05
4580.869565 3.141793e+05

3133.869565 4.174760e+05
4903.043478 4.178000e+05
5653.869565 4.738457e+05
5922.695652 4.764703e+05
6031.000000 4.977338e+05
6138.260870 4.495119e+05
6044.652174 4.685215e+05
6041.434783 4.659736e+05

3969.130435 5.179187e+05
6088.608696 6.442242e+05
7026.521739 6.230477e+05
7487.739130 6.356113e+05
7554.869565 6.627135e+05
7591.260870 7.003996e+05
7574.608696 6.051319e+05
7503.434783 6.592220e+05

4745.739130 2.208385e+07
7380.695652 8.238681e+05
8516.217391 8.507461e+05
8889.565217 4.445149e+06
9057.217391 8.336659e+05
9110.913043 8.557127e+05
9058.826087 1.053558e+06
9125.478261 9.077077e+05

5494.130435 8.632740e+05
8549.347826 9.353097e+05
10121.608696 1.309546e+06
10315.043478 9.741548e+05
10571.565217 2.993371e+06
10566.130435 1.073675e+06
10660.956522 1.093146e+06
10738.260870 1.304725e+06

6276.565217 1.036467e+06
9868.260870 1.089144e+06
11313.869565 1.055459e+06
11976.608696 9.923430e+05
12004.608696 1.343320e+06
12205.260870 9.591313e+05
12209.695652 8.867947e+05
12049.956522 1.655934e+06

6956.826087 1.383925e+06
11261.260870 1.067436e+06
12687.913043 3.435616e+06
13492.086957 1.059842e+06
13619.913043 9.978678e+05
13655.130435 1.352985e+06
13522.000000 1.053324e+06
13827.782609 1.717048e+06

7882.826087 1.164796e+06
12297.565217 1.662849e+06
14245.478261 1.276271e+06
14898.000000 1.241456e+06
15127.478261 1.728864e+06
15048.043478 1.232161e+06
15304.739130 1.630268e+06
15291.173913 1.137609e+06

8733.913043 1.311329e+06
13390.434783 1.335581e+06
15760.217391 1.973212e+06
16545.217391 1.456950e+06
16474.086957 4.872689e+06
16707.173913 1.378855e+06
16755.695652 1.277573e+06
16659.739130 2.001255e+06

9540.782609 1.240205e+06
14663.217391 1.580214e+06
17111.304348 1.342878e+06
17972.260870 2.180704e+06
18058.478261 1.573278e+06
18302.695652 1.431234e+06
18188.521739 1.670726e+06
18323.130435 1.297666e+06

10331.521739 1.503095e+06
15991.695652 1.424079e+06
18581.434783 1.964724e+06
19328.086957 1.488614e+06
19737.956522 4.672531e+06
19653.391304 1.518573e+06
19710.608696 1.461049e+06
19735.260870 1.809133e+06

10996.086957 1.616757e+06
17439.826087 1.575024e+06
20029.695652 1.873073e+06
20736.869565 1.585040e+06
21236.565217 2.303440e+06
21158.695652 1.914014e+06
21362.478261 4.778118e+06
21202.565217 1.675964e+06

11688.130435 1.718769e+06
18656.739130 1.716807e+06
21540.608696 1.881323e+06
22346.217391 1.715838e+06
22541.608696 2.227131e+06
22704.913043 2.069598e+06
22815.695652 6.316154e+06
22856.000000 1.996291e+06

12480.304348 2.122964e+06
19974.608696 1.900302e+06
22840.521739 1.925890e+06
23877.434783 1.846877e+06
24125.695652 2.457002e+06
24245.000000 1.988812e+06
24285.086957 6.206433e+06
24218.565217 1.944881e+06

13274.304348 2.221933e+06
21186.000000 2.095145e+06
24334.521739 2.368531e+06
25422.652174 2.368890e+06
25519.173913 2.928141e+06
25821.260870 2.155806e+06
25845.391304 2.045300e+06
25822.826087 2.442866e+06

14186.347826 5.289395e+06
22321.043478 2.235310e+06
25896.434783 6.818510e+06
26638.565217 2.227065e+06
27182.608696 2.129694e+06
27184.217391 2.830916e+06
27343.217391 2.497214e+06
27480.956522 3.195255e+06

14976.652174 2.381596e+06
23634.086957 5.500062e+06
27212.913043 2.432335e+06
28180.869565 9.311966e+06
28745.652174 2.604728e+06
28881.043478 2.501805e+06
28654.869565 2.630026e+06
28930.130435 2.362745e+06

15855.478261 2.262986e+06
24718.913043 6.597210e+06
28589.565217 2.728617e+06
29764.478261 1.047406e+07
30096.565217 2.970915e+06
30368.000000 2.573861e+06
30415.869565 2.939248e+06
30590.391304 2.664832e+06

16594.565217 2.630743e+06
26101.347826 9.481083e+06
30029.260870 2.713445e+06
31061.652174 2.745429e+06
31822.043478 3.099769e+06
31763.478261 2.693505e+06
31989.043478 3.428049e+06
31950.521739 2.770152e+06

17371.521739 2.869491e+06
27479.391304 2.983211e+06
31423.826087 3.564374e+06
32613.826087 3.238781e+06
33286.956522 8.813915e+06
33359.521739 3.084644e+06
33412.130435 2.856102e+06
33434.086957 3.319365e+06

18240.652174 6.763929e+06
28815.521739 3.406833e+06
32769.565217 7.258051e+06
34105.173913 3.376905e+06
34700.478261 3.331907e+06
34743.347826 4.173170e+06
35120.347826 3.799700e+06
35002.347826 3.760207e+06

18941.913043 3.053403e+06
30179.217391 3.860350e+06
34023.739130 3.386711e+06
35522.826087 1.079098e+07
36429.695652 3.492289e+06
36271.652174 3.341946e+06
36544.826087 4.018649e+06
36592.130435 3.563825e+06

19692.217391 3.532134e+06
31366.347826 4.307385e+06
35493.086957 3.500089e+06
37219.826087 8.881549e+06
37824.260870 3.904477e+06
37884.130435 3.558540e+06
38004.869565 3.935385e+06
38105.652174 3.809972e+06

20508.130435 3.401616e+06
32516.695652 3.402713e+06
37017.826087 5.345825e+06
38735.565217 4.892706e+06
39232.000000 4.801115e+06
39514.000000 4.341898e+06
39341.826087 4.268999e+06
39642.739130 5.513409e+06

21410.347826 3.722207e+06
33640.217391 4.632650e+06
38348.913043 4.468540e+06
40294.086957 6.632247e+06
40481.956522 4.411855e+06
41182.391304 4.678824e+06
41039.043478 5.038365e+06
41119.260870 4.869553e+06

22218.391304 4.963099e+06
34863.782609 4.567382e+06
39861.086957 5.714095e+06
41793.521739 4.828956e+06
41943.000000 1.752432e+07
42747.782609 5.002250e+06
42595.086957 5.079515e+06
42874.478261 5.572558e+06

23219.565217 7.736769e+06
36022.347826 5.085920e+06
41105.130435 9.895631e+06
43419.043478 4.671235e+06
43601.347826 4.683036e+06
43974.608696 5.064487e+06
44156.695652 4.759977e+06
44538.347826 5.881144e+06

24144.869565 4.536161e+06
37006.086957 5.230857e+06
42685.130435 4.944878e+06
44989.869565 1.140583e+07
45089.565217 5.386948e+06
45299.565217 4.992330e+06
45762.478261 5.453219e+06
46006.000000 5.091118e+06

24954.608696 6.262144e+06
38179.652174 6.157416e+06
44106.217391 5.965764e+06
46384.000000 5.324378e+06
46893.260870 1.960268e+07
46938.608696 6.081289e+06
47275.608696 5.722369e+06
47303.000000 6.352917e+06

25722.347826 4.741601e+06
39676.173913 6.941495e+06
45282.739130 6.012461e+06
47744.608696 6.536499e+06
48488.173913 6.321498e+06
48574.260870 6.078714e+06
48977.434783 6.917636e+06
48505.130435 6.092271e+06

26461.130435 6.084575e+06
41057.608696 6.083989e+06
46770.695652 7.259161e+06
49100.043478 6.124023e+06
49969.608696 2.083811e+07
49987.000000 6.459403e+06
50636.869565 6.207669e+06
50194.391304 7.655443e+06

27069.869565 1.458381e+07
42387.826087 6.289349e+06
48389.826087 1.008250e+07
50475.347826 6.293362e+06
51360.826087 6.555886e+06
51698.347826 7.138684e+06
52004.434783 6.854084e+06
51725.608696 6.823201e+06

27911.869565 6.523386e+06
43424.391304 8.019119e+06
50122.695652 6.767205e+06
51913.478261 2.145607e+07
52817.304348 7.060640e+06
53346.086957 7.677607e+06
53340.304348 7.415196e+06
53353.391304 7.070430e+06

28715.608696 6.568637e+06
44755.478261 7.232249e+06
51542.956522 7.767688e+06
53536.347826 7.041582e+06
54297.913043 1.645746e+07
54934.739130 7.868897e+06
54698.086957 7.563766e+06
54948.434783 8.673099e+06

29559.130435 7.571105e+06
46008.434783 6.966659e+06
52830.695652 8.263020e+06
55140.173913 7.636221e+06
55754.608696 1.083990e+07
56419.086957 7.957643e+06
56237.913043 7.709214e+06
56611.434783 7.919326e+06

30420.956522 7.244085e+06
47235.565217 1.003366e+07
54164.956522 7.964110e+06
56756.000000 2.419409e+07
57191.260870 8.071230e+06
58094.913043 8.054799e+06
57716.913043 9.393076e+06
58184.304348 8.332525e+06

31181.608696 8.238443e+06
48419.173913 8.117740e+06
55587.173913 9.521089e+06
58139.521739 7.846116e+06
58698.826087 1.009949e+07
59666.478261 8.667692e+06
59329.869565 8.411802e+06
59862.782609 1.009845e+07

31899.608696 7.946554e+06
49668.695652 8.320127e+06
57314.739130 9.361616e+06
59340.391304 8.821423e+06
60558.260870 1.042829e+07
60875.347826 8.984497e+06
61087.782609 1.630152e+07
61045.304348 9.449576e+06

32639.043478 8.052652e+06
50902.304348 1.053363e+07
58730.913043 9.421953e+06
61086.217391 2.401041e+07
62009.347826 9.646913e+06
62185.608696 9.385491e+06
62740.478261 9.806245e+06
62373.217391 9.318639e+06

33477.000000 9.212334e+06
52204.695652 1.018773e+07
59974.565217 1.089560e+07
62780.739130 9.768304e+06
63560.000000 1.568383e+07
63687.130435 9.755571e+06
64376.869565 9.627852e+06
63803.695652 1.141368e+07

34331.869565 9.096612e+06
53523.130435 1.132116e+07
61331.043478 1.021648e+07
64248.043478 1.119186e+07
65007.130435 1.125741e+07
65161.956522 1.033323e+07
66027.043478 1.191108e+07
65338.130435 1.023735e+07

35014.347826 1.080036e+07
55054.782609 1.058831e+07
62668.000000 1.230547e+07
65596.956522 1.076359e+07
66671.434783 2.671859e+07
66684.043478 1.118534e+07
67483.043478 1.122396e+07
67164.565217 1.213549e+07

35769.043478 1.383999e+07
56424.565217 1.066054e+07
64014.608696 1.972844e+07
66982.913043 1.077299e+07
68190.043478 1.123547e+07
68482.478261 1.212153e+07
68627.086957 1.168603e+07
68991.434783 1.330936e+07

36584.782609 1.056790e+07
57757.913043 1.215322e+07
65235.304348 1.090182e+07
68559.739130 2.938854e+07
69723.869565 1.210972e+07
70233.826087 1.106445e+07
69843.695652 1.246742e+07
70479.434783 1.154210e+07

37419.260870 1.088025e+07
58847.739130 1.131440e+07
66762.086957 1.264804e+07
70068.086957 1.175917e+07
71095.565217 1.363110e+07
72014.826087 1.188184e+07
71256.347826 1.758168e+07
71949.913043 1.228557e+07

38202.434783 1.129592e+07
60133.521739 1.452595e+07
68279.000000 1.252403e+07
71473.347826 3.276703e+07
72745.608696 1.225775e+07
73400.478261 1.251309e+07
72806.869565 1.301987e+07
73398.086957 1.257438e+07

38980.304348 1.144341e+07
61411.000000 1.206743e+07
69744.130435 1.328215e+07
73076.173913 1.222023e+07
74050.130435 1.454240e+07
74992.217391 1.278411e+07
74483.434783 1.378992e+07
74920.782609 1.332706e+07

39755.260870 1.312492e+07
62668.000000 1.765699e+07
71327.304348 1.302480e+07
74587.565217 3.393147e+07
75250.565217 1.352974e+07
76545.695652 1.285769e+07
76246.826087 1.343671e+07
76239.086957 1.252098e+07

40609.913043 1.396698e+07
63832.260870 1.289063e+07
72827.869565 1.486983e+07
76004.434783 1.266801e+07
76920.000000 1.908919e+07
77824.043478 1.291348e+07
77913.304348 1.322093e+07
77691.782609 1.445901e+07

41330.739130 1.278051e+07
65348.956522 1.472496e+07
74005.000000 1.362243e+07
77512.478261 2.175883e+07
78687.782609 1.393195e+07
79117.173913 1.342114e+07
79403.173913 1.589983e+07
79151.652174 1.393959e+07

42007.173913 1.391695e+07
66711.521739 1.402286e+07
75452.826087 1.609554e+07
78953.608696 1.394341e+07
80431.391304 3.813424e+07
80373.956522 1.479458e+07
80668.608696 1.427755e+07
80858.956522 1.582513e+07

42855.869565 1.857104e+07
67865.217391 1.464597e+07
76871.826087 3.351650e+07
80494.826087 1.395651e+07
81914.695652 1.475141e+07
81927.304348 1.766708e+07
82205.260870 1.704313e+07
82524.739130 1.602982e+07

43634.956522 1.406485e+07
69110.652174 1.674162e+07
78408.304348 1.568946e+07
81881.956522 3.865672e+07
83599.043478 1.564190e+07
83435.869565 1.591488e+07
83829.086957 1.791976e+07
84050.086957 1.487110e+07

44554.782609 1.485851e+07
70311.956522 1.502688e+07
79830.130435 1.735100e+07
83390.173913 1.537023e+07
85279.130435 3.980105e+07
84886.000000 1.555244e+07
85249.347826 1.540518e+07
85544.782609 1.735595e+07

45354.043478 1.489644e+07
71589.043478 1.485238e+07
81215.695652 1.566231e+07
84869.826087 1.508589e+07
86819.260870 1.747928e+07
86547.652174 1.598889e+07
86696.695652 1.821739e+07
86948.869565 1.633300e+07

46269.000000 1.487526e+07
72685.217391 1.788433e+07
82728.478261 1.564635e+07
86147.086957 1.933510e+07
88385.347826 1.661218e+07
88144.869565 1.601631e+07
88243.652174 1.755021e+07
88754.565217 1.607629e+07

47110.260870 1.673099e+07
73649.782609 1.577912e+07
84485.652174 2.064634e+07
87635.521739 1.610916e+07
89644.782609 3.598467e+07
89800.869565 1.711826e+07
89658.260870 1.692099e+07
90630.521739 1.620172e+07

47886.173913 1.515668e+07
74814.869565 1.782232e+07
86131.043478 1.638875e+07
89178.956522 1.911336e+07
90948.521739 1.782028e+07
91233.826087 1.754646e+07
91455.739130 1.758867e+07
92000.956522 1.654737e+07

48652.521739 1.848893e+07
76030.086957 1.650028e+07
87537.434783 1.994264e+07
90996.695652 1.687798e+07
92131.913043 1.644672e+07
92682.086957 1.985379e+07
93119.652174 1.989313e+07
93219.347826 2.097927e+07

49344.565217 1.732749e+07
77505.000000 1.657015e+07
88739.260870 1.768605e+07
92767.652174 1.763573e+07
93611.478261 2.089277e+07
94192.304348 1.833220e+07
94815.391304 1.717952e+07
94392.608696 1.778706e+07

50240.173913 1.627837e+07
78775.391304 3.988831e+07
90120.043478 1.738348e+07
94120.173913 1.714065e+07
95222.608696 1.752289e+07
95697.304348 1.744897e+07
96134.347826 1.883048e+07
96132.956522 1.777649e+07

51278.391304 1.745274e+07
79780.695652 1.700238e+07
91530.000000 1.851024e+07
95757.043478 1.757949e+07
96807.608696 2.037990e+07
97059.130435 1.788228e+07
97749.652174 2.768347e+07
97701.173913 2.052097e+07

51989.913043 1.808168e+07
81195.173913 2.125187e+07
92995.347826 1.855552e+07
97275.217391 4.637258e+07
98206.130435 1.828480e+07
98614.478261 1.757380e+07
99490.304348 1.928551e+07
98797.043478 2.014471e+07

52746.217391 2.010216e+07
82501.391304 1.937963e+07
94481.739130 1.893528e+07
98736.565217 1.791375e+07
99600.391304 2.136088e+07
100269.826087 1.878636e+07
100976.043478 1.945978e+07
100129.434783 1.956603e+07

53479.173913 1.702345e+07
83784.347826 2.143143e+07
95863.913043 2.097453e+07
100283.304348 3.384538e+07
101222.608696 1.871189e+07
101724.782609 1.857289e+07
102395.000000 2.059520e+07
101734.086957 1.898630e+07

54467.000000 1.816045e+07
84827.956522 1.892377e+07
97385.478261 2.236015e+07
101807.608696 1.888638e+07
102639.739130 2.820812e+07
103309.695652 1.943107e+07
103832.521739 1.948587e+07
103483.391304 2.157141e+07

55431.173913 1.801060e+07
85925.217391 2.077756e+07
98749.130435 1.929524e+07
103353.956522 2.010808e+07
104016.391304 1.936794e+07
104985.739130 1.943495e+07
105131.304348 2.231772e+07
105355.608696 1.905117e+07

56195.434783 1.958963e+07
87281.521739 1.939439e+07
99873.652174 2.205363e+07
104963.913043 2.043940e+07
105566.217391 5.255711e+07
106618.739130 2.047368e+07
106630.913043 1.956537e+07
106826.173913 2.139588e+07

56861.739130 1.970867e+07
88781.739130 3.412685e+07
101192.913043 2.028072e+07
106420.391304 1.994172e+07
107128.130435 2.046046e+07
108229.043478 2.023664e+07
108159.739130 2.107808e+07
108332.565217 2.065757e+07

57575.478261 1.932717e+07
90038.434783 2.012332e+07
102618.956522 2.260151e+07
107861.130435 2.044317e+07
108807.173913 2.311337e+07
109842.391304 2.049005e+07
109386.217391 5.432549e+07
110014.913043 2.108620e+07

58486.695652 1.979924e+07
91202.000000 2.000620e+07
104233.608696 2.316145e+07
109227.347826 2.053529e+07
110230.826087 2.540658e+07
111326.000000 2.119733e+07
110847.521739 2.116520e+07
111783.478261 2.311526e+07

59422.956522 2.220339e+07
92411.826087 2.453785e+07
105757.608696 2.200763e+07
110445.826087 5.497441e+07
111641.695652 2.201991e+07
113027.652174 2.209807e+07
112220.956522 2.288190e+07
113227.130435 2.134175e+07

60220.695652 2.007906e+07
93761.956522 2.022876e+07
107292.521739 2.199851e+07
111878.826087 2.101544e+07
113090.347826 5.453839e+07
114565.086957 2.286186e+07
113935.695652 2.167019e+07
114620.043478 2.344410e+07

61118.130435 4.098617e+07
94936.086957 2.160229e+07
108709.695652 3.521256e+07
113298.782609 2.167431e+07
114584.565217 2.288340e+07
115913.652174 2.438798e+07
115808.739130 2.218860e+07
115960.521739 2.222741e+07

61832.913043 3.761825e+07
96193.130435 2.254052e+07
110338.826087 2.146304e+07
114667.478261 2.510344e+07
116058.565217 2.371576e+07
117467.434783 2.602007e+07
117407.434783 2.216113e+07
117507.304348 2.237318e+07

62533.086957 2.143453e+07
97556.347826 2.394684e+07
111793.130435 2.218578e+07
116057.391304 5.392891e+07
117873.782609 2.424931e+07
118799.739130 2.372333e+07
119015.173913 2.284989e+07
119177.826087 2.198051e+07

63206.260870 2.209392e+07
99050.304348 2.329338e+07
113159.913043 2.370262e+07
117404.217391 2.208741e+07
119619.956522 2.659604e+07
120271.130435 2.339893e+07
120424.086957 2.322301e+07
120722.956522 2.331699e+07

64054.869565 2.246788e+07
100296.086957 2.595461e+07
114691.217391 2.413001e+07
118858.260870 5.761942e+07
121142.000000 2.353999e+07
121713.695652 2.340830e+07
121901.391304 2.480647e+07
122365.521739 2.347199e+07

64885.217391 2.334056e+07
101532.434783 2.276291e+07
116099.217391 2.423864e+07
120323.304348 2.369111e+07
122643.086957 3.696974e+07
123081.130435 2.380587e+07
123782.130435 2.402205e+07
123815.956522 2.618876e+07

65812.086957 2.207031e+07
102727.217391 2.780210e+07
117497.652174 2.361773e+07
121746.913043 5.910404e+07
124205.956522 2.413464e+07
124372.652174 2.317551e+07
125585.086957 2.634962e+07
125315.913043 2.397694e+07

66505.434783 2.296741e+07
104024.869565 2.375573e+07
119088.869565 2.691231e+07
123227.521739 2.457776e+07
125824.565217 6.223009e+07
125715.391304 2.563885e+07
127089.086957 2.401098e+07
127070.521739 2.657751e+07

67305.434783 2.375593e+07
105310.000000 2.770686e+07
120361.000000 2.404068e+07
124895.608696 2.830163e+07
127196.043478 2.518972e+07
127258.739130 2.530353e+07
128340.130435 2.702664e+07
128730.086957 2.457154e+07

68073.869565 2.521084e+07
106615.260870 2.414459e+07
121782.304348 3.002438e+07
126319.782609 2.551745e+07
128882.869565 6.664556e+07
128959.956522 2.518360e+07
129669.304348 2.517064e+07
130225.304348 2.910898e+07

68874.521739 2.427646e+07
107701.304348 2.824540e+07
123412.304348 2.545029e+07
127759.478261 6.070166e+07
130336.391304 2.556387e+07
130795.652174 2.515488e+07
131015.043478 2.589944e+07
131615.478261 2.585114e+07

69584.478261 2.507550e+07
108902.130435 2.478586e+07
124951.739130 2.934423e+07
129282.956522 2.548057e+07
131710.521739 5.925370e+07
132625.739130 2.795206e+07
132204.565217 2.644632e+07
133347.869565 2.893073e+07

70410.043478 2.400467e+07
110043.130435 2.833063e+07
126393.913043 2.655570e+07
130823.608696 4.171859e+07
133148.695652 2.560985e+07
134196.260870 2.581453e+07
133849.913043 2.760668e+07
135016.869565 2.648470e+07

71231.521739 2.614101e+07
111264.000000 2.742842e+07
127784.043478 3.145242e+07
132185.347826 2.579105e+07
134819.913043 6.841604e+07
135567.217391 2.679392e+07
135782.391304 2.688283e+07
136344.739130 3.162955e+07

72038.652174 2.465427e+07
112506.913043 3.098270e+07
129230.826087 2.672006e+07
133513.652174 6.756821e+07
136573.000000 2.918139e+07
137041.608696 2.740209e+07
137448.217391 2.808462e+07
137504.739130 2.686379e+07

73054.434783 2.497869e+07
113590.347826 2.750705e+07
130622.695652 2.969341e+07
135073.043478 2.724361e+07
138053.043478 6.131157e+07
138577.652174 2.745807e+07
138942.000000 2.701769e+07
139125.260870 2.857412e+07

73875.086957 2.533853e+07
114946.739130 3.059167e+07
131902.043478 2.813056e+07
136775.521739 6.941345e+07
139505.478261 2.773615e+07
140222.565217 2.693314e+07
140464.652174 2.900758e+07
140850.043478 2.909571e+07

74593.565217 2.687400e+07
116377.521739 2.782705e+07
133196.565217 2.832408e+07
138417.347826 2.873694e+07
140766.086957 3.200907e+07
141655.347826 2.822225e+07
142084.130435 2.822204e+07
142325.608696 2.926682e+07

75376.521739 2.581902e+07
117654.478261 3.106940e+07
134628.869565 2.786410e+07
140126.869565 3.356304e+07
141873.347826 2.795992e+07
143292.260870 2.918835e+07
143738.782609 3.228513e+07
143733.434783 2.849962e+07

76233.782609 2.806266e+07
118923.608696 2.836159e+07
135932.521739 3.154277e+07
141692.869565 2.789791e+07
143146.739130 7.365575e+07
144860.260870 3.010352e+07
145284.347826 3.086283e+07
145174.782609 3.086475e+07

77080.000000 5.309856e+07
120266.000000 2.806170e+07
137161.521739 4.181588e+07
143433.478261 2.928864e+07
144657.913043 2.880973e+07
146309.782609 3.086994e+07
146885.260870 2.869993e+07
146518.260870 2.905901e+07

77918.260870 2.641007e+07
121651.347826 3.062902e+07
138589.739130 3.256105e+07
144953.956522 3.371853e+07
146136.434783 3.117154e+07
147713.826087 3.153224e+07
148582.652174 3.229821e+07
147917.217391 3.169931e+07

78667.652174 2.785371e+07
123145.304348 2.868402e+07
139839.043478 3.208404e+07
146462.000000 2.963094e+07
147709.695652 4.161824e+07
149064.521739 3.019801e+07
150301.608696 2.998330e+07
149369.173913 3.145849e+07

79663.695652 5.513137e+07
124184.217391 2.992353e+07
141179.086957 7.100270e+07
147838.478261 3.004778e+07
149480.826087 3.255395e+07
150478.173913 3.195174e+07
151914.086957 3.127872e+07
150908.434783 3.711542e+07

80512.043478 2.785545e+07
125457.608696 3.611974e+07
142583.956522 3.070998e+07
149318.565217 6.704122e+07
151060.565217 3.098204e+07
151941.695652 3.000922e+07
153301.347826 3.327382e+07
152470.478261 3.058715e+07

