755.333333 1.633161e+05
1247.500000 1.330418e+05
1435.125000 1.230001e+05
1561.208333 9.772683e+04
1533.041667 9.521983e+04
1556.208333 8.943250e+04
1538.541667 9.119342e+04
1541.291667 9.017504e+04

1563.375000 2.427235e+05
2521.583333 2.542435e+05
2877.750000 2.223878e+05
3056.583333 2.189662e+05
3089.375000 2.065939e+05
3112.500000 1.927579e+05
3130.375000 1.926066e+05
3128.291667 1.880426e+05

2366.750000 3.483668e+05
3795.166667 3.203993e+05
4420.208333 3.479407e+05
4485.166667 3.337989e+05
4632.541667 3.267463e+05
4734.708333 3.129565e+05
4706.500000 3.136338e+05
4724.791667 3.071309e+05

3207.041667 4.053009e+05
5035.875000 4.464495e+05
5825.458333 4.607372e+05
6092.791667 4.645205e+05
6210.375000 4.905818e+05
6313.958333 5.244965e+05
6219.083333 4.899500e+05
6210.708333 4.733213e+05

4081.791667 5.196918e+05
6265.458333 5.907340e+05
7210.625000 6.291899e+05
7737.375000 7.043797e+05
7759.958333 7.084342e+05
7793.583333 7.439208e+05
7805.666667 7.573893e+05
7661.625000 6.342338e+05

4876.041667 1.636872e+07
7561.791667 3.647088e+06
8741.250000 1.098655e+06
9149.583333 2.450377e+06
9304.291667 1.230579e+06
9346.916667 1.046029e+06
9294.000000 1.123957e+06
9385.166667 9.932544e+05

5628.666667 1.023541e+06
8769.791667 2.815484e+06
10414.333333 1.200726e+06
10598.000000 3.267999e+06
10845.166667 1.165053e+06
10842.791667 1.197536e+06
10952.208333 1.235346e+06
11024.666667 1.059975e+06

6443.291667 1.186459e+06
10113.500000 3.205254e+06
11670.250000 1.173942e+06
12295.750000 1.225031e+06
12340.541667 1.559098e+06
12511.666667 1.252236e+06
12520.541667 1.634606e+06
12410.708333 1.132334e+06

7117.208333 1.137816e+06
11577.583333 1.359694e+06
13075.250000 1.626756e+06
13844.750000 1.349931e+06
13997.625000 4.529542e+06
14026.583333 1.436364e+06
13923.750000 1.226127e+06
14184.916667 2.030566e+06

8077.666667 1.122130e+06
12647.333333 1.787240e+06
14639.416667 1.331444e+06
15263.583333 4.481905e+06
15526.541667 1.279999e+06
15515.416667 1.310031e+06
15753.625000 1.827206e+06
15698.833333 1.310352e+06

8958.791667 1.486155e+06
13741.958333 1.497472e+06
16198.958333 2.013732e+06
16973.250000 1.363499e+06
16935.958333 4.053591e+06
17152.125000 1.525530e+06
17279.875000 1.456553e+06
17090.958333 2.171512e+06

9795.500000 1.510656e+06
15041.750000 1.947125e+06
17595.666667 1.516034e+06
18463.333333 5.018971e+06
18520.041667 1.580156e+06
18816.333333 1.599469e+06
18664.375000 1.706364e+06
18826.500000 1.565426e+06

10613.541667 1.612723e+06
16393.291667 1.542864e+06
19116.125000 2.003782e+06
19792.583333 1.653116e+06
20280.291667 4.607704e+06
20252.291667 1.462234e+06
20237.083333 1.448667e+06
20271.625000 1.939688e+06

11294.416667 1.742959e+06
17894.333333 1.633509e+06
20595.958333 1.845974e+06
21262.750000 1.744348e+06
21800.708333 2.092056e+06
21751.916667 1.682241e+06
21894.083333 4.984265e+06
21744.583333 1.770704e+06

11991.416667 1.809441e+06
19186.250000 1.868704e+06
22095.666667 2.329180e+06
22983.166667 1.870964e+06
23197.625000 2.451599e+06
23334.416667 1.931875e+06
23372.833333 1.762433e+06
23476.708333 2.348920e+06

12788.458333 1.942226e+06
20510.541667 1.980501e+06
23451.041667 4.539943e+06
24577.583333 2.088293e+06
24767.958333 1.922274e+06
24907.000000 2.161893e+06
24950.250000 1.831511e+06
24838.583333 2.514382e+06

13637.500000 2.077428e+06
21740.500000 2.170125e+06
24961.625000 2.883909e+06
26076.666667 2.167651e+06
26274.958333 5.044478e+06
26470.708333 2.148109e+06
26535.333333 2.124848e+06
26505.208333 2.379151e+06

14528.166667 2.155612e+06
22903.458333 4.669836e+06
26626.625000 2.148066e+06
27439.083333 8.998398e+06
27915.500000 2.446869e+06
27898.125000 2.309021e+06
28046.583333 2.687180e+06
28288.666667 2.285655e+06

15368.083333 2.337018e+06
24290.250000 2.592943e+06
27968.458333 2.628294e+06
28928.416667 2.542693e+06
29503.083333 6.502997e+06
29697.041667 2.526434e+06
29472.125000 2.373837e+06
29700.916667 2.936378e+06

16261.625000 2.411253e+06
25370.625000 2.478570e+06
29370.125000 3.523435e+06
30593.375000 2.865043e+06
30908.541667 7.836385e+06
31194.750000 2.950716e+06
31293.666667 2.540595e+06
31406.375000 2.956631e+06

17043.208333 2.430262e+06
26785.250000 3.662372e+06
30810.958333 2.781680e+06
31966.208333 7.825329e+06
32651.000000 3.017244e+06
32619.041667 3.055449e+06
32781.291667 4.026196e+06
32860.541667 3.267596e+06

17803.166667 2.815670e+06
28245.500000 3.137052e+06
32235.500000 3.521252e+06
33509.083333 3.133243e+06
34182.625000 5.738176e+06
34315.708333 3.209289e+06
34377.791667 3.405662e+06
34381.958333 3.415843e+06

18702.416667 3.193626e+06
29603.833333 3.034230e+06
33618.041667 4.215925e+06
35038.958333 3.323297e+06
35654.375000 1.257651e+07
35659.666667 3.306806e+06
36136.833333 3.277449e+06
35971.666667 3.596944e+06

19431.500000 4.729518e+06
30994.250000 3.435079e+06
34883.583333 6.910486e+06
36502.291667 3.412908e+06
37380.833333 3.422688e+06
37290.500000 3.882882e+06
37498.625000 3.572940e+06
37606.583333 4.149595e+06

20241.750000 3.617938e+06
32185.541667 6.657140e+06
36447.291667 3.560079e+06
38229.708333 1.369304e+07
38870.916667 3.903429e+06
38934.750000 3.730244e+06
39031.708333 4.578306e+06
39094.333333 4.219507e+06

21066.000000 4.195831e+06
33298.916667 3.648211e+06
38111.083333 4.880878e+06
39754.583333 4.136742e+06
40376.875000 1.337391e+07
40591.958333 4.516402e+06
40387.958333 4.750632e+06
40756.375000 4.933720e+06

21980.500000 6.452952e+06
34496.916667 4.411185e+06
39492.541667 1.241433e+07
41369.333333 4.302611e+06
41664.000000 4.192846e+06
42356.958333 4.480959e+06
42120.916667 4.462559e+06
42156.875000 5.737545e+06

22801.833333 4.024011e+06
35795.291667 9.379004e+06
41004.500000 5.129750e+06
42921.083333 1.679076e+07
43180.625000 4.778397e+06
43977.375000 4.638166e+06
43775.458333 6.124466e+06
43972.958333 4.493737e+06

23800.250000 5.347216e+06
37046.125000 4.452727e+06
42227.041667 6.066614e+06
44581.916667 4.914209e+06
44765.458333 6.888152e+06
45222.916667 5.216460e+06
45391.500000 5.038516e+06
45688.625000 5.591815e+06

24788.333333 5.240968e+06
38014.500000 5.205843e+06
43792.625000 6.366395e+06
46214.166667 5.612600e+06
46439.500000 1.871190e+07
46474.916667 5.975083e+06
47060.791667 6.202103e+06
47204.541667 6.030289e+06

25613.250000 5.629640e+06
39230.083333 5.383699e+06
45274.458333 5.892831e+06
47633.583333 5.809012e+06
48231.750000 6.979375e+06
48267.083333 6.093066e+06
48526.958333 5.809066e+06
48629.291667 6.014836e+06

26394.375000 5.847015e+06
40729.708333 5.437293e+06
46528.541667 6.682700e+06
49080.541667 6.373546e+06
49873.166667 7.285523e+06
49896.666667 6.261495e+06
50256.708333 1.201311e+07
49883.916667 6.445807e+06

27157.000000 5.332305e+06
42137.416667 1.079387e+07
48138.166667 6.411628e+06
50414.666667 6.272988e+06
51346.541667 7.472787e+06
51342.875000 6.838177e+06
51977.791667 7.370010e+06
51569.541667 6.550028e+06

27795.458333 7.208867e+06
43537.041667 7.509548e+06
49673.583333 8.822195e+06
51824.166667 6.763049e+06
52764.625000 1.071258e+07
53167.625000 7.239501e+06
53332.958333 7.010980e+06
53221.875000 9.161203e+06

28678.750000 6.916046e+06
44572.500000 7.104991e+06
51495.125000 8.097204e+06
53340.958333 7.351901e+06
54236.041667 9.500308e+06
54886.833333 7.775284e+06
54751.375000 7.392711e+06
54724.791667 8.162876e+06

29492.291667 6.442247e+06
45975.833333 7.237390e+06
52929.875000 7.870876e+06
54982.000000 7.663211e+06
55794.041667 9.081660e+06
56351.250000 7.826874e+06
56176.375000 9.626874e+06
56444.250000 8.023142e+06

30355.958333 8.220803e+06
47274.708333 9.401719e+06
54252.375000 8.341698e+06
56651.125000 2.105031e+07
57336.041667 8.140390e+06
57891.541667 8.422938e+06
57750.916667 1.021849e+07
58171.958333 8.430594e+06

31225.250000 8.350868e+06
48483.041667 8.651618e+06
55601.958333 8.872801e+06
58335.416667 8.622383e+06
58731.750000 1.514880e+07
59613.458333 8.828055e+06
59304.583333 8.773295e+06
59825.625000 1.109819e+07

32000.916667 7.583962e+06
49751.208333 1.701069e+07
57042.875000 8.939932e+06
59733.541667 9.007802e+06
60317.750000 9.651046e+06
61229.458333 9.400431e+06
60940.041667 1.171840e+07
61440.166667 9.729636e+06

32727.416667 9.974974e+06
51019.333333 9.043252e+06
58872.416667 1.047315e+07
61014.000000 9.654322e+06
62186.250000 2.671014e+07
62491.916667 9.950059e+06
62681.250000 9.923314e+06
62655.041667 1.120980e+07

33497.375000 1.323581e+07
52274.500000 1.092030e+07
60311.166667 1.583433e+07
62721.791667 9.673424e+06
63712.375000 9.977592e+06
63863.333333 1.185145e+07
64402.333333 1.008257e+07
64072.958333 1.116215e+07

34370.416667 8.976359e+06
53618.875000 1.342448e+07
61562.791667 1.057377e+07
64480.500000 2.539458e+07
65240.250000 1.053174e+07
65364.500000 1.083736e+07
66105.291667 1.196241e+07
65427.708333 1.058680e+07

35230.166667 1.015698e+07
54995.291667 1.065373e+07
62939.000000 1.162383e+07
65977.250000 1.064048e+07
66760.125000 1.701806e+07
66970.333333 1.083604e+07
67768.125000 1.076549e+07
67029.791667 1.132921e+07

35930.250000 1.022803e+07
56593.583333 1.396151e+07
64313.083333 1.278554e+07
67394.375000 3.057730e+07
68440.166667 1.231215e+07
68419.875000 1.258577e+07
69362.416667 1.212107e+07
68845.125000 1.162309e+07

36702.833333 1.085779e+07
58008.916667 1.183220e+07
65738.708333 1.334496e+07
68776.416667 1.152181e+07
70023.333333 2.855480e+07
70296.291667 1.181966e+07
70460.375000 1.169788e+07
70685.916667 1.389439e+07

37572.750000 1.071287e+07
59307.333333 1.386167e+07
67052.791667 1.307074e+07
70382.333333 2.065043e+07
71576.500000 1.206181e+07
72075.708333 1.188063e+07
71680.291667 1.390160e+07
72254.958333 1.334952e+07

38416.625000 1.251799e+07
60425.625000 1.238759e+07
68650.583333 1.519790e+07
71982.000000 1.281501e+07
72880.500000 3.314981e+07
73931.666667 1.300876e+07
73235.625000 1.245139e+07
73729.083333 1.326830e+07

39254.125000 1.748961e+07
61723.875000 1.294953e+07
70095.583333 2.707563e+07
73524.833333 1.286339e+07
74585.041667 1.251366e+07
75454.000000 1.497192e+07
74779.250000 1.412392e+07
75272.416667 1.371495e+07

40000.125000 1.318875e+07
63056.708333 1.562605e+07
71637.125000 1.328777e+07
75137.500000 1.491988e+07
75982.333333 1.341311e+07
77016.083333 1.334263e+07
76473.000000 1.497106e+07
76707.375000 1.356050e+07

40826.000000 1.281977e+07
64288.416667 1.286497e+07
73315.083333 1.452342e+07
76604.750000 1.459896e+07
77249.833333 3.618407e+07
78625.250000 1.407046e+07
78303.208333 1.395519e+07
78147.166667 1.473844e+07

41706.458333 1.330223e+07
65552.916667 1.713122e+07
74820.416667 1.463560e+07
78075.958333 3.571886e+07
78919.291667 1.434454e+07
79882.333333 1.403179e+07
79876.583333 1.563190e+07
79633.291667 1.456755e+07

42414.416667 1.322128e+07
67112.708333 1.388436e+07
76029.083333 1.495211e+07
79663.666667 1.584100e+07
80856.916667 2.988601e+07
81163.166667 1.497634e+07
81497.083333 1.525375e+07
81063.458333 1.515793e+07

43109.333333 1.324244e+07
68532.708333 1.580365e+07
77465.833333 1.439358e+07
81136.208333 1.932587e+07
82516.000000 1.578407e+07
82631.958333 1.492661e+07
82851.041667 1.707731e+07
82863.000000 1.482702e+07

44003.208333 1.550987e+07
69735.708333 1.532219e+07
78981.750000 1.743469e+07
82754.750000 1.635850e+07
84093.750000 3.999473e+07
84040.875000 1.578478e+07
84308.916667 1.517217e+07
84641.250000 1.824080e+07

44775.958333 1.472398e+07
70969.541667 1.603894e+07
80604.375000 1.588951e+07
84097.291667 1.659340e+07
85887.833333 1.556917e+07
85663.750000 1.628149e+07
85971.708333 1.724256e+07
86187.208333 1.502742e+07

45723.958333 1.592977e+07
72197.583333 1.532120e+07
81992.750000 2.136248e+07
85689.833333 1.555172e+07
87610.875000 4.150152e+07
87236.958333 1.609986e+07
87431.583333 1.733767e+07
87594.958333 1.866590e+07

46559.750000 2.740293e+07
73491.791667 1.583162e+07
83476.083333 3.183320e+07
87226.458333 1.622733e+07
89134.875000 1.616451e+07
88747.500000 1.642205e+07
88906.708333 1.610772e+07
89116.458333 1.991709e+07

47505.333333 1.557081e+07
74569.833333 1.730897e+07
85089.041667 1.684267e+07
88526.500000 4.152296e+07
90730.125000 1.750043e+07
90434.166667 1.741567e+07
90501.166667 1.730310e+07
90998.291667 1.686768e+07

48372.125000 1.784061e+07
75657.666667 1.827342e+07
86798.916667 1.839681e+07
89943.958333 1.720305e+07
91927.583333 4.468539e+07
92181.541667 1.780508e+07
91969.541667 1.703794e+07
92835.958333 1.874417e+07

49176.666667 1.735994e+07
76834.041667 1.787336e+07
88483.291667 1.728867e+07
91477.291667 2.426040e+07
93403.125000 1.725381e+07
93592.541667 1.680003e+07
93792.000000 2.114984e+07
94306.375000 1.778452e+07

49964.125000 1.823731e+07
78096.458333 1.938412e+07
89919.708333 1.876310e+07
93409.541667 1.833512e+07
94637.666667 4.668626e+07
95193.333333 1.787464e+07
95372.000000 1.806067e+07
95558.166667 1.989196e+07

50677.291667 1.604460e+07
79555.083333 1.994849e+07
91226.333333 1.767904e+07
95178.000000 4.511146e+07
96160.208333 1.807851e+07
96669.333333 1.767204e+07
97176.250000 1.877137e+07
96854.583333 1.842915e+07

51620.250000 1.839532e+07
80848.000000 1.740638e+07
92560.125000 2.177489e+07
96716.250000 1.845574e+07
97794.875000 2.618132e+07
98170.666667 1.878177e+07
98566.666667 1.888364e+07
98517.375000 1.980314e+07

52643.375000 1.688340e+07
81930.958333 2.443393e+07
94112.666667 1.802186e+07
98284.041667 4.792120e+07
99402.833333 1.886595e+07
99546.000000 1.869549e+07
100267.750000 2.086838e+07
100145.916667 2.037112e+07

53378.125000 2.045138e+07
83318.750000 1.947642e+07
95561.541667 2.315827e+07
99922.625000 2.054575e+07
100845.375000 1.984997e+07
101152.250000 2.112769e+07
102051.666667 1.938964e+07
101339.541667 2.687527e+07

54148.458333 1.857766e+07
84677.750000 1.855451e+07
96994.375000 1.960177e+07
101450.375000 1.896155e+07
102365.333333 2.294381e+07
102827.708333 1.897197e+07
103569.375000 1.887469e+07
102722.291667 2.065191e+07

54867.208333 1.813468e+07
86056.875000 1.910142e+07
98512.875000 2.053814e+07
102968.375000 1.967848e+07
103912.875000 2.121519e+07
104320.416667 2.067712e+07
105001.416667 5.039223e+07
104434.166667 2.018709e+07

55978.375000 1.944210e+07
87085.875000 2.433078e+07
99979.958333 2.050371e+07
104478.125000 2.053122e+07
105451.625000 2.226895e+07
105968.250000 2.063956e+07
106359.000000 2.471533e+07
106180.916667 2.127763e+07

56934.375000 1.901560e+07
88263.250000 1.885849e+07
101321.000000 2.131119e+07
106125.458333 2.090673e+07
106805.958333 2.228966e+07
107751.000000 2.203500e+07
107756.833333 5.071454e+07
108093.375000 2.119897e+07

57676.791667 1.989786e+07
89669.541667 2.320145e+07
102532.125000 2.131275e+07
107850.833333 2.324592e+07
108324.666667 2.025327e+07
109392.000000 5.427642e+07
109230.916667 2.221987e+07
109626.041667 2.082605e+07

58363.125000 1.970674e+07
91145.041667 2.575188e+07
103908.458333 2.132267e+07
109340.708333 5.304402e+07
109959.208333 2.045049e+07
110963.916667 2.223985e+07
110896.791667 2.244671e+07
111150.458333 2.070942e+07

59149.000000 2.416974e+07
92494.375000 2.131990e+07
105415.125000 2.604041e+07
110652.791667 2.088406e+07
111707.500000 5.594958e+07
112650.000000 2.327910e+07
112308.000000 2.232964e+07
112819.666667 2.275110e+07

60055.416667 2.036430e+07
93752.291667 2.330963e+07
106942.958333 2.242729e+07
112077.041667 5.322594e+07
113180.583333 2.232305e+07
114132.208333 2.202675e+07
113749.666667 2.270004e+07
114610.833333 2.161101e+07

60997.000000 2.351730e+07
95025.500000 2.194306e+07
108595.750000 2.390373e+07
113425.291667 2.206256e+07
114610.666667 2.205577e+07
115931.541667 2.418041e+07
115100.791667 2.253157e+07
116249.333333 2.694860e+07

61809.000000 2.040912e+07
96265.375000 2.160812e+07
110217.500000 2.302832e+07
114835.041667 2.245250e+07
116158.833333 2.723323e+07
117456.375000 2.202722e+07
116797.916667 2.686779e+07
117541.791667 2.225081e+07

62694.500000 2.051867e+07
97490.125000 2.487113e+07
111687.375000 2.322782e+07
116445.750000 5.869702e+07
117615.750000 2.342120e+07
118794.458333 2.355013e+07
118795.791667 2.309721e+07
118870.333333 2.290726e+07

63508.208333 2.216367e+07
98757.125000 2.281012e+07
113359.083333 2.510489e+07
117724.791667 2.284186e+07
119136.958333 5.911000e+07
120396.958333 2.412818e+07
120482.166667 2.317096e+07
120625.083333 2.527512e+07

64212.958333 4.295664e+07
100190.750000 2.351484e+07
114790.125000 5.365260e+07
119128.708333 2.459950e+07
120988.916667 2.608807e+07
121795.791667 2.504656e+07
121951.791667 2.262711e+07
122210.333333 2.548393e+07

64936.750000 2.169162e+07
101672.250000 2.752727e+07
116205.541667 2.521299e+07
120595.833333 6.077373e+07
122794.375000 2.469340e+07
123150.458333 2.422990e+07
123550.916667 2.722787e+07
123832.000000 2.542404e+07

65804.500000 2.489508e+07
102943.916667 2.483174e+07
117780.625000 2.530938e+07
121904.916667 2.364468e+07
124412.083333 6.232157e+07
124734.500000 2.503189e+07
125117.000000 2.533532e+07
125557.375000 2.755616e+07

66631.333333 2.279173e+07
104236.458333 2.589098e+07
119191.875000 2.532079e+07
123500.791667 5.505982e+07
125913.375000 2.504004e+07
126255.125000 2.474450e+07
126956.833333 2.692593e+07
127153.958333 2.466398e+07

67578.333333 2.356007e+07
105448.333333 2.481799e+07
120600.916667 2.960463e+07
125074.625000 2.513190e+07
127312.125000 3.417719e+07
127577.333333 2.561262e+07
128842.791667 2.598356e+07
128618.958333 2.756068e+07

68323.125000 2.384351e+07
106784.083333 2.927701e+07
122187.875000 2.687656e+07
126700.125000 6.150221e+07
129027.833333 2.535025e+07
128797.416667 2.561492e+07
130266.416667 2.731427e+07
130455.375000 2.583502e+07

69064.416667 2.465680e+07
108219.416667 2.522880e+07
123598.666667 2.714385e+07
128165.083333 2.662860e+07
130666.875000 3.159328e+07
130527.208333 2.803926e+07
131621.958333 2.786107e+07
132037.000000 2.891743e+07

69844.000000 2.312235e+07
109501.833333 3.380599e+07
124993.875000 2.705038e+07
129773.708333 6.595587e+07
132281.666667 2.990064e+07
132254.083333 2.566636e+07
133068.250000 2.800298e+07
133710.291667 2.686766e+07

70695.958333 4.974745e+07
110638.500000 2.729739e+07
126713.125000 4.886900e+07
131059.875000 2.645968e+07
133770.541667 2.703834e+07
133999.375000 3.751863e+07
134428.958333 2.862040e+07
135192.083333 3.241340e+07

71475.625000 2.651794e+07
111839.000000 2.585717e+07
128327.833333 6.004817e+07
132638.000000 2.734054e+07
135193.541667 2.750210e+07
136008.083333 2.984565e+07
135703.125000 2.707316e+07
136837.083333 2.909606e+07

72302.416667 2.484656e+07
113068.291667 3.230843e+07
129697.625000 2.777760e+07
134407.458333 7.180918e+07
136558.208333 2.718910e+07
137656.541667 2.806208e+07
137336.666667 2.847676e+07
138594.541667 2.990287e+07

73077.458333 3.106323e+07
114339.208333 3.153603e+07
131284.458333 6.921883e+07
135719.250000 2.871673e+07
138327.083333 2.731086e+07
139195.750000 2.874025e+07
139270.625000 2.909140e+07
139974.833333 3.488248e+07

73990.916667 2.558448e+07
115489.666667 3.179867e+07
132778.208333 2.800847e+07
137122.333333 6.934309e+07
140036.875000 2.852248e+07
140518.541667 2.846786e+07
141141.458333 3.030155e+07
141230.000000 2.815786e+07

74997.333333 2.521349e+07
116722.833333 2.782272e+07
134164.333333 2.935756e+07
138713.333333 2.773516e+07
141655.416667 3.020978e+07
142169.791667 3.077587e+07
142565.583333 6.775404e+07
142851.541667 3.085279e+07

75829.000000 2.580523e+07
118116.583333 3.140935e+07
135328.916667 2.938757e+07
140501.958333 6.948098e+07
143117.416667 2.906625e+07
143599.625000 2.918359e+07
144104.458333 3.235549e+07
144528.041667 2.916069e+07

76586.291667 5.406672e+07
119532.333333 2.941670e+07
136761.583333 7.272026e+07
142103.208333 3.135134e+07
144463.916667 2.981355e+07
145395.000000 3.530701e+07
145662.208333 2.974464e+07
146006.250000 3.423635e+07

77450.708333 2.876390e+07
120853.000000 3.100928e+07
138223.208333 3.116175e+07
143910.500000 2.928793e+07
145594.250000 3.421614e+07
146982.708333 2.948534e+07
147454.166667 3.012022e+07
147490.541667 3.143523e+07

78299.916667 2.721384e+07
122135.833333 4.257812e+07
139578.666667 3.028733e+07
145560.958333 3.017797e+07
146885.833333 3.406211e+07
148597.458333 3.077676e+07
149025.208333 3.526396e+07
148979.250000 3.007015e+07

79118.750000 3.013095e+07
123601.250000 3.071701e+07
140954.083333 3.325657e+07
147182.708333 2.925296e+07
148324.208333 7.885998e+07
150160.583333 3.133478e+07
150684.041667 3.089937e+07
150489.000000 3.269283e+07

79962.166667 3.252799e+07
124956.750000 3.091250e+07
142325.291667 6.945552e+07
148821.291667 3.079266e+07
149778.958333 3.044704e+07
151539.666667 3.256990e+07
152380.375000 3.059213e+07
151848.541667 3.145116e+07

80777.625000 2.858259e+07
126410.583333 3.502941e+07
143612.666667 3.252316e+07
150415.666667 7.785714e+07
151497.166667 3.120773e+07
152964.666667 3.087490e+07
154132.125000 3.277976e+07
153395.458333 3.214362e+07

81803.375000 2.943918e+07
127583.333333 3.174550e+07
144975.666667 3.412120e+07
151882.583333 3.140073e+07
153241.916667 5.191211e+07
154366.750000 3.109780e+07
155868.083333 3.289561e+07
155011.833333 3.373258e+07

82695.541667 2.907247e+07
128836.833333 3.487553e+07
146363.083333 3.191933e+07
153232.375000 7.952372e+07
155143.625000 3.256214e+07
155888.291667 3.151906e+07
157335.625000 3.472544e+07
156589.708333 3.233320e+07

