752.520000 1.507262e+05
1249.800000 1.401522e+05
1432.840000 1.363473e+05
1565.160000 1.091600e+05
1547.840000 9.953192e+04
1560.480000 1.099043e+05
1563.080000 1.037287e+05
1551.760000 1.021785e+05

1567.280000 2.203314e+05
2518.960000 1.935432e+05
2890.000000 1.689253e+05
3062.720000 1.814833e+05
3113.280000 1.752820e+05
3105.720000 1.720668e+05
3136.400000 1.942980e+05
3099.840000 2.109375e+05

2362.560000 3.545192e+05
3792.040000 3.593836e+05
4428.440000 3.880532e+05
4489.400000 3.728448e+05
4638.800000 3.913034e+05
4713.080000 4.586608e+05
4708.040000 3.768209e+05
4698.720000 3.790267e+05

3212.200000 4.156930e+05
5029.000000 4.570450e+05
5829.960000 5.134143e+05
6095.320000 5.452467e+05
6214.760000 5.714640e+05
6316.760000 5.773239e+05
6206.680000 5.285214e+05
6201.880000 5.212222e+05

4075.240000 4.979061e+05
6260.280000 5.644364e+05
7201.600000 5.637060e+05
7745.000000 5.932322e+05
7742.400000 6.509653e+05
7782.440000 6.924536e+05
7801.040000 8.106538e+05
7721.800000 8.380724e+05

4867.960000 2.912013e+07
7582.320000 9.335581e+06
8755.080000 1.211237e+06
9126.120000 1.630794e+06
9271.760000 3.620843e+06
9359.680000 1.852061e+06
9326.320000 1.220429e+06
9371.320000 1.154094e+06

5623.800000 2.586874e+06
8758.200000 9.054271e+05
10422.040000 2.805544e+06
10587.840000 1.007069e+06
10863.360000 4.347960e+06
10819.680000 8.964724e+05
10966.960000 9.338215e+05
11074.760000 1.188016e+06

6437.120000 9.704739e+05
10136.920000 1.392233e+06
11626.280000 1.009652e+06
12285.640000 3.357550e+06
12318.480000 1.075620e+06
12514.560000 1.012549e+06
12566.080000 1.512326e+06
12396.960000 1.026245e+06

7127.960000 1.182301e+06
11552.840000 1.206865e+06
13077.800000 1.401344e+06
13821.080000 1.132353e+06
14017.800000 3.835616e+06
14057.320000 1.215952e+06
13903.760000 1.061539e+06
14241.120000 1.426749e+06

8068.880000 1.332311e+06
12619.240000 4.398694e+06
14634.160000 1.363129e+06
15300.080000 1.400390e+06
15548.840000 1.786881e+06
15487.120000 1.337724e+06
15752.960000 1.690480e+06
15690.880000 1.277103e+06

8953.240000 1.336966e+06
13721.520000 1.457024e+06
16206.440000 1.777865e+06
16971.080000 1.344011e+06
16931.720000 4.178626e+06
17223.520000 1.322614e+06
17270.280000 1.285126e+06
17107.040000 1.945462e+06

9789.400000 1.398266e+06
15031.680000 1.663877e+06
17574.200000 1.456959e+06
18466.840000 3.422947e+06
18555.360000 1.464132e+06
18857.040000 1.486180e+06
18664.800000 2.408198e+06
18822.440000 1.597055e+06

10581.440000 1.477715e+06
16416.760000 1.582885e+06
19073.320000 2.285315e+06
19818.240000 1.704888e+06
20333.880000 4.317023e+06
20266.840000 1.689568e+06
20233.680000 1.640807e+06
20261.800000 1.808916e+06

11283.440000 1.763064e+06
17852.040000 1.590743e+06
20594.280000 1.974626e+06
21272.120000 1.802062e+06
21822.720000 2.933193e+06
21772.680000 1.837573e+06
21881.960000 2.138842e+06
21746.960000 1.689372e+06

11972.200000 4.112272e+06
19163.600000 1.861726e+06
22084.560000 5.963924e+06
22983.440000 2.038621e+06
23212.360000 1.875441e+06
23302.720000 2.015058e+06
23378.720000 1.908085e+06
23461.240000 2.356912e+06

12768.680000 1.946319e+06
20483.480000 4.478196e+06
23439.600000 2.063889e+06
24607.640000 7.346701e+06
24754.560000 2.028615e+06
24934.560000 2.039932e+06
24925.880000 2.241263e+06
24845.720000 2.017910e+06

13603.880000 2.177684e+06
21730.760000 2.205229e+06
24984.120000 2.835608e+06
26105.280000 2.254469e+06
26267.760000 7.275443e+06
26495.760000 2.166268e+06
26458.680000 2.020083e+06
26461.320000 3.165251e+06

14525.720000 2.126939e+06
22890.400000 2.277710e+06
26587.080000 2.546165e+06
27400.760000 2.295728e+06
27965.440000 2.891723e+06
27907.240000 2.383940e+06
28011.880000 6.317462e+06
28232.640000 2.858390e+06

15353.800000 2.362730e+06
24217.200000 3.075721e+06
27998.280000 2.779007e+06
28946.440000 9.696648e+06
29531.840000 2.763263e+06
29620.400000 2.442727e+06
29410.600000 2.852009e+06
29607.280000 2.759298e+06

16234.680000 2.608119e+06
25378.360000 2.906973e+06
29356.200000 3.091213e+06
30614.680000 2.992715e+06
30934.160000 6.652151e+06
31164.680000 2.699148e+06
31211.880000 2.516910e+06
31296.920000 3.168639e+06

17020.760000 2.701596e+06
26748.200000 8.191427e+06
30842.920000 3.060476e+06
31981.720000 2.926537e+06
32644.600000 3.543278e+06
32677.320000 2.802540e+06
32718.880000 3.351188e+06
32752.840000 2.811295e+06

17806.680000 2.908661e+06
28192.760000 2.975772e+06
32250.640000 3.817045e+06
33499.400000 3.592331e+06
34159.320000 1.136247e+07
34285.600000 3.156843e+06
34297.720000 3.145007e+06
34271.440000 3.691687e+06

18694.160000 3.055984e+06
29553.120000 3.868443e+06
33657.960000 3.728311e+06
35022.000000 6.259613e+06
35650.880000 3.821692e+06
35582.280000 3.550944e+06
36080.720000 4.092276e+06
35857.560000 3.443860e+06

19385.320000 3.617176e+06
30949.440000 3.793261e+06
34949.680000 4.435742e+06
36517.440000 3.724954e+06
37339.680000 1.342870e+07
37228.080000 3.520004e+06
37461.040000 3.676289e+06
37467.720000 3.920593e+06

20194.680000 4.139035e+06
32153.520000 3.992074e+06
36454.080000 5.031386e+06
38246.240000 4.351971e+06
38838.200000 1.464300e+07
38895.320000 4.622925e+06
38849.800000 3.913211e+06
39036.600000 4.032397e+06

21032.680000 3.815998e+06
33299.840000 4.187938e+06
38052.520000 4.052439e+06
39806.800000 9.528445e+06
40294.280000 4.434741e+06
40562.200000 4.299796e+06
40337.000000 4.845710e+06
40604.200000 4.531807e+06

21940.040000 5.797493e+06
34505.360000 6.486460e+06
39450.840000 4.724321e+06
41385.120000 4.731335e+06
41592.080000 1.592822e+07
42296.480000 4.533768e+06
42034.520000 4.732446e+06
42154.960000 5.256437e+06

22785.840000 1.253600e+07
35727.280000 4.574543e+06
40984.240000 1.401536e+07
42948.440000 4.887371e+06
43104.800000 4.705294e+06
43858.160000 5.774698e+06
43654.840000 5.378734e+06
43941.000000 5.659657e+06

23753.680000 4.715019e+06
36986.080000 6.452288e+06
42198.400000 5.406120e+06
44530.160000 1.697608e+07
44838.360000 5.679875e+06
45102.600000 5.135973e+06
45272.200000 6.595544e+06
45631.120000 5.630974e+06

24742.720000 5.865584e+06
37978.960000 6.086215e+06
43772.080000 6.396435e+06
46284.920000 5.499563e+06
46354.560000 7.335505e+06
46401.960000 5.998592e+06
46918.040000 5.608680e+06
47220.360000 8.421104e+06

25574.200000 8.820783e+06
39206.560000 5.605964e+06
45258.280000 1.570552e+07
47606.520000 5.977957e+06
48173.600000 5.663556e+06
48114.560000 6.736178e+06
48425.840000 6.201883e+06
48547.680000 7.022233e+06

26366.400000 6.693698e+06
40681.320000 1.055628e+07
46494.680000 6.794253e+06
49056.120000 2.208766e+07
49763.760000 6.407440e+06
49814.920000 6.343183e+06
50157.160000 6.787405e+06
49806.480000 6.552914e+06

27119.760000 6.420436e+06
42108.800000 6.802082e+06
48093.080000 8.026161e+06
50372.960000 7.077507e+06
51260.680000 1.163698e+07
51205.400000 7.003152e+06
51883.080000 6.925474e+06
51464.920000 8.447016e+06

27740.440000 6.250650e+06
43495.040000 8.990808e+06
49671.280000 7.551430e+06
51810.080000 6.830483e+06
52679.280000 7.953521e+06
53065.680000 7.359663e+06
53288.120000 7.817287e+06
53099.280000 7.140155e+06

28621.400000 8.020124e+06
44515.880000 7.873202e+06
51474.840000 8.463603e+06
53334.680000 7.689976e+06
54125.000000 1.372612e+07
54750.680000 7.575433e+06
54643.040000 7.438409e+06
54649.840000 9.413356e+06

29438.080000 8.342813e+06
45930.520000 9.551726e+06
52920.920000 8.503016e+06
54924.840000 1.099967e+07
55702.720000 8.517960e+06
56224.920000 8.211840e+06
56049.840000 9.435374e+06
56335.600000 8.790916e+06

30302.760000 7.900151e+06
47172.840000 8.857266e+06
54320.360000 9.973942e+06
56581.640000 8.601772e+06
57169.200000 2.494954e+07
57795.080000 8.898830e+06
57725.000000 8.856903e+06
58055.040000 1.033348e+07

31227.920000 8.107237e+06
48369.400000 1.109158e+07
55607.680000 1.018185e+07
58283.720000 1.001018e+07
58704.840000 9.180373e+06
59499.640000 9.562210e+06
59210.880000 1.099551e+07
59683.800000 9.878580e+06

31977.280000 9.356030e+06
49690.560000 9.564630e+06
57085.080000 1.002988e+07
59736.400000 9.942006e+06
60201.960000 2.718014e+07
61054.480000 9.604170e+06
60857.880000 9.481688e+06
61277.480000 1.046353e+07

32687.280000 9.505628e+06
50966.200000 1.383168e+07
58781.760000 1.000516e+07
60976.240000 2.796504e+07
62021.960000 1.051101e+07
62374.840000 1.081493e+07
62609.240000 1.023886e+07
62532.200000 9.835923e+06

33454.680000 9.419707e+06
52209.760000 9.863656e+06
60282.840000 1.243933e+07
62701.280000 1.079475e+07
63615.640000 1.266213e+07
63776.440000 1.126113e+07
64338.440000 1.096167e+07
63925.800000 1.170456e+07

34341.920000 1.002537e+07
53541.360000 1.227426e+07
61546.560000 1.077381e+07
64427.680000 1.547595e+07
65150.080000 1.091531e+07
65262.440000 1.121497e+07
66012.680000 1.413929e+07
65305.120000 1.109968e+07

35187.920000 1.095250e+07
54910.560000 1.156890e+07
62918.240000 1.566117e+07
65967.040000 1.178929e+07
66639.800000 3.065175e+07
66842.520000 1.195852e+07
67710.240000 1.171563e+07
66935.480000 1.343941e+07

35878.360000 1.058944e+07
56508.400000 1.095335e+07
64272.880000 1.257689e+07
67315.320000 1.173999e+07
68308.040000 1.291226e+07
68382.960000 1.251409e+07
69163.960000 2.877455e+07
68724.200000 1.182268e+07

36673.560000 1.081333e+07
57862.280000 1.380269e+07
65752.080000 1.220590e+07
68697.440000 1.388997e+07
69896.160000 1.187214e+07
70230.440000 1.229498e+07
70292.240000 1.404228e+07
70583.160000 1.218949e+07

37492.240000 1.371752e+07
59315.920000 1.216416e+07
66995.800000 1.565463e+07
70324.600000 1.349650e+07
71499.040000 1.271493e+07
72005.840000 1.431737e+07
71575.600000 1.273548e+07
72159.520000 1.745956e+07

38359.160000 1.594412e+07
60368.640000 1.516042e+07
68573.760000 1.448759e+07
71904.600000 1.313483e+07
72826.440000 3.265342e+07
73747.160000 1.365078e+07
73112.440000 1.270360e+07
73625.040000 1.493166e+07

39178.600000 1.211285e+07
61668.440000 1.506813e+07
69971.360000 1.373532e+07
73417.920000 2.098602e+07
74484.080000 1.333133e+07
75351.600000 1.352430e+07
74553.920000 1.584338e+07
75172.400000 1.424598e+07

39932.400000 1.391647e+07
63053.960000 1.328100e+07
71569.320000 1.570431e+07
74986.280000 1.470150e+07
75821.120000 3.649607e+07
76933.400000 1.437498e+07
76331.520000 1.433773e+07
76693.920000 1.476122e+07

40775.800000 1.320681e+07
64169.680000 1.304619e+07
73271.680000 1.492764e+07
76482.080000 1.389713e+07
77140.440000 1.584139e+07
78498.400000 1.466172e+07
78196.320000 3.779746e+07
78049.120000 1.530401e+07

41635.240000 2.214055e+07
65492.240000 1.438277e+07
74706.560000 3.284256e+07
77950.800000 1.423860e+07
78907.560000 1.446433e+07
79722.160000 1.677538e+07
79768.080000 1.502025e+07
79566.120000 1.580791e+07

42364.480000 1.552085e+07
67003.160000 1.603261e+07
76020.320000 1.461681e+07
79544.080000 3.738561e+07
80734.040000 1.546773e+07
81029.400000 1.639929e+07
81371.880000 1.681396e+07
81052.800000 1.512641e+07

43062.520000 1.482695e+07
68398.640000 1.498266e+07
77427.480000 1.570144e+07
80988.000000 1.494706e+07
82475.760000 1.653179e+07
82475.160000 1.580399e+07
82632.760000 1.951043e+07
82792.920000 1.704185e+07

43905.280000 1.433618e+07
69664.480000 1.739288e+07
78962.080000 1.631475e+07
82543.640000 3.268813e+07
83977.200000 1.583003e+07
84036.640000 1.561846e+07
84213.560000 1.773927e+07
84549.360000 1.555352e+07

44698.760000 1.661423e+07
70891.920000 1.576143e+07
80545.640000 1.729706e+07
83998.960000 1.609897e+07
85695.920000 4.084950e+07
85534.520000 1.648209e+07
85884.200000 1.643888e+07
86079.360000 1.932567e+07

45645.320000 2.866721e+07
72144.440000 1.716804e+07
81988.560000 3.829810e+07
85482.840000 1.661834e+07
87465.680000 1.708362e+07
87015.680000 1.855259e+07
87400.000000 1.684585e+07
87522.920000 2.207079e+07

46480.240000 1.585521e+07
73477.120000 1.980644e+07
83421.440000 1.725469e+07
87005.240000 4.117248e+07
89036.400000 1.668994e+07
88720.120000 1.665206e+07
88826.720000 1.936422e+07
89053.280000 1.744237e+07

47440.280000 1.811699e+07
74492.880000 1.773166e+07
85044.000000 1.816467e+07
88247.640000 1.680771e+07
90593.120000 2.023368e+07
90284.360000 1.773884e+07
90438.800000 1.817436e+07
90899.640000 2.177450e+07

48294.160000 1.623411e+07
75551.560000 1.954804e+07
86783.640000 1.841235e+07
89751.080000 2.891971e+07
91935.320000 1.900609e+07
91985.440000 1.814002e+07
91920.040000 1.914377e+07
92715.560000 1.777744e+07

49100.400000 1.761361e+07
76716.720000 1.869770e+07
88437.200000 2.041656e+07
91448.200000 1.877392e+07
93258.520000 4.509562e+07
93463.040000 1.874290e+07
93638.960000 1.915936e+07
94120.760000 2.076681e+07

49881.160000 1.644688e+07
78047.480000 1.856185e+07
89816.160000 1.877558e+07
93229.000000 3.688269e+07
94537.480000 1.888699e+07
95029.920000 1.919591e+07
95388.280000 2.078423e+07
95487.160000 1.839649e+07

50601.520000 1.931004e+07
79504.560000 1.774581e+07
91154.080000 2.186101e+07
95005.320000 1.890916e+07
96139.880000 4.627675e+07
96472.280000 1.988231e+07
96961.600000 1.894204e+07
96648.560000 1.947242e+07

51530.600000 1.739257e+07
80728.120000 2.136819e+07
92524.480000 1.905293e+07
96592.200000 2.415562e+07
97587.880000 1.945369e+07
98146.920000 1.945260e+07
98501.400000 2.096500e+07
98398.400000 1.961046e+07

52543.360000 1.890349e+07
81861.520000 1.990238e+07
93987.840000 2.143605e+07
98185.160000 1.979956e+07
99221.040000 4.915329e+07
99462.120000 1.979140e+07
100122.440000 1.927756e+07
99914.200000 2.112110e+07

53293.880000 1.881559e+07
83253.520000 2.280104e+07
95470.760000 1.952825e+07
99797.280000 2.305557e+07
100673.040000 1.937488e+07
101000.320000 2.069851e+07
101822.200000 2.365281e+07
101193.640000 1.937279e+07

54061.120000 2.161915e+07
84622.760000 1.996878e+07
96830.320000 2.086919e+07
101257.200000 2.092980e+07
102172.440000 5.050477e+07
102690.000000 1.990867e+07
103401.000000 2.125348e+07
102459.520000 2.120330e+07

54775.440000 1.844476e+07
85955.160000 2.154821e+07
98389.600000 2.035438e+07
102885.120000 2.589578e+07
103725.920000 2.003281e+07
104217.800000 2.040680e+07
104863.440000 2.341281e+07
104160.520000 2.058773e+07

55902.400000 2.145172e+07
86952.800000 2.029538e+07
99878.120000 2.402785e+07
104380.240000 2.118747e+07
105268.640000 5.246064e+07
105855.680000 2.111390e+07
106300.560000 2.069301e+07
105897.920000 2.273362e+07

56841.680000 2.030821e+07
88129.240000 2.244013e+07
101258.120000 2.126480e+07
106027.840000 2.626634e+07
106668.480000 2.113767e+07
107556.840000 2.147524e+07
107727.920000 2.397711e+07
107792.960000 2.071076e+07

57565.480000 2.067022e+07
89517.520000 2.093952e+07
102479.560000 2.461997e+07
107602.920000 2.166767e+07
108305.600000 5.528018e+07
109224.520000 2.289223e+07
109259.720000 2.173464e+07
109423.600000 2.389091e+07

58276.200000 2.039798e+07
91031.320000 2.372339e+07
103745.200000 2.253650e+07
109166.640000 2.445200e+07
109869.120000 2.367398e+07
110895.440000 2.281539e+07
110712.560000 2.405365e+07
110925.880000 2.171997e+07

59078.680000 2.454998e+07
92285.000000 2.421854e+07
105416.080000 2.402117e+07
110526.560000 2.304324e+07
111540.240000 5.607506e+07
112444.280000 2.443741e+07
112108.040000 2.398171e+07
112562.640000 2.363830e+07

59943.800000 2.247479e+07
93588.920000 2.472464e+07
106996.320000 2.212914e+07
111927.840000 2.494419e+07
112994.280000 2.534070e+07
114022.960000 2.438954e+07
113546.800000 2.456510e+07
114410.920000 2.398017e+07

60899.040000 2.391169e+07
94868.160000 2.311913e+07
108495.320000 3.081630e+07
113238.760000 2.399684e+07
114489.720000 5.842454e+07
115789.680000 2.430807e+07
114968.920000 2.337804e+07
115985.760000 2.515584e+07

61733.800000 4.061814e+07
96042.360000 2.396957e+07
110172.440000 5.417333e+07
114632.320000 2.293797e+07
115987.320000 2.360755e+07
117353.040000 2.493803e+07
116602.760000 2.286617e+07
117227.840000 2.729312e+07

62604.680000 2.219869e+07
97338.040000 5.073124e+07
111633.320000 2.347555e+07
116227.280000 2.354683e+07
117306.560000 2.464962e+07
118754.360000 2.402106e+07
118533.200000 2.400779e+07
118727.000000 2.330427e+07

63432.640000 2.358718e+07
98611.280000 2.417536e+07
113131.920000 2.515169e+07
117627.000000 2.405687e+07
118995.880000 2.942786e+07
120404.200000 2.653095e+07
120260.280000 6.160231e+07
120292.720000 2.488344e+07

64126.680000 2.234122e+07
100133.840000 2.658039e+07
114668.080000 2.470674e+07
118948.720000 5.567866e+07
120808.000000 2.556253e+07
121692.400000 2.516545e+07
121732.080000 2.795783e+07
121933.960000 2.466029e+07

64810.400000 2.423368e+07
101601.160000 2.564010e+07
116136.760000 3.057366e+07
120431.800000 2.572311e+07
122593.640000 6.312230e+07
123101.640000 2.534380e+07
123286.440000 2.587126e+07
123537.560000 2.927580e+07

65627.000000 2.348675e+07
102870.480000 2.482516e+07
117640.080000 2.592150e+07
121858.640000 2.629198e+07
124196.320000 2.719343e+07
124679.640000 2.753299e+07
124826.000000 2.600743e+07
125309.040000 2.786229e+07

66537.480000 2.440665e+07
104160.760000 2.388867e+07
119103.040000 2.661475e+07
123337.200000 2.554780e+07
125720.880000 3.009507e+07
125974.560000 2.568061e+07
126732.640000 2.653782e+07
126725.160000 2.891217e+07

67447.200000 2.363238e+07
105400.240000 2.439261e+07
120497.400000 2.714030e+07
124946.800000 2.690221e+07
127280.600000 2.959935e+07
127288.760000 2.698721e+07
128508.720000 6.412912e+07
128376.880000 2.774582e+07

68168.560000 2.459250e+07
106776.440000 2.517724e+07
121986.200000 2.866905e+07
126569.200000 2.735680e+07
128882.920000 2.956202e+07
128683.960000 2.722844e+07
129988.440000 6.559189e+07
130122.640000 2.653328e+07

68977.320000 2.643819e+07
108050.680000 2.531358e+07
123465.960000 3.028986e+07
128084.840000 2.727620e+07
130442.800000 4.321868e+07
130366.760000 2.787937e+07
131364.320000 2.733524e+07
131762.560000 2.868624e+07

69731.000000 2.578650e+07
109349.760000 2.911143e+07
124917.560000 2.707148e+07
129551.640000 3.144707e+07
132066.160000 2.878012e+07
132194.080000 2.811677e+07
132684.640000 2.959655e+07
133331.120000 2.740661e+07

70575.480000 2.712567e+07
110529.040000 2.720404e+07
126493.000000 3.083935e+07
130999.280000 2.828313e+07
133577.080000 7.269595e+07
133942.240000 2.909288e+07
134025.880000 2.788163e+07
134821.000000 2.959747e+07

71311.320000 2.602805e+07
111720.240000 2.845256e+07
128107.840000 2.930958e+07
132535.880000 6.613889e+07
134990.640000 2.849919e+07
135839.600000 2.848790e+07
135361.440000 3.052346e+07
136492.840000 2.782752e+07

72202.560000 2.775239e+07
112783.280000 2.837603e+07
129619.640000 3.135128e+07
134194.480000 2.837521e+07
136469.040000 6.989416e+07
137376.920000 2.928840e+07
137052.400000 2.859770e+07
138140.600000 3.027993e+07

72991.560000 2.701368e+07
114166.000000 3.130196e+07
131095.040000 2.974298e+07
135537.360000 6.938139e+07
138148.760000 2.973416e+07
138858.920000 2.971717e+07
138992.880000 3.086764e+07
139649.560000 2.990706e+07

73865.200000 2.918902e+07
115332.440000 2.953660e+07
132620.640000 3.466180e+07
136905.920000 2.885646e+07
139879.400000 7.480928e+07
140259.080000 2.951723e+07
140845.920000 3.046983e+07
140892.480000 3.215857e+07

74893.400000 2.703855e+07
116504.240000 3.290560e+07
133886.840000 3.176231e+07
138641.680000 7.149865e+07
141404.760000 3.001694e+07
141919.080000 3.026605e+07
142280.960000 3.280474e+07
142439.040000 3.053346e+07

75732.080000 3.335456e+07
117881.040000 3.049291e+07
135269.880000 7.239180e+07
140403.360000 3.122680e+07
142913.400000 3.069540e+07
143526.000000 3.436551e+07
143829.040000 3.063380e+07
144154.840000 3.541355e+07

76462.560000 2.768867e+07
119327.080000 3.001467e+07
136546.160000 3.101405e+07
142022.800000 2.979084e+07
144170.920000 3.348118e+07
145121.960000 3.087842e+07
145433.960000 7.430784e+07
145748.280000 3.155667e+07

77273.920000 2.727843e+07
120678.960000 3.445693e+07
138138.800000 3.125502e+07
143618.960000 7.392465e+07
145423.400000 3.207454e+07
146815.720000 3.030728e+07
146985.080000 3.271515e+07
147204.800000 3.115007e+07

78173.520000 5.423997e+07
121957.360000 3.203842e+07
139459.440000 7.450927e+07
145469.840000 3.309494e+07
146690.480000 3.267134e+07
148403.200000 3.262812e+07
148666.080000 3.238077e+07
148590.360000 3.395729e+07

79030.960000 5.806807e+07
123349.320000 3.147486e+07
140756.720000 7.549921e+07
147063.080000 3.090889e+07
148088.760000 3.190593e+07
149875.880000 3.438133e+07
150369.840000 3.114501e+07
150126.400000 3.463203e+07

79824.240000 3.062562e+07
124810.400000 3.144452e+07
142101.240000 3.664215e+07
148677.640000 3.229646e+07
149678.560000 6.963120e+07
151271.040000 3.352966e+07
152117.960000 3.293147e+07
151472.440000 3.306859e+07

80664.120000 2.953064e+07
126228.040000 3.590517e+07
143405.960000 3.201022e+07
150192.840000 3.654849e+07
151346.520000 3.219607e+07
152616.800000 3.273523e+07
153842.040000 3.450978e+07
153038.040000 3.316012e+07

81658.640000 3.309821e+07
127385.800000 3.178836e+07
144796.840000 3.544334e+07
151687.240000 3.319807e+07
153141.920000 8.058469e+07
154028.160000 3.364766e+07
155493.680000 3.376360e+07
154593.120000 3.430035e+07

82565.840000 3.738265e+07
128695.160000 3.293717e+07
146187.720000 7.657068e+07
153037.120000 3.350980e+07
154927.200000 3.368298e+07
155568.480000 3.478347e+07
156986.720000 3.429761e+07
156203.880000 3.405872e+07

