761.769231 1.503616e+05
1259.192308 1.315029e+05
1442.307692 1.326471e+05
1565.538462 1.364524e+05
1562.346154 1.068932e+05
1556.807692 9.125592e+04
1549.038462 8.921123e+04
1525.615385 9.831069e+04

1580.192308 3.209026e+05
2533.346154 3.084295e+05
2895.115385 2.340073e+05
3087.307692 2.314193e+05
3085.269231 2.368327e+05
3149.769231 2.420236e+05
3174.730769 2.419008e+05
3131.384615 2.649656e+05

2386.846154 4.637278e+05
3819.269231 4.407372e+05
4452.730769 3.984985e+05
4509.961538 3.732007e+05
4659.769231 3.728245e+05
4736.384615 3.830710e+05
4744.692308 4.148692e+05
4791.076923 4.572305e+05

3252.961538 4.928072e+05
5070.346154 2.555029e+07
5838.692308 2.443819e+06
6158.346154 9.413498e+05
6260.461538 1.033318e+06
6378.538462 1.941274e+06
6260.769231 7.693807e+05
6348.961538 7.497540e+05

4121.730769 6.589810e+05
6298.461538 9.636160e+05
7269.115385 6.910722e+05
7765.461538 2.344040e+06
7831.346154 7.457331e+05
7904.000000 2.413628e+06
7888.076923 6.956492e+05
7798.961538 7.478377e+05

4922.730769 7.371744e+05
7653.807692 1.160051e+06
8784.538462 7.510969e+05
9207.846154 2.732451e+06
9392.230769 7.931029e+05
9516.115385 2.642548e+06
9437.230769 8.055032e+05
9455.576923 8.206488e+05

5684.076923 2.143014e+06
8843.230769 1.009930e+06
10492.769231 2.930453e+06
10670.384615 8.755003e+05
10995.807692 8.702278e+05
10957.423077 1.102545e+06
11126.038462 9.243320e+05
11122.615385 1.514795e+06

6512.115385 1.283124e+06
10203.076923 1.073174e+06
11745.115385 1.295269e+06
12402.269231 9.790118e+05
12482.384615 2.658968e+06
12668.846154 1.051899e+06
12677.461538 1.071317e+06
12498.807692 1.517921e+06

7201.961538 1.545193e+06
11661.884615 1.188973e+06
13191.576923 3.594022e+06
13993.615385 1.239231e+06
14169.846154 1.325263e+06
14201.038462 1.401737e+06
14071.769231 1.260539e+06
14296.884615 2.178494e+06

8165.076923 1.288782e+06
12743.115385 1.329331e+06
14759.153846 1.940569e+06
15452.807692 1.430480e+06
15693.192308 1.974635e+06
15674.192308 1.276062e+06
15885.576923 1.316417e+06
15794.730769 1.894518e+06

9041.269231 1.487762e+06
13876.653846 4.424362e+06
16335.000000 1.515953e+06
17171.884615 1.446802e+06
17128.115385 1.845953e+06
17416.230769 1.483083e+06
17384.230769 1.781653e+06
17264.384615 1.453892e+06

9882.384615 1.650384e+06
15160.423077 1.787110e+06
17802.307692 1.929881e+06
18678.615385 1.612378e+06
18747.500000 4.786450e+06
19005.730769 1.627187e+06
18830.730769 1.567490e+06
19017.538462 1.953115e+06

10698.038462 1.580995e+06
16551.884615 2.230218e+06
19284.846154 1.601840e+06
20051.346154 5.754610e+06
20519.038462 1.712485e+06
20374.615385 1.730113e+06
20421.461538 1.957022e+06
20491.653846 1.673399e+06

11403.230769 1.678620e+06
18027.884615 4.923514e+06
20770.769231 1.996168e+06
21542.384615 7.606996e+06
22012.538462 1.765039e+06
21952.000000 1.751353e+06
22075.000000 1.951432e+06
21956.423077 1.733006e+06

12093.307692 2.719810e+06
19341.576923 1.926993e+06
22333.461538 3.638085e+06
23211.538462 2.003622e+06
23444.615385 7.329461e+06
23494.076923 1.896645e+06
23662.923077 1.778454e+06
23711.846154 2.052506e+06

12913.884615 1.930040e+06
20713.076923 2.352296e+06
23661.923077 2.264432e+06
24832.115385 5.493050e+06
25080.807692 2.090319e+06
25092.500000 1.987791e+06
25199.461538 3.385080e+06
25161.423077 2.050665e+06

13744.384615 2.199960e+06
21929.961538 2.324184e+06
25253.730769 2.919548e+06
26405.153846 2.280960e+06
26500.346154 8.546670e+06
26748.461538 2.265408e+06
26809.346154 2.313799e+06
26833.807692 2.587934e+06

14660.115385 2.045165e+06
23126.307692 2.808494e+06
26906.576923 2.298792e+06
27693.730769 6.408842e+06
28177.269231 2.493994e+06
28180.807692 2.262212e+06
28364.923077 3.168541e+06
28568.884615 2.506629e+06

15507.961538 2.519744e+06
24500.653846 2.756621e+06
28271.153846 3.307637e+06
29234.615385 2.669900e+06
29766.269231 8.629796e+06
30049.384615 2.813715e+06
29725.500000 2.776273e+06
29982.153846 2.662925e+06

16398.500000 2.510693e+06
25644.653846 3.099279e+06
29683.653846 2.918453e+06
30930.115385 3.849485e+06
31247.923077 2.808958e+06
31513.038462 2.777570e+06
31569.346154 4.363587e+06
31754.961538 2.821224e+06

17225.115385 2.928141e+06
27020.807692 3.371789e+06
31211.846154 4.358872e+06
32262.192308 3.626434e+06
32974.846154 6.571500e+06
32994.269231 3.559412e+06
33106.653846 3.575016e+06
33224.769231 3.899166e+06

17989.384615 2.866430e+06
28485.307692 4.397229e+06
32589.192308 3.437988e+06
33822.846154 9.053193e+06
34534.730769 4.141052e+06
34626.961538 4.374056e+06
34681.307692 4.805175e+06
34699.192308 3.676992e+06

18887.730769 3.276795e+06
29866.923077 3.735032e+06
34014.576923 4.792926e+06
35381.961538 4.076749e+06
36007.884615 1.305370e+07
36008.846154 4.140944e+06
36519.384615 4.003507e+06
36297.000000 4.424864e+06

19597.461538 4.212983e+06
31292.269231 4.658882e+06
35342.846154 4.098831e+06
36829.269231 7.981507e+06
37751.615385 4.536971e+06
37700.692308 4.187383e+06
38005.538462 5.294989e+06
37891.730769 4.746252e+06

20427.846154 4.373126e+06
32465.923077 4.512793e+06
36837.730769 5.427794e+06
38607.230769 4.919061e+06
39301.615385 1.522990e+07
39309.576923 4.535351e+06
39413.807692 4.636661e+06
39476.538462 5.357342e+06

21255.307692 8.841105e+06
33629.346154 4.616236e+06
38473.500000 1.366718e+07
40165.000000 4.591087e+06
40766.923077 4.658347e+06
41062.730769 5.459127e+06
40789.192308 5.108072e+06
41101.230769 6.526541e+06

22189.230769 4.743473e+06
34839.730769 5.333550e+06
39876.307692 5.246301e+06
41759.576923 1.207601e+07
42029.923077 6.509975e+06
42775.076923 6.696272e+06
42604.884615 6.652710e+06
42569.000000 5.911900e+06

23027.076923 5.360635e+06
36122.923077 5.787098e+06
41415.076923 5.912824e+06
43291.692308 6.083950e+06
43605.961538 1.767133e+07
44362.576923 5.916080e+06
44150.884615 6.093744e+06
44415.500000 5.922112e+06

24027.615385 4.910460e+06
37406.384615 6.496243e+06
42683.038462 6.253420e+06
45026.692308 8.362888e+06
45323.038462 6.819652e+06
45677.769231 6.577144e+06
45756.307692 7.157271e+06
46134.500000 6.911447e+06

25005.423077 1.080511e+07
38347.000000 6.091228e+06
44249.807692 1.956779e+07
46738.923077 7.366122e+06
46861.230769 6.606038e+06
47029.807692 7.291412e+06
47468.384615 7.335884e+06
47674.461538 8.529371e+06

25839.615385 5.869947e+06
39623.076923 6.775102e+06
45733.307692 7.268470e+06
48048.230769 1.540462e+07
48756.115385 8.272581e+06
48704.230769 7.840517e+06
48989.230769 9.480474e+06
49025.961538 7.807166e+06

26643.423077 7.383816e+06
41130.769231 7.764570e+06
47030.230769 8.172511e+06
49543.038462 7.393906e+06
50403.423077 1.818942e+07
50356.730769 7.207725e+06
50729.461538 7.522211e+06
50309.307692 8.768626e+06

27422.923077 7.236438e+06
42580.961538 8.978790e+06
48546.653846 7.781119e+06
50912.846154 1.109680e+07
51831.846154 8.298307e+06
51871.846154 7.935147e+06
52421.576923 9.545927e+06
52054.269231 8.195721e+06

28041.500000 7.554287e+06
43961.576923 8.466151e+06
50168.923077 1.015600e+07
52328.769231 9.098947e+06
53312.653846 2.212799e+07
53746.576923 8.508252e+06
53856.769231 9.030044e+06
53622.153846 8.907802e+06

28927.269231 1.544144e+07
45083.730769 9.105025e+06
51910.653846 2.066574e+07
53866.423077 8.778261e+06
54777.115385 8.996765e+06
55369.384615 9.779373e+06
55288.038462 8.921877e+06
55253.730769 9.855967e+06

29778.307692 1.703321e+07
46429.653846 8.673345e+06
53426.692308 2.157225e+07
55561.346154 8.515158e+06
56347.769231 8.639985e+06
56960.846154 1.098199e+07
56680.961538 1.054640e+07
56984.500000 1.145617e+07

30638.653846 8.643067e+06
47698.192308 1.224475e+07
54858.730769 1.034899e+07
57231.076923 2.554702e+07
57870.384615 1.051988e+07
58478.346154 1.010486e+07
58252.115385 1.006409e+07
58677.730769 9.893406e+06

31549.846154 9.000760e+06
48945.153846 9.987060e+06
56153.807692 1.187968e+07
58882.461538 1.155561e+07
59355.692308 2.641973e+07
60178.115385 1.007921e+07
59826.884615 1.016167e+07
60320.769231 1.198901e+07

32293.923077 9.170409e+06
50257.461538 1.194298e+07
57668.961538 1.018104e+07
60304.538462 1.927360e+07
60986.653846 1.052784e+07
61777.884615 1.067486e+07
61496.884615 1.210408e+07
62002.653846 1.058303e+07

33068.846154 1.030211e+07
51488.730769 1.077360e+07
59429.423077 1.367186e+07
61583.461538 1.086460e+07
62844.038462 2.965400e+07
63166.038462 1.111308e+07
63334.884615 1.079535e+07
63219.461538 1.236542e+07

33830.692308 1.010119e+07
52793.961538 1.226509e+07
60823.115385 1.117007e+07
63414.769231 1.497037e+07
64406.269231 1.158533e+07
64438.076923 1.139619e+07
64976.461538 1.250422e+07
64685.076923 1.296207e+07

34702.923077 1.152428e+07
54081.884615 1.194342e+07
62219.153846 1.335830e+07
65184.153846 1.177825e+07
65897.807692 2.970445e+07
65951.269231 1.265442e+07
66674.153846 1.227655e+07
66091.000000 1.446456e+07

35540.846154 1.057363e+07
55555.500000 1.371382e+07
63577.923077 1.261802e+07
66602.692308 3.025569e+07
67411.576923 1.249291e+07
67580.346154 1.269578e+07
68485.038462 1.391086e+07
67652.961538 1.245102e+07

36299.153846 1.181554e+07
57073.923077 1.190896e+07
64969.653846 1.360582e+07
68065.500000 1.324137e+07
69127.153846 1.475926e+07
69131.653846 1.281736e+07
69884.769231 1.308916e+07
69574.961538 1.414147e+07

37061.538462 1.202312e+07
58514.076923 2.781146e+07
66373.615385 1.338164e+07
69504.038462 1.362907e+07
70736.269231 1.604305e+07
70934.500000 1.468599e+07
71079.692308 1.767945e+07
71446.038462 1.360717e+07

37909.923077 1.180307e+07
59912.269231 1.465455e+07
67611.576923 1.395424e+07
71121.115385 3.254027e+07
72320.884615 1.359595e+07
72813.884615 1.371118e+07
72393.384615 1.590452e+07
72940.346154 1.494684e+07

38772.000000 1.386173e+07
61018.961538 1.389047e+07
69280.615385 2.656481e+07
72689.846154 1.444697e+07
73661.423077 1.373414e+07
74626.730769 1.512488e+07
73864.384615 1.430071e+07
74472.423077 1.503541e+07

39612.846154 1.330885e+07
62296.500000 1.364758e+07
70823.000000 1.517583e+07
74283.153846 1.418660e+07
75360.346154 1.618711e+07
76137.384615 1.452733e+07
75363.500000 1.472186e+07
76079.538462 1.467548e+07

40395.884615 1.923751e+07
63695.615385 1.376512e+07
72398.884615 3.209072e+07
75805.961538 1.389681e+07
76776.384615 1.584609e+07
77753.769231 1.575063e+07
77241.230769 1.543270e+07
77531.423077 1.573282e+07

41212.500000 1.367666e+07
64916.576923 1.783689e+07
74038.500000 1.538987e+07
77353.615385 3.594761e+07
78055.115385 1.507761e+07
79329.076923 1.534836e+07
78991.653846 1.694806e+07
78932.192308 1.486325e+07

42111.653846 1.605707e+07
66169.730769 1.551769e+07
75497.307692 1.644919e+07
78953.730769 1.504907e+07
79741.269231 3.895261e+07
80714.384615 1.562645e+07
80633.807692 1.520181e+07
80535.307692 1.667899e+07

42824.269231 1.947005e+07
67772.730769 1.518914e+07
76757.500000 3.521414e+07
80409.576923 1.647143e+07
81675.461538 1.626490e+07
81941.307692 1.680238e+07
82267.730769 1.593602e+07
81891.615385 1.590214e+07

43517.384615 1.578876e+07
69153.653846 1.817111e+07
78272.423077 1.690246e+07
81979.538462 1.553154e+07
83354.538462 1.812597e+07
83373.230769 1.714010e+07
83638.384615 1.859035e+07
83723.846154 1.729541e+07

44383.384615 1.654873e+07
70425.192308 1.568981e+07
79813.692308 1.921188e+07
83513.423077 1.669722e+07
84984.000000 3.985651e+07
84935.961538 1.837005e+07
85187.500000 1.635299e+07
85421.576923 1.646261e+07

45219.692308 1.562553e+07
71630.730769 1.782662e+07
81331.846154 1.660360e+07
84960.384615 2.129716e+07
86599.115385 1.777227e+07
86513.346154 1.701836e+07
86906.076923 2.042540e+07
86983.192308 1.706237e+07

46155.307692 1.791531e+07
72925.038462 1.710883e+07
82790.230769 2.059423e+07
86515.961538 1.833520e+07
88417.192308 4.338594e+07
87976.230769 1.746105e+07
88403.384615 1.713169e+07
88441.923077 1.881763e+07

47023.923077 1.650872e+07
74200.538462 1.633508e+07
84305.653846 1.951373e+07
88048.846154 1.754233e+07
89936.884615 2.029735e+07
89659.115385 1.807159e+07
89807.692308 1.725167e+07
89963.884615 1.971556e+07

47924.500000 1.776298e+07
75382.807692 1.773487e+07
85879.769231 1.946286e+07
89274.000000 1.743295e+07
91561.884615 4.219133e+07
91307.730769 1.896636e+07
91461.230769 1.760389e+07
91937.038462 1.887118e+07

48837.730769 1.692236e+07
76345.115385 1.950655e+07
87628.115385 1.864325e+07
90850.615385 4.338703e+07
92907.384615 1.898466e+07
93018.038462 1.787642e+07
92927.884615 2.059549e+07
93739.423077 1.825337e+07

49605.461538 2.275862e+07
77544.576923 1.740949e+07
89345.846154 4.354901e+07
92460.153846 1.930320e+07
94218.346154 1.883006e+07
94575.538462 1.992680e+07
94672.500000 1.988099e+07
95282.461538 2.184528e+07

50434.615385 1.909645e+07
78777.384615 1.797847e+07
90767.153846 2.287038e+07
94409.961538 1.902193e+07
95538.000000 3.376498e+07
96063.653846 1.994598e+07
96370.038462 1.883870e+07
96496.576923 2.252219e+07

51149.576923 1.835541e+07
80352.500000 2.109261e+07
92021.846154 2.060899e+07
96103.307692 4.599086e+07
97128.153846 1.940838e+07
97642.500000 1.999954e+07
98142.076923 2.197518e+07
97672.038462 1.906267e+07

52071.038462 2.054940e+07
81646.115385 2.032663e+07
93455.576923 2.175517e+07
97690.192308 1.975760e+07
98659.576923 4.926860e+07
99197.384615 2.046182e+07
99550.769231 2.050377e+07
99484.653846 2.100094e+07

53127.846154 1.893082e+07
82704.461538 2.080474e+07
94992.423077 1.960542e+07
99290.269231 2.391888e+07
100314.884615 2.112572e+07
100541.769231 4.982129e+07
101242.730769 2.246185e+07
101059.538462 2.125464e+07

53846.269231 1.938923e+07
84162.846154 2.277316e+07
96524.269231 2.041337e+07
100786.807692 2.826392e+07
101844.153846 2.096726e+07
102039.615385 2.083552e+07
102998.923077 2.285020e+07
102191.423077 2.132392e+07

54632.692308 2.269863e+07
85456.269231 2.150761e+07
97958.000000 2.260191e+07
102412.423077 2.144662e+07
103248.230769 2.070116e+07
103806.692308 2.420093e+07
104598.076923 2.181331e+07
103600.115385 2.440829e+07

55413.038462 2.070659e+07
86815.461538 2.092924e+07
99418.230769 2.202066e+07
104006.153846 2.261624e+07
104816.692308 5.117682e+07
105375.307692 2.217164e+07
106030.846154 2.086500e+07
105373.384615 2.187816e+07

56465.384615 2.013983e+07
87872.115385 2.939877e+07
100978.653846 2.074439e+07
105470.961538 5.241599e+07
106370.961538 2.216278e+07
107026.653846 2.179720e+07
107487.153846 2.223811e+07
107057.961538 2.161628e+07

57464.576923 2.231983e+07
89045.615385 2.207428e+07
102354.153846 2.502214e+07
107174.423077 2.285231e+07
107814.846154 2.157208e+07
108748.923077 2.357566e+07
108807.500000 2.255563e+07
109109.153846 2.568719e+07

58238.115385 2.242186e+07
90490.384615 2.117366e+07
103538.461538 2.408595e+07
108899.653846 2.215616e+07
109394.692308 5.387405e+07
110475.538462 2.303031e+07
110386.153846 2.263992e+07
110609.500000 2.357761e+07

58915.846154 2.048315e+07
92003.115385 4.764728e+07
104888.038462 2.293375e+07
110416.500000 2.255773e+07
111047.846154 2.389914e+07
112095.615385 2.380555e+07
111987.384615 2.419308e+07
112112.846154 2.222080e+07

59703.769231 2.245928e+07
93274.923077 2.271623e+07
106538.884615 2.420853e+07
111770.038462 2.259966e+07
112779.230769 5.736096e+07
113631.807692 2.377937e+07
113386.423077 2.337316e+07
113862.769231 2.458480e+07

60592.692308 2.284029e+07
94574.346154 2.273219e+07
108134.038462 2.426443e+07
113131.192308 2.441642e+07
114225.269231 5.741904e+07
115360.500000 2.365886e+07
114800.153846 2.301047e+07
115576.961538 2.414525e+07

61562.615385 4.140527e+07
95875.000000 2.310183e+07
109656.038462 5.433427e+07
114575.038462 2.387729e+07
115707.153846 2.385343e+07
117133.153846 2.501514e+07
116205.923077 2.372321e+07
117280.307692 2.800006e+07

62383.500000 2.240405e+07
97128.846154 2.515933e+07
111314.307692 2.346754e+07
115999.769231 5.799830e+07
117228.730769 2.461399e+07
118591.884615 2.496581e+07
117906.346154 2.667891e+07
118455.038462 2.476245e+07

63271.769231 2.387491e+07
98419.692308 2.443864e+07
112796.115385 2.682019e+07
117524.653846 2.410564e+07
118730.884615 6.475835e+07
120085.423077 2.462172e+07
119865.384615 2.510296e+07
120005.576923 2.610815e+07

64068.500000 2.264635e+07
99702.230769 2.631148e+07
114429.076923 2.446445e+07
118946.038462 4.716270e+07
120333.192308 2.477822e+07
121542.230769 2.460491e+07
121574.115385 2.581524e+07
121617.038462 2.512606e+07

64813.576923 2.434833e+07
101123.923077 2.584601e+07
115936.846154 2.860149e+07
120325.076923 2.603204e+07
122200.230769 6.292295e+07
122921.500000 2.692250e+07
123119.576923 2.528531e+07
123141.923077 2.816552e+07

65473.384615 2.460228e+07
102708.884615 2.425656e+07
117327.884615 2.608247e+07
121832.500000 2.529610e+07
123958.692308 3.033315e+07
124383.769231 2.734941e+07
124708.615385 2.600406e+07
124885.923077 2.634822e+07

66357.346154 2.450588e+07
103919.923077 4.309083e+07
118859.500000 2.620482e+07
123165.076923 6.241780e+07
125584.192308 2.672795e+07
126028.961538 2.599249e+07
126304.653846 2.942706e+07
126616.692308 2.718852e+07

67261.692308 3.156200e+07
105235.269231 2.728629e+07
120354.307692 3.186095e+07
124743.807692 2.644494e+07
127066.500000 6.667752e+07
127365.769231 2.807633e+07
128214.846154 2.723083e+07
128157.115385 3.044215e+07

68170.807692 2.421506e+07
106447.576923 5.439392e+07
121911.961538 2.726964e+07
126323.923077 3.271685e+07
128661.846154 2.792663e+07
128746.038462 2.807064e+07
130014.384615 3.203325e+07
129766.769231 2.647193e+07

68938.230769 2.566309e+07
107867.807692 2.561920e+07
123393.076923 2.811334e+07
127840.076923 2.758315e+07
130347.384615 6.794052e+07
130157.038462 2.769161e+07
131464.615385 2.786426e+07
131576.807692 3.191122e+07

69709.653846 2.516214e+07
109190.923077 2.640008e+07
124854.153846 2.846871e+07
129459.730769 2.799842e+07
131899.692308 3.232280e+07
131731.653846 2.922897e+07
132862.923077 2.767557e+07
133300.961538 3.050474e+07

70485.076923 2.643077e+07
110547.923077 2.735642e+07
126290.076923 2.913569e+07
131076.730769 2.789648e+07
133479.769231 3.026969e+07
133566.692308 2.864847e+07
134166.730769 3.396532e+07
134834.538462 2.840618e+07

71361.846154 2.589375e+07
111611.384615 2.656421e+07
127982.692308 2.866106e+07
132375.846154 2.823239e+07
135053.961538 3.300755e+07
135367.769231 2.887534e+07
135581.769231 7.043020e+07
136317.769231 3.008425e+07

72103.884615 2.731268e+07
112910.884615 3.173407e+07
129587.115385 2.829081e+07
134012.384615 5.050803e+07
136433.346154 2.820676e+07
137223.384615 2.951723e+07
136924.807692 3.237160e+07
138007.961538 2.919671e+07

72979.269231 2.803704e+07
114072.192308 2.902200e+07
131053.807692 3.322958e+07
135578.961538 3.085094e+07
137896.038462 7.305723e+07
138968.346154 2.944909e+07
138514.000000 3.002166e+07
139779.961538 3.209541e+07

73757.615385 2.620644e+07
115381.884615 3.336634e+07
132478.384615 3.007462e+07
136998.153846 6.959152e+07
139718.653846 2.980580e+07
140398.076923 2.943003e+07
140527.192308 3.313075e+07
141153.653846 3.161828e+07

74648.230769 2.879730e+07
116576.576923 2.907795e+07
134021.692308 3.492428e+07
138487.653846 2.990979e+07
141490.769231 7.577530e+07
141828.769231 3.098956e+07
142470.038462 3.035606e+07
142370.115385 3.405440e+07

75689.692308 2.732370e+07
117759.307692 3.478466e+07
135446.653846 2.952015e+07
140050.576923 7.222220e+07
142975.615385 3.330120e+07
143537.615385 3.057440e+07
143841.961538 3.336414e+07
144095.538462 3.024609e+07

76559.115385 3.082026e+07
119188.076923 3.061126e+07
136719.000000 3.275659e+07
141799.192308 3.201155e+07
144425.423077 7.846454e+07
145126.500000 3.159942e+07
145393.384615 3.136121e+07
145691.769231 3.292160e+07

77306.730769 2.804522e+07
120602.538462 5.108551e+07
138140.500000 3.085515e+07
143496.307692 7.542324e+07
145803.730769 3.219375e+07
146706.115385 3.180572e+07
146978.884615 3.128456e+07
147346.230769 3.214436e+07

78097.500000 2.964180e+07
121897.961538 3.198221e+07
139677.230769 3.261707e+07
145169.076923 3.694227e+07
147085.807692 3.247076e+07
148354.807692 7.944676e+07
148724.500000 3.282365e+07
148702.346154 3.263104e+07

78998.615385 2.972767e+07
123229.615385 3.141233e+07
140969.884615 3.270146e+07
146933.807692 3.112599e+07
148307.615385 3.913960e+07
150008.923077 3.249315e+07
150287.230769 3.212227e+07
150265.846154 3.288589e+07

79884.692308 3.216447e+07
124654.192308 3.120585e+07
142314.153846 3.301534e+07
148613.653846 3.374460e+07
149656.884615 3.712257e+07
151519.538462 3.318736e+07
151959.576923 3.099887e+07
151703.346154 3.394046e+07

80712.769231 3.131878e+07
126081.192308 3.259037e+07
143717.115385 3.290721e+07
150267.846154 3.295945e+07
151299.576923 3.683274e+07
152990.423077 3.340683e+07
153739.615385 3.826585e+07
153107.461538 3.377737e+07

81537.307692 3.046739e+07
127619.538462 3.646958e+07
145011.884615 3.388077e+07
151776.346154 7.342686e+07
152954.884615 3.407028e+07
154239.230769 3.409773e+07
155656.346154 3.433116e+07
154651.115385 3.304134e+07

82504.000000 3.283967e+07
128769.307692 3.371218e+07
146389.807692 3.495441e+07
153447.192308 3.277729e+07
154792.346154 8.179420e+07
155874.923077 3.427357e+07
157161.538462 3.481175e+07
156409.653846 3.638699e+07

83425.653846 3.062632e+07
130116.500000 3.652387e+07
147728.192308 3.370781e+07
154783.615385 8.068140e+07
156583.192308 3.469882e+07
157292.423077 3.424003e+07
158648.807692 3.725866e+07
158003.000000 3.463298e+07

