769.185185 2.460563e+05
1278.370370 3.935184e+05
1472.555556 2.805464e+05
1592.814815 1.163261e+05
1568.370370 9.874293e+04
1573.259259 9.833474e+04
1605.407407 8.768396e+04
1569.888889 1.058749e+05

1598.296296 5.990390e+05
2568.074074 2.662579e+05
2948.740741 1.830108e+05
3117.000000 2.109916e+05
3149.037037 1.841816e+05
3156.370370 1.778161e+05
3185.333333 1.775730e+05
3171.592593 1.968866e+05

2413.111111 3.469850e+05
3879.740741 3.895459e+05
4494.814815 3.700796e+05
4613.925926 3.628563e+05
4731.814815 4.049204e+05
4781.703704 3.606610e+05
4781.629630 4.056511e+05
4808.851852 3.980404e+05

3269.148148 4.719982e+05
5137.222222 5.001374e+05
5921.925926 5.439740e+05
6236.962963 5.551607e+05
6321.962963 5.519947e+05
6430.444444 5.788872e+05
6346.370370 5.806996e+05
6328.518519 5.884882e+05

4155.851852 5.335364e+05
6389.000000 5.474392e+05
7362.370370 6.333697e+05
7871.629630 7.123983e+05
7910.777778 7.608060e+05
7954.740741 7.679170e+05
7992.037037 8.286010e+05
7901.148148 8.869338e+05

4969.888889 2.817573e+07
7723.740741 8.889302e+06
8917.333333 1.315780e+06
9312.370370 1.201641e+06
9486.074074 1.999009e+06
9538.370370 1.158785e+06
9541.185185 2.963593e+06
9562.222222 1.024649e+06

5751.703704 2.253052e+06
8967.851852 9.177139e+05
10603.777778 2.156383e+06
10789.111111 9.300460e+05
11093.444444 8.906597e+05
11088.481481 1.136654e+06
11189.037037 9.559104e+05
11208.481481 1.514573e+06

6571.148148 1.304096e+06
10352.111111 1.051297e+06
11855.037037 1.407340e+06
12525.185185 1.009310e+06
12615.074074 2.236871e+06
12822.222222 1.105432e+06
12770.518519 1.146480e+06
12680.592593 1.549708e+06

7278.407407 2.765576e+06
11812.481481 1.188723e+06
13321.111111 3.740968e+06
14127.740741 1.265547e+06
14307.333333 1.292010e+06
14339.259259 1.357905e+06
14207.296296 1.286528e+06
14450.074074 2.427533e+06

8241.814815 1.672692e+06
12878.037037 1.376047e+06
14938.777778 1.875088e+06
15618.925926 1.502723e+06
15856.888889 3.337750e+06
15834.925926 1.484623e+06
16043.000000 1.463115e+06
16041.037037 1.916516e+06

9137.962963 3.414355e+06
14009.407407 1.624868e+06
16540.296296 4.301121e+06
17361.703704 1.765568e+06
17285.814815 1.749510e+06
17528.222222 1.844707e+06
17614.407407 1.713564e+06
17426.888889 2.604130e+06

9978.962963 1.532077e+06
15373.370370 2.039071e+06
17944.037037 1.662752e+06
18853.518519 3.458479e+06
18944.296296 1.688326e+06
19215.148148 7.014676e+06
19046.333333 1.743497e+06
19171.074074 1.739284e+06

10816.111111 1.666638e+06
16721.444444 4.682171e+06
19498.259259 1.911660e+06
20250.370370 5.816586e+06
20712.925926 1.822488e+06
20656.851852 1.836734e+06
20598.370370 2.028795e+06
20638.592593 1.767135e+06

11525.703704 1.919905e+06
18210.925926 5.142654e+06
21014.074074 1.992636e+06
21767.296296 7.915817e+06
22245.333333 2.058805e+06
22196.962963 1.994523e+06
22322.555556 2.168907e+06
22137.814815 2.026377e+06

12246.185185 2.782282e+06
19544.407407 2.051630e+06
22572.962963 4.003233e+06
23455.259259 2.276944e+06
23662.481481 7.706680e+06
23803.407407 2.362558e+06
23797.703704 2.218247e+06
23925.259259 2.415315e+06

13047.777778 1.973182e+06
20922.000000 2.725220e+06
23947.037037 2.453815e+06
25091.666667 5.416030e+06
25277.407407 2.478030e+06
25422.111111 2.450603e+06
25363.962963 3.856825e+06
25371.296296 2.503563e+06

13913.481481 2.459333e+06
22184.259259 2.569054e+06
25491.444444 3.311092e+06
26620.370370 2.597213e+06
26808.444444 7.732741e+06
27031.740741 2.706186e+06
27046.296296 2.657225e+06
27005.777778 2.827432e+06

14836.370370 2.501233e+06
23350.518519 5.965906e+06
27183.851852 2.909288e+06
27981.259259 2.623105e+06
28467.074074 3.342741e+06
28496.481481 2.806498e+06
28554.555556 3.620176e+06
28784.962963 2.932502e+06

15660.777778 2.740344e+06
24760.666667 2.862083e+06
28579.259259 3.796100e+06
29552.407407 3.468459e+06
30061.592593 6.598099e+06
30249.185185 3.419461e+06
30024.592593 3.045513e+06
30259.296296 3.448364e+06

16597.444444 2.919115e+06
25917.962963 3.121419e+06
29969.074074 4.024269e+06
31254.259259 3.665216e+06
31493.000000 4.085694e+06
31825.518519 3.489748e+06
31838.222222 3.120521e+06
31958.814815 3.381271e+06

17392.666667 3.990143e+06
27311.481481 3.580544e+06
31500.370370 3.543286e+06
32652.777778 4.164557e+06
33284.148148 3.340648e+06
33299.555556 8.880601e+06
33414.222222 3.885348e+06
33468.518519 3.575539e+06

18165.814815 3.140952e+06
28792.703704 4.663383e+06
32934.925926 3.593325e+06
34225.481481 1.180201e+07
34820.962963 3.728878e+06
34906.222222 3.708953e+06
35018.333333 5.568581e+06
34972.259259 3.790136e+06

19081.629630 3.481221e+06
30174.259259 4.076040e+06
34311.629630 5.221804e+06
35794.185185 4.345388e+06
36331.407407 1.291120e+07
36314.925926 4.045117e+06
36825.185185 4.023798e+06
36589.962963 4.795753e+06

19790.111111 9.600893e+06
31657.185185 4.199491e+06
35672.111111 1.126226e+07
37276.518519 4.524484e+06
38104.629630 4.359320e+06
37986.074074 4.742781e+06
38223.185185 4.479220e+06
38287.074074 5.382696e+06

20652.333333 4.012430e+06
32819.777778 5.880230e+06
37177.444444 5.083744e+06
38997.629630 1.516020e+07
39644.555556 4.396650e+06
39659.666667 4.622964e+06
39765.444444 4.749740e+06
39816.962963 4.444244e+06

21466.555556 4.498524e+06
33996.814815 4.517340e+06
38833.962963 5.265592e+06
40601.518519 4.900589e+06
41121.851852 1.620058e+07
41334.222222 5.031942e+06
41197.222222 4.823813e+06
41472.629630 5.580167e+06

22400.333333 1.092895e+07
35212.222222 6.162606e+06
40263.925926 1.057396e+07
42254.074074 5.359561e+06
42434.666667 5.148441e+06
43204.518519 5.561888e+06
42926.555556 6.545356e+06
42983.962963 5.742277e+06

23288.481481 4.797533e+06
36479.666667 9.709250e+06
41809.518519 5.078147e+06
43753.185185 1.783391e+07
44000.592593 5.919559e+06
44736.740741 5.447161e+06
44596.481481 6.162777e+06
44869.074074 5.437264e+06

24304.333333 6.732469e+06
37729.703704 5.569293e+06
43100.222222 9.215709e+06
45478.444444 6.107884e+06
45643.814815 5.952466e+06
46041.888889 6.108451e+06
46247.185185 5.898200e+06
46603.333333 7.205352e+06

25258.814815 6.320762e+06
38782.518519 6.050410e+06
44672.333333 6.923099e+06
47182.111111 6.488832e+06
47248.185185 1.306789e+07
47417.333333 6.508200e+06
47926.740741 6.278375e+06
48196.703704 6.605327e+06

26117.000000 6.403019e+06
39988.851852 5.724851e+06
46216.740741 6.922665e+06
48494.407407 6.963754e+06
49160.185185 7.603624e+06
49149.000000 6.290345e+06
49465.259259 1.787754e+07
49480.925926 7.096186e+06

26926.148148 1.429432e+07
41531.592593 6.917529e+06
47478.851852 1.924502e+07
50056.814815 7.520065e+06
50838.666667 6.718038e+06
50797.222222 7.362122e+06
51232.925926 7.214050e+06
50843.370370 1.044038e+07

27688.481481 6.989668e+06
42984.296296 8.036074e+06
49097.777778 7.031254e+06
51453.407407 2.144868e+07
52245.333333 8.047425e+06
52360.666667 7.411278e+06
52892.074074 8.838054e+06
52507.925926 7.878518e+06

28326.074074 7.842083e+06
44409.037037 8.221678e+06
50703.111111 9.805922e+06
52923.444444 7.633573e+06
53781.222222 2.315246e+07
54105.370370 8.939603e+06
54423.666667 7.946193e+06
54228.259259 8.071303e+06

29219.259259 8.844240e+06
45441.592593 1.115261e+07
52556.222222 9.852195e+06
54381.481481 9.044889e+06
55279.925926 9.057114e+06
55895.962963 8.165562e+06
55748.444444 1.435263e+07
55763.037037 8.782715e+06

30057.481481 7.710155e+06
46889.148148 1.067397e+07
53948.629630 9.185140e+06
56089.481481 2.065776e+07
56849.370370 8.801589e+06
57416.777778 8.954363e+06
57239.148148 1.032848e+07
57551.148148 8.697991e+06

30942.518519 1.006404e+07
48166.629630 8.880790e+06
55420.444444 1.111842e+07
57817.185185 1.007176e+07
58372.555556 2.551825e+07
59025.074074 9.745129e+06
58836.111111 9.288526e+06
59280.777778 1.042736e+07

31855.925926 8.291922e+06
49418.814815 1.125445e+07
56763.407407 1.112448e+07
59445.518519 2.555133e+07
59896.296296 1.058109e+07
60777.518519 9.883714e+06
60448.222222 1.143241e+07
60871.814815 1.019490e+07

32646.666667 1.030640e+07
50776.296296 1.049313e+07
58225.037037 1.237985e+07
60902.148148 1.123893e+07
61478.777778 1.121768e+07
62430.111111 1.153810e+07
62038.629630 1.005729e+07
62569.037037 1.898303e+07

33379.259259 1.032366e+07
52039.555556 1.067687e+07
59950.333333 1.205858e+07
62214.000000 1.068333e+07
63375.777778 2.559988e+07
63614.444444 1.126766e+07
63938.444444 1.122818e+07
63895.629630 1.157283e+07

34147.740741 1.026722e+07
53344.037037 1.323051e+07
61468.259259 1.183265e+07
63954.296296 2.832602e+07
64935.592593 1.167643e+07
65083.592593 1.125232e+07
65731.481481 1.291048e+07
65301.037037 1.140958e+07

35054.814815 1.339749e+07
54601.592593 1.207330e+07
62869.333333 1.404392e+07
65753.370370 1.213159e+07
66480.555556 2.876060e+07
66585.111111 1.167751e+07
67327.555556 1.249678e+07
66707.407407 1.219415e+07

35903.962963 1.217596e+07
56081.814815 1.421807e+07
64268.296296 1.226834e+07
67243.037037 1.828394e+07
68035.740741 1.202802e+07
68173.370370 1.201296e+07
69101.259259 1.442017e+07
68344.629630 1.329438e+07

36607.444444 1.276695e+07
57688.740741 1.204843e+07
65576.185185 1.235548e+07
68691.037037 1.291351e+07
69820.148148 3.160755e+07
69811.148148 1.349317e+07
70586.888889 1.340289e+07
70184.296296 1.354176e+07

37446.481481 1.226474e+07
59125.777778 1.433462e+07
67008.740741 1.256718e+07
70112.444444 1.466956e+07
71413.222222 1.290807e+07
71690.074074 3.233096e+07
71721.481481 1.339421e+07
72098.629630 1.296908e+07

38283.000000 1.271619e+07
60480.740741 1.432833e+07
68396.407407 1.334488e+07
71759.111111 1.817323e+07
72976.629630 1.430751e+07
73567.666667 2.605025e+07
73094.407407 1.796003e+07
73714.851852 1.377514e+07

39147.148148 1.451227e+07
61616.740741 1.393859e+07
69998.518519 1.332984e+07
73371.851852 1.438059e+07
74405.037037 3.378263e+07
75297.777778 1.400278e+07
74528.074074 1.322812e+07
75277.296296 1.492715e+07

39993.296296 1.429070e+07
62952.851852 1.367988e+07
71509.703704 1.493384e+07
74954.962963 1.456807e+07
76056.555556 1.512684e+07
76884.333333 1.471304e+07
76113.666667 1.448903e+07
76824.592593 1.562823e+07

40790.185185 1.957743e+07
64310.296296 1.449048e+07
73069.222222 3.209201e+07
76487.814815 1.501995e+07
77423.555556 1.396705e+07
78474.555556 1.526666e+07
78002.518519 1.411933e+07
78297.481481 1.733756e+07

41630.259259 1.402207e+07
65596.111111 1.725872e+07
74775.777778 1.583284e+07
78020.333333 3.495390e+07
78759.148148 1.550296e+07
80087.444444 1.606627e+07
79833.407407 1.616635e+07
79771.407407 1.571284e+07

42520.074074 1.465900e+07
66824.296296 1.516658e+07
76253.666667 1.683997e+07
79591.259259 1.519213e+07
80509.037037 3.822420e+07
81454.259259 1.635997e+07
81486.518519 1.603419e+07
81335.222222 1.844484e+07

43267.000000 1.612341e+07
68393.518519 1.548136e+07
77525.592593 1.703241e+07
81186.962963 1.579637e+07
82451.888889 2.148152e+07
82779.666667 1.581503e+07
83057.629630 1.539551e+07
82847.629630 1.723970e+07

43963.370370 1.539768e+07
69840.037037 1.961418e+07
79000.925926 1.693621e+07
82682.111111 3.848023e+07
84178.777778 1.598261e+07
84197.259259 1.643229e+07
84456.703704 1.941690e+07
84619.777778 1.742440e+07

44874.703704 1.743636e+07
71108.555556 1.680635e+07
80545.814815 1.994217e+07
84307.555556 1.674038e+07
85780.407407 4.133051e+07
85689.851852 1.703931e+07
86049.962963 1.683593e+07
86351.074074 1.885233e+07

45657.259259 1.785789e+07
72335.296296 1.652687e+07
82221.629630 1.760033e+07
85749.629630 1.728225e+07
87517.518519 2.077059e+07
87311.555556 1.695375e+07
87726.370370 4.077332e+07
87949.111111 1.945869e+07

46614.111111 2.853324e+07
73615.740741 1.870553e+07
83625.148148 3.960445e+07
87324.962963 1.798775e+07
89269.296296 1.770222e+07
88848.000000 1.753081e+07
89234.888889 1.730170e+07
89467.740741 1.843320e+07

47461.185185 2.939571e+07
74934.814815 1.895596e+07
85089.185185 3.952655e+07
88853.407407 1.782747e+07
90795.074074 1.802839e+07
90528.814815 1.903377e+07
90723.555556 1.781225e+07
90995.037037 2.139249e+07

48380.333333 1.652426e+07
76112.481481 2.073832e+07
86728.074074 1.959437e+07
90222.555556 4.033089e+07
92360.777778 1.843193e+07
92238.148148 1.860651e+07
92465.555556 2.006907e+07
92878.370370 1.799919e+07

49309.962963 1.875427e+07
77148.370370 1.887168e+07
88501.259259 2.027185e+07
91656.851852 1.856989e+07
93817.370370 4.533139e+07
93939.222222 1.938224e+07
93915.555556 1.851632e+07
94756.851852 1.942028e+07

50149.814815 1.855078e+07
78304.037037 2.122283e+07
90238.444444 1.853393e+07
93319.111111 3.698831e+07
95178.333333 1.940831e+07
95434.666667 1.960520e+07
95733.148148 2.027828e+07
96227.259259 2.161912e+07

50934.518519 2.113010e+07
79648.925926 1.968905e+07
91705.037037 2.267206e+07
95182.111111 2.024981e+07
96557.111111 5.018636e+07
96944.333333 2.164294e+07
97408.333333 2.054301e+07
97520.518519 2.243713e+07

51633.037037 3.280258e+07
81199.629630 2.216858e+07
92992.740741 4.399714e+07
97030.370370 2.254836e+07
98027.592593 2.111846e+07
98537.962963 2.155744e+07
99166.148148 2.058698e+07
98855.962963 2.390627e+07

52588.518519 1.957086e+07
82467.222222 2.097238e+07
94360.666667 2.223948e+07
98629.148148 4.916948e+07
99617.185185 2.180179e+07
100119.629630 2.090035e+07
100626.629630 2.627505e+07
100516.074074 2.098178e+07

53615.111111 2.161974e+07
83548.629630 2.251466e+07
95930.074074 2.285472e+07
100201.740741 2.121469e+07
101305.259259 5.081423e+07
101613.333333 2.187024e+07
102281.037037 2.143548e+07
102116.481481 2.332783e+07

54385.111111 1.920012e+07
84990.740741 2.347404e+07
97416.000000 2.215837e+07
101850.370370 3.862965e+07
102710.851852 2.263724e+07
103110.888889 2.188517e+07
104144.037037 2.603953e+07
103406.629630 2.291452e+07

55197.148148 2.263503e+07
86370.037037 2.169053e+07
98863.888889 2.508146e+07
103371.333333 2.319286e+07
104328.703704 5.395059e+07
104865.518519 2.254712e+07
105713.407407 2.219859e+07
104785.962963 2.297231e+07

55946.666667 3.925923e+07
87766.111111 2.292273e+07
100380.037037 2.194673e+07
104962.407407 2.348783e+07
105907.518519 2.266865e+07
106468.518519 2.611894e+07
107201.592593 2.293589e+07
106450.592593 5.446850e+07

57047.370370 3.755153e+07
88776.518519 2.285477e+07
101901.074074 5.019579e+07
106597.592593 2.491695e+07
107351.259259 2.244641e+07
108082.407407 2.375369e+07
108619.740741 2.352680e+07
108331.222222 2.465303e+07

58000.370370 2.122999e+07
90023.296296 2.251037e+07
103350.037037 2.524337e+07
108163.851852 2.330332e+07
108888.888889 2.706067e+07
109851.777778 2.396376e+07
110021.037037 2.452961e+07
110210.037037 2.432949e+07

58785.703704 2.565273e+07
91410.962963 2.346270e+07
104627.148148 5.231409e+07
109843.296296 2.446116e+07
110437.666667 2.441429e+07
111647.185185 2.533645e+07
111552.111111 2.370014e+07
111872.296296 2.524386e+07

59511.111111 2.249901e+07
92931.296296 2.422106e+07
105895.814815 2.565364e+07
111449.888889 2.381869e+07
112178.000000 5.279323e+07
113193.111111 2.473988e+07
113136.370370 2.439764e+07
113374.111111 2.419465e+07

60279.888889 2.257341e+07
94248.666667 2.796445e+07
107465.296296 2.469007e+07
112857.296296 3.950201e+07
113817.962963 2.524817e+07
114944.370370 2.459160e+07
114544.407407 2.604215e+07
115046.481481 2.546370e+07

61212.851852 2.479749e+07
95526.296296 2.627361e+07
109139.444444 2.844063e+07
114239.037037 2.617127e+07
115400.000000 6.111497e+07
116505.259259 2.594891e+07
116048.037037 2.559679e+07
116961.851852 2.619500e+07

62177.259259 4.125097e+07
96795.074074 2.475230e+07
110728.851852 5.577193e+07
115648.407407 2.589751e+07
116768.222222 2.535533e+07
118303.592593 2.739988e+07
117493.851852 2.552426e+07
118562.333333 3.264441e+07

62988.222222 2.429164e+07
98179.259259 2.448548e+07
112386.259259 2.759192e+07
117085.629630 2.574724e+07
118302.259259 5.943910e+07
119843.555556 2.699299e+07
119211.000000 2.598471e+07
119926.222222 2.711465e+07

63927.666667 4.759110e+07
99388.777778 2.680075e+07
113824.518519 2.583496e+07
118588.148148 2.682881e+07
119921.444444 2.681748e+07
121409.777778 4.240411e+07
121099.518519 2.699590e+07
121286.629630 2.659489e+07

64761.962963 2.567369e+07
100653.000000 5.040906e+07
115486.037037 2.666457e+07
120090.000000 6.295841e+07
121563.185185 2.774232e+07
122892.888889 2.593810e+07
122892.518519 2.737290e+07
122900.444444 2.702615e+07

65483.703704 2.730257e+07
102157.296296 2.669547e+07
116958.259259 2.914872e+07
121494.629630 2.824606e+07
123350.111111 6.508680e+07
124270.851852 2.709541e+07
124485.740741 2.646873e+07
124573.518519 2.773751e+07

66144.777778 4.573787e+07
103682.851852 2.652886e+07
118509.185185 6.007245e+07
122822.185185 2.834378e+07
125266.407407 2.687361e+07
125736.518519 2.853269e+07
126035.111111 2.775137e+07
126276.703704 3.356698e+07

67036.148148 2.644928e+07
104995.111111 2.913659e+07
120129.925926 2.790189e+07
124307.333333 6.344537e+07
126933.629630 2.835951e+07
127380.666667 2.728015e+07
127501.629630 3.349163e+07
127967.000000 2.820958e+07

67904.666667 2.950040e+07
106272.814815 2.785890e+07
121553.518519 2.988212e+07
125897.259259 2.939488e+07
128306.444444 6.661401e+07
128806.629630 2.917385e+07
129461.888889 2.799353e+07
129502.518519 2.993189e+07

68882.925926 2.531051e+07
107503.925926 3.319428e+07
123043.000000 2.989121e+07
127460.037037 6.623510e+07
129943.666667 2.943052e+07
130182.481481 2.919491e+07
131284.111111 3.015239e+07
131085.074074 3.037334e+07

69631.259259 2.943884e+07
108886.888889 2.851978e+07
124566.370370 3.354591e+07
129166.185185 3.004069e+07
131542.185185 7.213120e+07
131540.777778 3.057332e+07
132853.740741 3.026571e+07
132957.814815 3.472980e+07

70426.666667 2.756598e+07
110292.666667 2.839987e+07
125999.185185 3.152717e+07
130693.333333 3.077323e+07
133311.629630 6.947089e+07
133207.259259 3.073446e+07
134139.888889 2.951112e+07
134691.555556 3.108304e+07

71195.370370 2.636157e+07
111620.740741 3.318698e+07
127472.777778 2.953359e+07
132257.407407 6.978554e+07
134856.592593 3.145521e+07
134968.703704 2.941357e+07
135583.925926 3.132919e+07
136167.555556 3.042095e+07

72108.740741 3.291659e+07
112791.111111 3.041995e+07
129174.111111 3.282791e+07
133576.222222 3.003766e+07
136443.777778 7.327832e+07
136847.777778 3.148004e+07
137149.518519 3.027565e+07
137809.000000 3.153753e+07

72828.629630 2.777952e+07
114070.296296 3.013813e+07
130780.333333 3.231230e+07
135256.148148 3.102800e+07
137869.555556 3.443667e+07
138780.148148 3.159131e+07
138392.481481 7.333782e+07
139510.259259 3.137259e+07

73718.333333 5.121435e+07
115201.333333 3.007615e+07
132254.629630 6.844561e+07
136942.148148 3.158265e+07
139425.259259 3.102074e+07
140385.444444 3.270562e+07
140027.148148 3.067910e+07
141259.370370 3.556565e+07

74490.037037 2.922711e+07
116549.000000 3.966440e+07
133751.851852 3.158653e+07
138356.074074 7.530664e+07
141139.222222 3.226422e+07
141945.555556 3.175301e+07
142045.740741 3.399242e+07
142671.925926 3.164684e+07

75404.666667 3.096706e+07
117773.444444 3.265216e+07
135335.481481 3.251446e+07
139785.666667 3.353444e+07
142887.814815 3.280343e+07
143386.407407 3.502328e+07
143918.740741 3.294084e+07
143941.222222 3.334138e+07

76453.666667 3.139474e+07
118919.629630 3.125799e+07
136732.333333 3.279493e+07
141469.000000 3.230700e+07
144487.740741 3.612329e+07
144954.370370 3.262340e+07
145482.148148 7.618565e+07
145439.629630 3.382324e+07

77336.703704 5.404930e+07
120335.222222 3.340109e+07
138000.555556 7.398091e+07
143254.185185 3.302314e+07
145929.111111 3.238447e+07
146640.333333 3.359646e+07
146873.703704 3.316149e+07
147280.814815 3.617288e+07

78038.370370 3.155861e+07
121796.888889 3.281236e+07
139496.629630 3.478206e+07
144861.555556 3.263008e+07
147365.851852 7.948392e+07
148356.814815 3.549606e+07
148595.296296 3.290625e+07
148851.185185 3.518525e+07

78901.259259 5.671300e+07
123159.185185 3.374506e+07
140864.481481 7.511741e+07
146674.407407 3.490650e+07
148590.407407 3.378913e+07
149953.407407 3.476356e+07
150274.740741 3.462356e+07
150331.259259 3.975950e+07

79751.222222 3.179219e+07
124514.888889 3.460440e+07
142307.259259 3.774969e+07
148346.814815 3.450353e+07
149851.481481 8.198578e+07
151554.407407 3.628415e+07
151925.925926 3.514021e+07
151824.296296 3.633380e+07

80628.555556 4.678594e+07
125937.777778 3.312934e+07
143656.296296 7.702085e+07
150096.074074 3.622040e+07
151253.777778 3.487860e+07
153015.148148 3.563087e+07
153642.703704 3.457620e+07
153303.814815 3.861122e+07

81518.555556 3.370437e+07
127357.185185 3.352044e+07
145146.333333 3.608619e+07
151623.185185 3.455407e+07
152884.222222 3.830298e+07
154598.259259 3.557060e+07
155457.000000 8.538482e+07
154780.185185 3.582875e+07

82280.888889 3.128394e+07
128867.851852 3.767945e+07
146373.444444 3.707339e+07
153394.259259 8.052831e+07
154589.037037 3.633297e+07
155960.222222 3.654641e+07
157288.444444 3.736626e+07
156313.814815 3.592858e+07

83313.259259 3.381635e+07
130043.962963 3.552648e+07
147824.962963 3.786190e+07
154716.481481 3.569019e+07
156312.555556 8.764286e+07
157453.518519 3.761753e+07
158880.037037 3.659704e+07
157960.111111 3.778642e+07

84263.666667 3.320158e+07
131374.814815 3.647699e+07
149155.185185 3.714669e+07
156244.333333 8.418728e+07
158198.814815 3.948244e+07
158962.962963 3.549767e+07
160379.148148 3.773463e+07
159606.962963 3.780320e+07

