782.000000 7.684700e+05
1302.500000 1.441027e+05
1487.642857 1.248360e+05
1622.000000 1.314931e+05
1610.928571 1.160059e+05
1616.535714 1.215624e+05
1604.500000 1.260921e+05
1587.178571 1.225978e+05

1630.642857 2.663959e+05
2618.857143 2.375306e+05
2980.321429 2.449070e+05
3189.535714 2.768338e+05
3199.000000 2.922932e+05
3219.142857 3.065775e+05
3277.714286 2.777024e+05
3222.785714 2.489865e+05

2462.500000 3.632060e+05
3925.678571 3.928779e+05
4609.928571 3.927304e+05
4664.464286 4.132479e+05
4792.678571 3.833322e+05
4866.678571 4.005989e+05
4897.964286 4.034033e+05
4898.821429 3.963815e+05

3343.785714 4.541796e+05
5234.285714 4.546508e+05
6029.964286 5.052355e+05
6328.357143 6.066942e+05
6435.464286 5.921236e+05
6562.678571 5.755442e+05
6461.857143 5.496356e+05
6457.285714 5.864511e+05

4245.607143 5.916441e+05
6509.392857 6.567926e+05
7488.750000 7.592070e+05
8007.642857 7.646961e+05
8051.607143 8.144247e+05
8091.428571 9.189120e+05
8112.107143 8.560662e+05
8011.642857 8.154458e+05

5061.428571 1.355505e+07
7879.142857 3.293710e+07
9073.535714 1.323183e+06
9482.178571 2.057670e+06
9671.464286 1.566271e+06
9718.428571 2.009705e+06
9657.928571 3.400115e+06
9759.571429 1.335615e+06

5855.535714 1.039326e+06
9129.464286 1.605220e+06
10826.964286 1.311874e+06
10998.250000 3.602793e+06
11286.892857 1.462756e+06
11275.250000 1.403596e+06
11410.357143 2.000337e+06
11450.785714 1.527029e+06

6710.035714 1.293049e+06
10535.107143 1.456510e+06
12109.107143 1.712125e+06
12782.214286 1.558031e+06
12843.678571 4.292614e+06
13025.750000 1.661001e+06
13055.107143 1.630556e+06
12853.892857 1.963104e+06

7422.428571 1.288201e+06
12016.178571 3.295383e+06
13590.214286 1.648114e+06
14406.142857 4.475791e+06
14548.892857 1.962233e+06
14609.857143 1.889356e+06
14454.892857 2.143414e+06
14771.535714 1.944372e+06

8404.142857 1.622864e+06
13137.321429 1.996811e+06
15220.964286 2.376596e+06
15854.964286 2.195187e+06
16168.071429 4.493722e+06
16152.892857 2.220034e+06
16360.857143 2.237066e+06
16304.428571 2.542789e+06

9330.000000 1.734414e+06
14262.607143 3.881770e+06
16852.785714 2.207181e+06
17646.142857 6.143145e+06
17600.392857 2.503883e+06
17874.107143 2.445639e+06
17962.785714 2.729905e+06
17781.178571 2.548030e+06

10183.785714 2.042313e+06
15643.964286 6.153189e+06
18303.928571 2.604496e+06
19172.071429 2.622464e+06
19290.785714 2.885340e+06
19562.250000 2.830843e+06
19400.428571 3.095082e+06
19583.392857 2.747875e+06

11023.642857 2.176013e+06
17055.857143 2.630720e+06
19866.107143 3.543381e+06
20582.250000 2.877589e+06
21134.214286 6.390636e+06
21010.642857 3.112254e+06
21048.642857 2.963321e+06
21039.285714 3.529271e+06

11750.607143 2.563479e+06
18608.464286 2.648335e+06
21374.892857 2.920928e+06
22148.107143 3.087404e+06
22687.678571 3.466993e+06
22628.071429 3.370259e+06
22731.000000 4.656654e+06
22559.035714 3.525952e+06

12469.857143 4.645800e+06
19914.500000 2.919884e+06
23000.357143 6.709482e+06
23870.857143 3.585970e+06
24158.428571 3.307565e+06
24274.107143 3.533354e+06
24279.142857 3.570892e+06
24406.678571 3.930576e+06

13288.642857 2.634257e+06
21347.142857 3.367583e+06
24366.821429 3.653861e+06
25555.214286 6.810954e+06
25800.642857 3.786357e+06
25908.642857 3.653454e+06
25863.678571 5.373261e+06
25882.535714 4.038857e+06

14183.928571 3.087992e+06
22621.142857 3.394788e+06
25960.142857 4.772050e+06
27177.857143 4.017113e+06
27297.642857 1.006165e+07
27552.357143 4.069740e+06
27539.964286 3.845050e+06
27611.857143 4.804594e+06

15125.285714 3.136638e+06
23811.428571 3.780646e+06
27635.178571 4.085144e+06
28515.107143 9.076070e+06
29015.500000 4.288681e+06
29034.392857 4.067023e+06
29140.285714 5.166963e+06
29440.857143 4.196128e+06

15971.571429 3.488211e+06
25276.071429 4.342192e+06
29072.464286 4.955240e+06
30078.250000 4.767593e+06
30687.107143 1.256451e+07
30817.714286 4.856513e+06
30610.142857 4.467673e+06
30906.142857 4.887227e+06

16909.035714 3.649275e+06
26424.000000 4.195058e+06
30538.285714 4.567110e+06
31834.785714 1.015928e+07
32136.928571 5.148904e+06
32418.214286 4.907911e+06
32532.321429 6.398896e+06
32672.750000 4.846554e+06

17740.535714 4.100407e+06
27816.535714 4.859831e+06
32104.107143 6.057527e+06
33239.571429 5.348419e+06
33911.321429 1.389482e+07
33968.142857 5.628059e+06
34102.464286 5.224349e+06
34137.392857 6.338330e+06

18511.035714 3.900764e+06
29351.535714 5.190848e+06
33564.071429 5.300165e+06
34853.285714 9.163798e+06
35576.428571 5.681884e+06
35623.321429 5.429455e+06
35715.535714 6.810215e+06
35681.607143 6.122704e+06

19469.821429 5.110744e+06
30739.535714 5.542556e+06
35009.321429 5.857976e+06
36449.321429 1.253529e+07
37064.642857 6.321193e+06
37028.285714 5.895899e+06
37627.142857 7.474885e+06
37357.071429 6.300325e+06

20202.178571 5.522356e+06
32215.607143 6.168345e+06
36303.142857 8.296698e+06
37965.678571 6.886110e+06
38857.892857 1.678946e+07
38754.464286 6.576808e+06
39027.964286 6.662868e+06
39019.964286 6.411693e+06

21042.750000 4.957329e+06
33443.107143 6.770620e+06
37937.928571 6.311715e+06
39738.035714 1.250077e+07
40421.928571 7.215204e+06
40505.214286 7.228783e+06
40589.892857 8.215849e+06
40638.142857 6.891968e+06

21908.785714 6.400330e+06
34639.928571 6.665499e+06
39587.642857 8.078039e+06
41383.928571 7.943708e+06
41941.178571 1.790429e+07
42201.250000 7.575037e+06
42028.428571 7.604714e+06
42368.392857 8.777162e+06

22855.607143 5.797512e+06
35881.785714 7.473460e+06
41059.964286 7.666685e+06
42999.392857 1.207612e+07
43245.357143 8.461487e+06
44073.750000 8.018098e+06
43813.464286 8.478812e+06
43810.750000 7.587277e+06

23704.142857 7.680857e+06
37236.107143 8.270969e+06
42609.178571 8.108543e+06
44638.392857 7.774178e+06
44840.678571 1.889997e+07
45674.142857 8.068280e+06
45507.928571 8.231770e+06
45759.500000 9.383541e+06

24768.142857 1.338834e+07
38470.857143 7.804950e+06
43919.571429 1.917120e+07
46352.785714 8.853026e+06
46555.142857 8.873532e+06
46990.000000 8.417398e+06
47187.285714 8.670958e+06
47541.607143 9.563208e+06

25759.214286 1.490811e+07
39480.678571 7.760003e+06
45597.285714 1.993807e+07
48098.892857 8.933937e+06
48257.107143 1.670348e+07
48372.821429 9.263767e+06
48869.607143 9.062880e+06
49202.178571 9.273409e+06

26618.750000 7.220265e+06
40790.821429 1.344932e+07
47068.642857 8.974737e+06
49482.285714 2.298106e+07
50105.464286 9.135762e+06
50152.178571 9.048838e+06
50498.892857 1.080887e+07
50593.428571 9.697410e+06

27445.571429 8.485056e+06
42390.642857 8.780998e+06
48331.321429 1.021628e+07
50989.071429 9.541801e+06
51833.964286 1.620010e+07
51899.857143 9.962492e+06
52239.500000 9.616388e+06
51845.535714 1.054881e+07

28232.678571 1.378078e+07
43843.142857 9.733814e+06
50026.178571 2.211831e+07
52388.392857 1.069819e+07
53368.464286 1.023073e+07
53371.928571 1.038017e+07
54052.178571 1.035033e+07
53722.035714 1.574301e+07

28899.892857 9.370480e+06
45282.428571 9.665055e+06
51706.607143 1.134834e+07
53851.321429 1.076014e+07
54851.642857 2.438522e+07
55260.428571 1.143385e+07
55544.857143 1.042428e+07
55401.142857 1.122106e+07

29803.821429 8.853316e+06
46381.750000 1.096922e+07
53525.250000 1.177314e+07
55411.214286 2.064543e+07
56328.250000 1.159867e+07
57042.142857 1.060794e+07
56981.214286 1.210866e+07
57008.607143 1.130974e+07

30675.714286 1.001804e+07
47773.928571 1.072627e+07
55015.321429 1.207527e+07
57136.214286 1.170628e+07
58006.035714 2.692434e+07
58606.357143 1.156912e+07
58507.821429 1.155464e+07
58749.535714 1.250962e+07

31554.107143 1.062250e+07
49131.214286 1.230217e+07
56471.821429 1.173481e+07
58892.678571 2.722653e+07
59568.035714 1.200073e+07
60210.107143 1.184727e+07
60053.500000 1.185784e+07
60542.214286 1.194304e+07

32488.464286 1.185076e+07
50420.964286 1.143616e+07
57836.357143 1.315703e+07
60615.785714 1.259454e+07
61115.892857 2.838980e+07
62041.857143 1.242999e+07
61693.785714 1.240495e+07
62242.178571 1.309006e+07

33270.392857 1.077148e+07
51744.607143 1.331432e+07
59430.964286 1.266025e+07
62127.285714 2.823197e+07
62717.000000 1.274279e+07
63633.464286 1.259277e+07
63402.142857 1.300175e+07
63925.642857 1.292568e+07

34059.821429 1.178283e+07
52994.142857 1.300223e+07
61240.607143 1.531907e+07
63430.178571 1.390770e+07
64627.071429 3.039048e+07
64976.464286 1.317946e+07
65292.607143 1.247345e+07
65267.214286 1.478848e+07

34830.357143 1.154808e+07
54409.892857 1.435391e+07
62663.857143 1.315650e+07
65280.785714 1.543943e+07
66297.678571 1.415941e+07
66412.321429 1.316621e+07
67078.892857 1.580740e+07
66681.428571 1.419197e+07

35730.928571 1.297997e+07
55731.214286 1.323520e+07
64063.357143 1.554710e+07
67102.428571 1.481953e+07
67840.571429 3.285876e+07
68025.464286 1.414298e+07
68804.928571 1.432429e+07
68046.535714 1.566956e+07

36637.000000 1.343311e+07
57202.892857 1.421360e+07
65489.035714 1.429236e+07
68604.107143 1.410694e+07
69443.321429 1.739624e+07
69641.678571 1.441869e+07
70579.107143 3.084645e+07
69709.000000 1.525398e+07

37371.142857 1.284583e+07
58815.928571 1.538037e+07
66878.642857 1.518586e+07
70070.392857 3.105116e+07
71249.357143 1.543835e+07
71229.964286 1.423701e+07
72166.892857 1.660923e+07
71622.035714 1.491331e+07

38206.928571 1.485112e+07
60275.892857 1.525156e+07
68332.250000 1.672052e+07
71508.500000 1.624526e+07
72895.964286 3.481378e+07
73128.464286 1.634058e+07
73244.821429 1.568947e+07
73526.035714 1.791188e+07

39086.857143 1.352974e+07
61646.964286 1.587715e+07
69750.428571 1.567236e+07
73245.928571 2.293028e+07
74448.964286 1.605091e+07
75064.178571 1.567345e+07
74618.857143 1.635722e+07
75205.035714 1.625266e+07

39937.214286 1.533281e+07
62859.107143 1.660681e+07
71362.250000 2.562856e+07
74820.178571 1.667806e+07
75912.178571 1.637412e+07
76853.392857 1.873952e+07
76174.107143 1.662700e+07
76700.607143 2.325435e+07

40832.107143 1.597487e+07
64150.142857 1.655560e+07
72966.857143 1.746967e+07
76397.535714 1.748162e+07
77555.928571 3.704306e+07
78482.571429 1.703103e+07
77698.571429 1.592910e+07
78323.571429 1.732885e+07

41610.750000 1.442813e+07
65588.571429 2.013982e+07
74495.535714 1.783915e+07
78071.285714 3.247503e+07
79008.821429 1.748173e+07
80127.321429 1.748896e+07
79591.571429 1.780757e+07
79888.178571 1.663073e+07

42480.964286 1.541065e+07
66840.607143 3.289399e+07
76237.535714 1.763524e+07
79684.571429 3.923153e+07
80377.250000 1.845817e+07
81800.142857 1.766550e+07
81525.500000 1.887591e+07
81227.142857 1.917049e+07

43353.892857 1.727313e+07
68208.678571 1.651928e+07
77719.214286 2.028731e+07
81199.285714 1.790271e+07
82132.714286 1.819827e+07
83202.464286 1.900881e+07
83120.035714 1.779069e+07
82867.714286 2.686921e+07

44158.678571 1.771250e+07
69786.107143 1.779635e+07
78994.250000 2.059971e+07
82803.892857 1.742110e+07
84108.035714 2.557391e+07
84513.250000 1.865316e+07
84767.928571 1.827429e+07
84333.785714 1.858174e+07

44840.821429 1.778120e+07
71255.642857 3.505421e+07
80584.321429 1.894131e+07
84411.535714 1.845118e+07
85922.178571 1.863223e+07
85998.535714 1.959497e+07
86108.500000 4.227475e+07
86243.607143 1.823377e+07

45759.714286 2.859698e+07
72558.214286 1.892379e+07
82130.857143 4.042625e+07
86017.535714 1.938253e+07
87563.500000 1.841570e+07
87558.357143 2.047468e+07
87737.357143 1.896775e+07
88021.000000 2.376992e+07

46586.142857 1.909383e+07
73776.892857 1.888711e+07
83825.178571 2.044353e+07
87524.571429 1.858263e+07
89318.821429 3.448295e+07
89110.642857 2.096982e+07
89461.678571 2.025069e+07
89713.464286 1.988321e+07

47592.821429 1.783941e+07
75100.000000 1.900753e+07
85242.821429 2.139064e+07
89051.392857 1.989223e+07
91098.142857 2.197184e+07
90786.464286 2.031978e+07
90990.785714 4.126315e+07
91248.928571 2.046326e+07

48482.857143 1.869601e+07
76473.750000 1.909309e+07
86786.035714 2.121087e+07
90549.607143 2.036550e+07
92684.000000 2.314143e+07
92437.500000 2.066148e+07
92451.214286 4.607778e+07
92746.500000 2.084729e+07

49375.500000 2.052314e+07
77684.214286 2.054553e+07
88411.035714 2.407366e+07
92000.285714 2.042849e+07
94308.357143 4.712313e+07
94168.964286 2.070921e+07
94173.607143 2.094074e+07
94722.214286 2.375035e+07

50302.678571 1.888141e+07
78678.785714 1.878925e+07
90289.678571 2.144759e+07
93502.750000 2.046327e+07
95815.035714 2.306620e+07
95825.928571 2.104937e+07
95727.035714 4.700388e+07
96588.857143 2.223646e+07

51147.500000 2.025939e+07
79844.392857 1.971053e+07
91954.142857 2.199989e+07
95265.571429 2.170929e+07
97125.250000 2.388820e+07
97470.750000 2.159539e+07
97572.214286 4.838934e+07
98147.500000 2.239578e+07

51956.892857 2.040156e+07
81278.678571 2.273383e+07
93436.071429 2.170413e+07
97129.428571 3.381626e+07
98555.142857 2.314586e+07
99033.178571 2.210959e+07
99341.321429 2.259422e+07
99422.107143 2.120318e+07

52704.714286 2.166112e+07
82804.964286 2.129576e+07
94769.607143 2.433626e+07
99020.928571 2.442425e+07
100109.892857 5.197545e+07
100583.642857 2.410405e+07
101097.857143 2.223507e+07
100782.035714 2.539233e+07

53667.535714 2.228514e+07
84114.500000 2.243322e+07
96242.285714 2.431579e+07
100609.464286 2.305997e+07
101692.321429 4.913179e+07
102264.821429 2.353717e+07
102565.214286 2.275887e+07
102591.857143 2.211824e+07

54739.964286 2.065192e+07
85242.178571 2.376668e+07
97767.071429 2.255757e+07
102230.714286 5.075213e+07
103435.642857 2.425966e+07
103594.892857 2.254351e+07
104291.428571 2.568816e+07
104117.428571 2.253178e+07

55499.392857 2.359287e+07
86673.071429 2.326755e+07
99375.964286 2.494744e+07
103874.821429 2.316579e+07
104997.428571 5.209082e+07
105281.714286 2.491519e+07
106091.642857 2.372016e+07
105439.035714 2.529269e+07

56328.785714 2.379143e+07
88104.892857 2.251460e+07
100842.785714 2.737572e+07
105460.857143 2.431921e+07
106542.857143 5.425980e+07
106911.357143 2.472000e+07
107667.285714 2.340759e+07
106870.392857 2.573898e+07

57092.250000 2.332054e+07
89477.428571 2.336246e+07
102355.428571 2.515778e+07
107136.500000 2.306170e+07
108106.214286 2.934031e+07
108606.642857 2.469314e+07
109253.035714 5.647901e+07
108593.642857 2.674342e+07

58208.071429 2.218992e+07
90515.321429 2.723938e+07
104040.392857 2.593489e+07
108667.571429 2.407400e+07
109690.035714 2.552142e+07
110236.500000 2.399342e+07
110674.250000 5.456153e+07
110555.285714 2.648713e+07

59212.142857 2.139255e+07
91758.642857 2.440934e+07
105414.071429 2.520479e+07
110341.142857 4.776221e+07
111063.500000 2.609589e+07
112040.928571 2.500165e+07
112145.535714 2.656116e+07
112579.357143 2.540290e+07

59997.428571 2.361446e+07
93269.750000 2.416960e+07
106587.750000 2.900512e+07
112208.250000 2.644066e+07
112724.821429 5.993272e+07
113788.321429 2.658271e+07
113748.071429 2.517769e+07
114139.535714 2.775735e+07

60701.928571 4.104215e+07
94799.821429 2.525728e+07
108027.857143 5.635739e+07
113683.071429 2.735279e+07
114479.928571 2.587281e+07
115480.071429 2.711503e+07
115366.928571 2.557831e+07
115629.714286 3.418044e+07

61515.857143 2.654791e+07
96101.607143 2.552253e+07
109642.714286 2.688002e+07
115144.607143 2.531482e+07
116279.035714 6.000913e+07
117100.642857 2.697062e+07
116797.821429 2.714591e+07
117398.142857 2.897785e+07

62439.357143 2.471775e+07
97410.464286 3.015646e+07
111360.357143 2.585031e+07
116629.357143 6.097469e+07
117747.392857 2.764100e+07
118794.571429 2.694376e+07
118364.107143 2.799137e+07
119202.714286 2.762012e+07

63478.857143 2.870267e+07
98735.357143 2.601098e+07
112926.035714 3.281558e+07
118025.321429 2.903542e+07
119209.535714 6.381244e+07
120616.357143 2.904347e+07
119731.750000 2.589078e+07
120966.892857 2.851524e+07

64326.142857 2.431135e+07
100073.714286 2.630663e+07
114643.392857 2.857101e+07
119446.250000 2.857032e+07
120814.642857 2.948952e+07
122188.535714 2.931719e+07
121524.821429 2.729104e+07
122328.035714 2.902146e+07

65231.392857 4.484593e+07
101409.392857 2.741714e+07
116205.535714 5.948684e+07
121022.285714 2.872251e+07
122337.714286 2.767718e+07
123724.107143 2.926821e+07
123615.321429 2.687467e+07
123730.821429 3.107382e+07

66042.071429 2.513922e+07
102711.571429 2.834400e+07
117786.357143 2.821729e+07
122647.821429 6.685577e+07
123921.035714 2.956476e+07
125342.928571 2.872722e+07
125337.035714 3.011825e+07
125423.857143 2.976657e+07

66767.928571 2.873370e+07
104216.607143 2.804777e+07
119331.392857 3.177584e+07
123987.857143 2.987568e+07
125824.678571 6.767028e+07
126704.607143 2.980422e+07
127003.178571 2.872300e+07
127014.928571 3.168136e+07

67514.607143 4.666718e+07
105745.857143 2.856660e+07
120850.035714 6.446013e+07
125462.321429 3.076875e+07
127677.071429 2.897678e+07
128203.678571 3.020191e+07
128598.357143 3.031423e+07
128716.678571 3.001067e+07

68400.678571 2.755804e+07
107084.678571 3.055754e+07
122418.928571 2.936806e+07
126969.178571 6.507845e+07
129375.464286 3.063024e+07
129798.035714 3.049915e+07
130208.857143 3.097478e+07
130498.500000 3.087383e+07

69321.107143 2.797688e+07
108407.464286 2.898249e+07
123985.642857 3.140029e+07
128436.607143 3.072582e+07
130964.464286 7.127833e+07
131427.107143 3.233272e+07
132143.750000 3.089457e+07
132058.357143 3.213230e+07

70285.607143 2.879642e+07
109717.964286 4.436188e+07
125499.250000 3.136142e+07
130094.785714 6.938509e+07
132634.642857 3.086859e+07
132759.964286 2.998133e+07
133977.285714 3.220901e+07
133811.821429 3.078921e+07

71062.500000 3.203279e+07
111071.500000 3.153882e+07
127110.714286 3.253760e+07
131770.285714 3.075777e+07
134229.607143 7.318993e+07
134082.428571 3.122348e+07
135547.214286 3.133898e+07
135620.821429 3.633782e+07

71842.571429 2.964308e+07
112433.785714 6.099983e+07
128575.428571 3.175524e+07
133410.500000 7.273617e+07
135922.500000 3.184174e+07
135773.750000 3.111997e+07
136960.035714 3.155293e+07
137301.678571 3.219568e+07

72682.964286 5.302310e+07
113885.357143 3.215378e+07
130070.714286 3.107443e+07
134898.500000 3.295259e+07
137616.285714 3.152443e+07
137558.642857 3.776418e+07
138504.357143 3.221830e+07
138875.035714 7.366770e+07

73501.678571 5.151029e+07
115082.892857 3.258649e+07
131784.785714 6.935147e+07
136408.142857 3.324401e+07
139112.214286 3.202118e+07
139618.071429 3.350631e+07
139780.964286 3.192936e+07
140459.142857 6.486900e+07

74330.500000 2.884132e+07
116270.535714 3.083394e+07
133510.107143 3.419266e+07
138027.607143 3.208702e+07
140577.428571 4.389333e+07
141541.607143 3.426610e+07
141192.357143 3.278453e+07
142261.964286 3.320495e+07

75195.642857 2.984395e+07
117479.000000 6.399240e+07
134989.178571 3.249248e+07
139772.107143 3.341141e+07
142125.464286 3.512246e+07
143296.357143 3.417242e+07
142858.535714 3.748877e+07
144050.285714 3.391992e+07

76017.250000 3.175184e+07
118898.678571 3.283514e+07
136442.392857 3.466025e+07
141192.785714 3.518486e+07
143925.000000 7.997439e+07
144752.357143 3.483326e+07
144910.071429 3.304716e+07
145497.964286 3.746333e+07

76944.714286 5.401841e+07
120205.607143 3.303305e+07
138050.357143 7.639759e+07
142639.892857 3.356965e+07
145760.642857 3.422059e+07
146197.071429 3.741762e+07
146753.964286 3.546723e+07
146732.392857 3.382803e+07

78029.107143 3.040894e+07
121294.892857 3.485537e+07
139366.428571 3.677284e+07
144426.071429 3.471692e+07
147315.428571 3.865388e+07
147812.928571 3.548688e+07
148294.785714 3.511102e+07
148370.785714 3.669529e+07

78902.285714 5.619896e+07
122755.178571 3.584622e+07
140785.964286 7.784060e+07
146242.571429 3.534689e+07
148771.285714 3.635990e+07
149665.964286 3.826266e+07
149909.750000 3.506637e+07
150108.464286 3.933913e+07

79680.035714 3.288440e+07
124273.428571 3.227985e+07
142190.821429 3.457108e+07
147883.750000 3.488276e+07
150229.071429 4.082911e+07
151358.321429 3.658727e+07
151500.857143 3.677884e+07
151778.464286 3.576814e+07

80454.357143 5.602761e+07
125621.535714 3.496326e+07
143765.500000 7.761346e+07
149705.857143 3.723822e+07
151433.071429 3.570681e+07
153002.214286 3.614652e+07
153217.250000 3.506223e+07
153282.785714 7.718205e+07

81396.321429 3.452304e+07
126973.928571 3.423232e+07
145183.892857 3.760575e+07
151452.142857 3.658677e+07
152738.857143 8.142014e+07
154704.857143 3.757025e+07
154971.928571 3.548605e+07
154825.250000 3.693599e+07

82358.607143 3.289638e+07
128422.642857 3.567196e+07
146485.428571 3.661317e+07
153191.678571 7.906493e+07
154293.321429 3.740892e+07
156224.071429 3.658425e+07
156695.107143 4.032160e+07
156272.821429 3.713666e+07

83183.214286 3.501675e+07
129925.821429 3.649463e+07
148028.428571 3.956705e+07
154754.964286 3.645199e+07
155891.714286 8.767660e+07
157655.964286 3.899486e+07
158536.607143 3.631869e+07
157818.142857 3.885116e+07

84011.428571 3.383596e+07
131469.607143 3.859623e+07
149324.535714 3.579720e+07
156408.071429 8.665400e+07
157662.678571 3.849961e+07
159063.142857 3.639773e+07
160381.857143 4.157544e+07
159346.357143 3.884497e+07

85045.142857 3.857913e+07
132644.428571 3.902017e+07
150795.607143 4.270788e+07
157972.714286 3.889510e+07
159497.000000 9.019218e+07
160557.285714 3.888116e+07
162029.857143 3.914074e+07
161152.642857 4.949418e+07

85978.678571 3.518023e+07
134003.571429 3.663649e+07
152157.714286 4.265521e+07
159504.928571 3.899327e+07
161268.535714 8.459047e+07
162115.357143 3.915714e+07
163499.035714 3.820869e+07
162723.714286 4.074615e+07

