789.586207 1.692178e+05
1319.275862 1.513938e+05
1511.068966 1.364824e+05
1622.034483 1.336476e+05
1613.379310 1.143517e+05
1628.724138 1.011521e+05
1616.758621 1.003084e+05
1588.586207 1.049791e+05

1639.068966 2.860112e+05
2640.103448 2.598841e+05
3026.793103 2.442352e+05
3198.896552 2.330566e+05
3236.551724 2.565138e+05
3264.241379 2.535288e+05
3288.103448 2.608582e+05
3268.034483 2.679490e+05

2482.655172 2.495130e+07
3971.000000 2.305399e+06
4626.379310 5.653834e+05
4708.482759 5.794713e+05
4861.517241 1.719085e+06
4936.586207 5.199035e+05
4923.896552 2.050941e+06
4939.068966 4.985310e+05

3369.379310 1.200001e+06
5282.068966 6.025748e+05
6074.965517 2.020999e+06
6384.896552 6.746732e+05
6512.724138 7.011982e+05
6607.620690 8.784901e+05
6500.620690 7.445674e+05
6539.034483 1.135899e+06

4275.103448 7.282564e+05
6554.724138 2.558895e+06
7541.034483 8.919398e+05
8095.241379 2.579713e+06
8137.137931 9.459169e+05
8164.896552 9.757950e+05
8204.068966 1.192846e+06
8100.827586 9.496231e+05

5108.827586 9.616872e+05
7929.482759 2.526126e+06
9164.344828 1.512372e+06
9580.379310 1.249079e+06
9756.206897 1.671019e+06
9826.482759 1.204069e+06
9764.241379 1.754385e+06
9828.000000 1.249650e+06

5901.724138 1.056373e+06
9181.413793 1.206426e+06
10941.413793 1.488130e+06
11119.862069 1.498096e+06
11380.965517 3.487040e+06
11399.827586 1.603942e+06
11492.931034 1.569461e+06
11567.137931 1.993767e+06

6767.758621 1.649861e+06
10622.413793 4.018494e+06
12212.310345 1.821166e+06
12881.793103 4.400474e+06
12962.379310 1.967249e+06
13134.344828 2.090704e+06
13142.517241 2.005836e+06
13001.758621 1.869653e+06

7479.965517 1.639456e+06
12125.379310 2.835550e+06
13702.000000 1.942504e+06
14508.000000 5.178064e+06
14687.827586 2.132672e+06
14721.206897 2.247256e+06
14591.655172 2.271906e+06
14909.551724 2.197884e+06

8465.482759 1.720438e+06
13255.586207 2.182954e+06
15381.103448 2.458927e+06
16023.310345 2.088232e+06
16287.724138 5.013693e+06
16293.137931 2.215857e+06
16518.655172 2.184898e+06
16447.137931 2.977082e+06

9391.586207 1.682031e+06
14434.379310 2.462920e+06
16975.413793 2.318573e+06
17854.448276 5.011853e+06
17771.482759 2.475245e+06
18033.034483 2.489139e+06
18102.517241 3.287647e+06
17892.172414 2.627061e+06

10265.379310 2.008493e+06
15777.896552 2.612513e+06
18444.896552 3.026000e+06
19389.620690 2.978481e+06
19461.793103 6.719921e+06
19751.137931 3.100335e+06
19547.586207 2.966943e+06
19714.103448 3.138472e+06

11129.517241 2.181671e+06
17212.965517 2.913158e+06
20032.517241 2.787334e+06
20776.620690 5.945252e+06
21361.241379 3.302623e+06
21197.551724 5.883267e+06
21201.827586 3.055756e+06
21232.103448 2.968326e+06

11856.724138 2.327308e+06
18750.517241 3.612186e+06
21630.172414 3.286310e+06
22374.965517 7.290011e+06
22865.689655 3.503255e+06
22828.448276 7.871594e+06
22915.103448 3.227331e+06
22778.517241 3.295052e+06

12585.827586 2.489259e+06
20104.586207 3.519344e+06
23226.344828 3.237810e+06
24120.034483 8.640035e+06
24312.103448 3.737727e+06
24428.034483 8.579418e+06
24487.103448 3.557705e+06
24585.551724 3.535183e+06

13421.862069 2.958734e+06
21539.275862 6.558961e+06
24576.068966 4.115099e+06
25777.413793 8.980220e+06
26001.413793 4.043620e+06
26082.137931 3.869068e+06
26132.241379 4.067232e+06
26036.620690 3.842302e+06

14297.137931 3.327093e+06
22826.586207 3.605457e+06
26221.241379 4.712685e+06
27387.517241 4.018182e+06
27519.724138 4.901277e+06
27753.379310 4.455263e+06
27795.793103 4.419248e+06
27749.413793 4.858651e+06

15252.068966 2.958116e+06
24028.137931 4.037999e+06
27925.448276 4.505632e+06
28761.758621 8.020461e+06
29266.724138 4.843940e+06
29258.482759 4.720693e+06
29382.034483 6.221457e+06
29576.862069 4.511527e+06

16128.413793 3.728030e+06
25475.000000 4.510282e+06
29317.482759 5.187718e+06
30350.241379 4.833481e+06
30984.172414 1.235079e+07
31054.551724 4.926113e+06
30888.413793 4.737881e+06
31059.379310 5.333668e+06

17057.068966 8.463095e+06
26664.448276 4.537926e+06
30809.931034 4.833825e+06
32097.310345 6.105813e+06
32411.586207 5.634499e+06
32643.137931 1.259764e+07
32755.137931 5.927271e+06
32868.344828 5.058619e+06

17874.896552 4.270130e+06
28135.000000 1.087590e+07
32319.275862 5.397124e+06
33540.862069 1.420255e+07
34219.931034 5.663296e+06
34247.172414 5.641500e+06
34340.206897 5.742651e+06
34378.724138 5.455068e+06

18687.103448 4.753854e+06
29607.034483 5.423989e+06
33865.655172 7.051177e+06
35224.724138 6.100489e+06
35800.448276 1.464023e+07
35866.137931 6.271117e+06
35972.068966 6.119356e+06
35945.344828 6.662336e+06

19621.172414 4.429341e+06
31063.482759 6.357555e+06
35283.241379 6.017415e+06
36730.586207 1.476797e+07
37366.448276 6.910986e+06
37299.620690 6.227011e+06
37796.448276 8.181463e+06
37646.586207 6.525312e+06

20376.137931 5.538541e+06
32506.103448 6.416708e+06
36682.689655 7.435508e+06
38314.655172 7.137834e+06
39172.724138 1.581796e+07
39088.931034 6.925039e+06
39245.551724 6.691801e+06
39357.896552 7.275238e+06

21232.379310 5.068285e+06
33726.862069 7.247075e+06
38239.896552 6.904939e+06
40069.103448 1.625413e+07
40746.137931 7.567636e+06
40810.241379 7.100459e+06
40857.586207 8.485219e+06
40957.862069 7.610281e+06

22083.827586 6.082593e+06
34946.482759 7.187946e+06
39949.379310 8.094067e+06
41757.758621 7.745651e+06
42230.724138 1.755565e+07
42521.103448 8.268138e+06
42339.068966 8.285086e+06
42696.862069 8.393593e+06

23054.034483 6.347248e+06
36187.827586 7.762199e+06
41403.862069 8.518964e+06
43424.758621 1.871048e+07
43589.482759 7.944227e+06
44304.000000 8.014003e+06
44116.172414 1.079597e+07
44243.206897 8.136163e+06

23922.689655 7.131218e+06
37543.586207 7.803740e+06
42982.689655 1.061134e+07
44967.379310 9.464160e+06
45214.551724 2.062605e+07
45992.862069 8.969376e+06
45836.655172 8.919544e+06
46085.931034 9.632741e+06

24980.689655 6.894378e+06
38849.793103 9.214351e+06
44294.034483 8.374200e+06
46721.517241 1.917578e+07
46917.000000 9.238852e+06
47325.137931 8.628277e+06
47589.172414 1.040733e+07
47854.275862 9.092764e+06

25988.379310 8.345161e+06
39899.551724 8.859280e+06
45909.448276 1.086019e+07
48510.103448 9.907299e+06
48538.241379 2.254830e+07
48703.000000 9.643524e+06
49309.758621 9.462338e+06
49514.862069 1.004809e+07

26848.068966 8.000404e+06
41151.758621 9.763213e+06
47509.758621 9.610253e+06
49958.034483 2.290425e+07
50479.068966 9.947521e+06
50473.344828 9.813166e+06
50889.931034 1.020505e+07
50947.103448 9.716272e+06

27706.172414 8.926639e+06
42774.862069 9.646779e+06
48757.758621 1.054166e+07
51423.689655 1.138398e+07
52237.517241 2.393517e+07
52222.482759 1.057093e+07
52675.724138 1.042941e+07
52240.103448 1.099401e+07

28477.206897 8.899776e+06
44242.000000 2.021955e+07
50426.137931 1.098276e+07
52819.206897 2.470814e+07
53736.517241 1.068216e+07
53824.655172 1.088742e+07
54414.241379 1.170145e+07
54002.344828 1.104098e+07

29151.965517 1.773265e+07
45628.827586 1.065890e+07
52132.655172 2.455269e+07
54329.344828 1.191149e+07
55275.310345 1.136272e+07
55685.517241 1.189017e+07
55911.724138 1.133909e+07
55706.758621 1.535025e+07

30063.793103 1.023827e+07
46783.689655 1.141666e+07
53956.068966 1.193877e+07
55920.310345 1.150687e+07
56802.586207 2.434545e+07
57479.241379 1.189436e+07
57356.965517 1.170071e+07
57361.827586 1.298958e+07

30944.758621 1.158523e+07
48211.586207 2.261491e+07
55465.655172 1.178267e+07
57616.034483 2.722694e+07
58440.620690 1.313029e+07
59049.034483 1.231567e+07
58863.586207 1.386944e+07
59163.413793 1.244783e+07

31835.310345 1.072500e+07
49548.275862 1.279119e+07
56928.758621 1.280168e+07
59380.862069 1.378721e+07
60006.379310 1.316236e+07
60670.310345 1.289954e+07
60462.413793 1.283070e+07
60921.206897 1.241811e+07

32751.344828 1.157081e+07
50829.965517 1.314737e+07
58333.068966 1.522981e+07
61112.482759 1.327469e+07
61523.620690 2.948558e+07
62525.034483 1.363673e+07
62160.931034 1.294816e+07
62605.655172 1.412811e+07

33581.896552 1.192787e+07
52158.655172 1.385339e+07
59875.965517 1.330645e+07
62614.655172 2.957922e+07
63177.655172 1.409761e+07
64122.103448 1.344393e+07
63824.310345 1.527156e+07
64336.379310 1.440498e+07

34328.206897 1.299399e+07
53498.206897 1.418084e+07
61717.758621 1.542903e+07
63940.000000 1.446721e+07
65118.482759 3.117269e+07
65515.344828 1.527334e+07
65730.586207 1.371696e+07
65632.620690 1.539623e+07

35140.862069 2.084813e+07
54850.586207 1.397649e+07
63207.344828 1.445361e+07
65766.103448 1.559932e+07
66754.724138 1.437182e+07
66883.068966 1.476246e+07
67495.034483 1.521452e+07
67131.586207 1.514254e+07

36056.344828 1.351593e+07
56159.275862 1.389801e+07
64625.586207 1.704097e+07
67657.724138 1.506780e+07
68351.310345 3.242259e+07
68469.793103 1.506210e+07
69265.413793 1.483623e+07
68541.275862 1.735389e+07

36944.068966 1.426156e+07
57627.827586 1.943724e+07
66037.310345 1.465059e+07
69121.068966 3.359696e+07
69978.965517 1.564252e+07
70143.379310 1.539821e+07
70980.793103 1.637860e+07
70235.827586 1.570726e+07

37687.310345 1.619810e+07
59307.344828 1.467078e+07
67432.275862 1.819159e+07
70637.793103 1.643667e+07
71697.620690 3.199852e+07
71743.310345 1.596787e+07
72598.620690 1.638288e+07
72097.379310 1.721856e+07

38516.379310 2.089889e+07
60768.034483 1.583871e+07
68882.000000 3.348834e+07
72076.137931 1.693913e+07
73423.241379 1.625732e+07
73674.103448 1.717864e+07
73701.517241 1.704307e+07
74030.275862 2.283960e+07

39377.517241 1.589962e+07
62203.379310 1.535587e+07
70231.344828 1.728514e+07
73810.379310 1.714400e+07
74983.482759 3.560793e+07
75586.068966 1.705474e+07
75161.310345 1.686918e+07
75728.103448 1.899624e+07

40272.620690 1.500074e+07
63364.310345 1.742801e+07
71979.172414 1.649450e+07
75340.620690 3.709184e+07
76497.758621 1.753847e+07
77466.586207 1.614016e+07
76672.758621 1.788701e+07
77325.586207 1.710220e+07

41144.724138 1.528493e+07
64682.551724 2.000885e+07
73461.931034 1.747793e+07
77117.068966 2.108014e+07
78174.000000 1.796142e+07
79054.793103 1.800074e+07
78225.103448 1.995908e+07
78907.793103 1.835080e+07

41975.034483 1.831321e+07
66148.965517 1.883339e+07
75085.275862 2.074992e+07
78672.620690 1.859483e+07
79601.620690 4.169215e+07
80683.931034 1.761953e+07
80099.793103 1.926637e+07
80415.137931 2.027282e+07

42834.758621 2.704382e+07
67384.103448 1.818734e+07
76832.517241 3.769903e+07
80246.965517 1.851844e+07
81006.689655 1.791789e+07
82382.482759 1.866347e+07
82003.689655 1.900763e+07
81966.413793 3.838778e+07

43716.793103 1.850978e+07
68751.758621 1.765250e+07
78347.068966 2.085587e+07
81898.586207 1.848548e+07
82788.482759 4.053596e+07
83737.896552 1.862913e+07
83679.862069 1.896361e+07
83547.137931 1.905572e+07

44493.103448 1.707937e+07
70369.827586 2.108039e+07
79697.103448 1.903956e+07
83431.620690 4.168163e+07
84714.206897 2.077214e+07
85111.827586 1.951876e+07
85357.965517 1.989494e+07
84993.862069 1.909652e+07

45180.379310 1.946454e+07
71844.655172 1.925684e+07
81240.965517 2.207944e+07
85008.482759 2.075526e+07
86499.172414 4.440300e+07
86643.965517 1.917199e+07
86778.655172 1.993028e+07
86827.413793 2.260926e+07

46099.310345 1.759495e+07
73104.379310 2.102253e+07
82805.379310 2.045603e+07
86694.862069 4.253825e+07
88139.793103 2.063557e+07
88180.517241 2.055690e+07
88379.931034 2.432562e+07
88673.206897 1.969745e+07

46943.758621 2.036051e+07
74453.206897 2.064845e+07
84518.689655 2.372724e+07
88151.206897 2.203519e+07
90001.655172 4.667469e+07
89755.000000 2.103362e+07
90095.793103 2.031168e+07
90306.620690 3.635126e+07

47960.931034 1.998155e+07
75748.758621 1.935951e+07
85927.862069 2.244769e+07
89715.827586 2.198771e+07
91788.068966 4.802714e+07
91332.655172 2.052607e+07
91698.103448 2.152316e+07
91855.965517 2.246187e+07

48827.241379 1.924694e+07
77100.793103 2.069338e+07
87401.310345 2.336608e+07
91382.379310 2.253385e+07
93385.724138 4.580097e+07
93002.310345 2.249205e+07
93155.931034 2.217867e+07
93495.586207 2.169796e+07

49779.551724 1.977846e+07
78239.379310 2.195248e+07
89183.896552 2.150072e+07
92764.275862 4.620201e+07
94992.137931 2.313299e+07
94749.724138 2.258114e+07
94918.206897 2.246636e+07
95468.172414 2.105084e+07

50723.103448 2.202905e+07
79299.931034 2.148665e+07
90957.965517 2.412957e+07
94224.793103 2.365112e+07
96511.206897 5.022897e+07
96548.310345 2.326265e+07
96515.517241 2.270652e+07
97334.448276 2.521534e+07

51550.517241 2.090940e+07
80520.137931 2.149248e+07
92666.206897 2.164669e+07
96016.448276 2.288350e+07
97889.137931 3.985392e+07
98063.137931 2.206621e+07
98324.103448 2.306459e+07
98876.965517 2.421951e+07

52374.344828 2.030359e+07
81919.000000 4.011828e+07
94201.379310 2.288120e+07
97873.689655 5.073375e+07
99243.586207 2.416492e+07
99743.310345 2.384905e+07
100014.275862 2.464675e+07
100231.448276 2.418756e+07

53118.551724 2.136413e+07
83455.000000 2.289271e+07
95611.517241 2.331797e+07
99734.724138 4.829358e+07
100779.586207 2.384302e+07
101277.655172 2.346890e+07
101801.000000 2.746045e+07
101605.758621 2.436489e+07

54117.344828 2.276825e+07
84822.655172 2.400866e+07
97007.689655 2.391633e+07
101352.413793 2.386629e+07
102461.344828 5.361395e+07
102818.551724 2.399643e+07
103390.000000 2.428180e+07
103305.758621 2.655888e+07

55184.931034 2.229073e+07
85886.379310 2.474481e+07
98595.344828 2.312171e+07
102997.034483 5.311825e+07
104091.482759 2.447018e+07
104333.620690 2.470111e+07
105109.620690 2.837376e+07
105011.344828 2.469693e+07

55919.931034 2.384081e+07
87413.103448 2.406303e+07
100113.586207 2.685069e+07
104719.034483 2.633527e+07
105643.241379 5.515096e+07
105927.068966 2.571066e+07
106910.758621 2.539120e+07
106302.689655 2.775746e+07

56745.068966 3.828168e+07
88816.689655 2.607547e+07
101589.413793 2.467988e+07
106264.344828 2.544578e+07
107172.827586 2.395560e+07
107827.275862 5.552949e+07
108503.275862 2.522498e+07
107761.620690 2.431628e+07

57566.413793 2.232597e+07
90170.689655 3.040357e+07
103198.517241 2.668551e+07
107938.827586 5.724600e+07
108813.586207 2.610073e+07
109318.793103 2.563536e+07
110059.344828 2.841380e+07
109444.689655 2.553820e+07

58679.344828 4.211277e+07
91258.068966 2.625539e+07
104844.620690 2.456269e+07
109397.724138 2.976487e+07
110465.827586 2.639211e+07
111010.862069 5.534197e+07
111590.000000 2.745262e+07
111450.103448 2.650310e+07

59635.793103 2.392123e+07
92559.275862 3.333607e+07
106212.241379 2.584958e+07
111277.586207 5.827422e+07
111874.586207 2.604183e+07
112858.482759 2.602205e+07
113056.551724 3.015133e+07
113386.896552 2.816727e+07

60496.000000 2.645365e+07
93996.206897 2.736445e+07
107484.482759 2.824835e+07
112959.931034 2.625623e+07
113556.551724 6.042436e+07
114589.275862 2.730088e+07
114640.517241 2.787259e+07
115029.275862 3.017657e+07

61188.379310 4.203626e+07
95546.620690 2.710749e+07
108851.137931 2.672797e+07
114612.689655 2.789325e+07
115263.137931 2.778013e+07
116383.793103 5.972088e+07
116173.620690 2.811237e+07
116611.068966 2.659399e+07

62045.344828 2.514126e+07
96913.206897 4.282520e+07
110409.931034 2.788959e+07
116079.620690 6.164828e+07
116989.241379 2.808630e+07
118042.137931 2.645081e+07
117701.241379 2.953821e+07
118371.896552 2.712105e+07

62970.000000 2.770633e+07
98197.482759 2.765308e+07
112157.931034 2.949479e+07
117409.137931 2.842753e+07
118564.724138 6.272059e+07
119738.068966 2.865117e+07
119278.275862 2.747215e+07
120302.827586 3.037967e+07

63913.206897 2.702516e+07
99596.034483 2.769903e+07
113810.655172 3.138838e+07
118845.586207 2.948405e+07
120142.689655 6.296215e+07
121412.137931 2.957325e+07
120693.241379 2.756828e+07
121943.724138 2.895150e+07

64827.275862 4.500990e+07
100872.758621 2.841627e+07
115510.551724 6.372862e+07
120426.103448 2.964941e+07
121668.000000 2.882615e+07
123068.793103 2.911632e+07
122572.310345 3.010092e+07
123334.241379 6.408829e+07

65699.758621 4.670912e+07
102230.103448 3.006919e+07
117107.586207 6.593751e+07
121874.379310 2.964635e+07
123279.379310 2.882380e+07
124591.482759 3.229024e+07
124522.724138 2.974235e+07
124894.103448 6.480054e+07

66544.448276 2.729712e+07
103555.137931 2.840423e+07
118723.689655 2.938489e+07
123483.344828 2.996431e+07
124855.172414 6.568868e+07
126172.137931 3.049193e+07
126360.551724 3.028161e+07
126461.793103 3.069598e+07

67315.344828 2.834410e+07
105063.620690 5.730031e+07
120288.655172 3.074577e+07
124860.034483 6.807415e+07
126717.379310 3.087368e+07
127667.655172 3.012248e+07
127936.896552 3.366931e+07
128178.586207 3.104738e+07

68046.379310 2.764301e+07
106560.965517 3.290262e+07
121875.517241 3.040095e+07
126295.896552 6.480356e+07
128686.068966 3.173967e+07
129108.137931 3.041036e+07
129586.655172 3.353151e+07
129858.896552 3.194519e+07

68947.517241 2.847138e+07
107933.517241 3.025047e+07
123406.241379 3.314305e+07
127886.862069 3.217164e+07
130281.344828 7.040703e+07
130825.965517 3.169956e+07
131284.275862 3.098188e+07
131803.068966 3.204468e+07

69883.379310 4.834154e+07
109277.931034 3.181528e+07
124912.000000 6.768463e+07
129494.965517 3.178242e+07
131841.517241 3.097768e+07
132371.000000 3.437323e+07
133198.137931 3.195144e+07
133304.758621 6.983234e+07

70816.827586 5.003481e+07
110563.482759 3.230664e+07
126475.206897 6.598123e+07
131012.655172 3.259596e+07
133524.448276 3.141377e+07
133735.172414 3.304427e+07
135064.344828 3.364822e+07
134855.413793 7.062280e+07

71588.172414 4.958949e+07
112046.827586 3.146591e+07
128024.793103 6.864115e+07
132745.586207 3.290808e+07
135221.655172 3.212397e+07
135146.310345 3.534946e+07
136669.551724 3.372067e+07
136815.000000 7.210108e+07

72400.275862 3.050158e+07
113403.655172 3.219040e+07
129504.551724 3.413722e+07
134429.448276 3.290934e+07
136876.172414 4.212738e+07
136824.586207 3.394199e+07
138152.448276 3.349564e+07
138536.758621 3.462760e+07

73226.931034 2.972634e+07
114741.482759 6.258308e+07
131060.827586 3.353109e+07
135880.827586 3.364163e+07
138536.586207 3.508830e+07
138659.310345 3.383545e+07
139563.068966 3.447329e+07
140155.517241 3.405846e+07

74122.448276 3.162376e+07
115994.448276 3.228068e+07
132809.724138 3.601688e+07
137367.827586 3.576639e+07
140157.551724 7.682679e+07
140594.724138 3.623716e+07
141010.793103 3.450044e+07
141799.586207 3.561076e+07

74915.413793 5.287275e+07
117224.689655 3.382715e+07
134424.172414 7.264494e+07
139067.689655 3.539311e+07
141617.413793 3.471846e+07
142523.172414 3.635083e+07
142395.310345 3.510977e+07
143542.551724 6.460173e+07

75802.448276 3.141306e+07
118403.379310 3.394242e+07
136061.689655 3.572448e+07
140757.068966 3.451099e+07
143181.241379 7.069557e+07
144270.344828 3.663141e+07
144105.068966 3.515505e+07
145307.758621 3.575376e+07

76622.931034 3.228359e+07
119760.034483 6.553001e+07
137563.862069 3.471427e+07
142214.413793 7.991392e+07
144942.137931 3.519047e+07
145854.310345 3.580572e+07
146110.379310 3.742303e+07
146878.103448 3.635357e+07

77592.551724 5.685732e+07
121046.344828 3.626429e+07
139117.310345 3.549296e+07
143613.965517 4.183051e+07
146738.275862 3.726515e+07
147368.241379 8.062039e+07
148086.172414 3.797002e+07
148177.172414 3.651864e+07

78589.344828 3.166959e+07
122324.379310 4.028350e+07
140577.172414 3.505669e+07
145423.965517 8.032264e+07
148437.620690 3.708083e+07
149019.724138 3.494877e+07
149706.758621 4.133599e+07
149822.586207 3.686738e+07

79506.965517 3.519247e+07
123777.517241 3.588396e+07
141898.206897 4.250509e+07
147196.931034 3.705492e+07
149885.310345 8.250874e+07
150690.275862 3.798793e+07
151193.965517 3.620035e+07
151539.517241 4.150308e+07

80269.034483 5.662774e+07
125261.000000 3.768778e+07
143402.793103 7.945829e+07
148924.379310 3.788830e+07
151324.655172 3.725277e+07
152466.137931 4.082123e+07
152822.413793 3.691972e+07
153264.620690 8.463765e+07

81120.448276 3.436872e+07
126679.517241 7.151841e+07
144756.724138 3.778429e+07
150786.137931 3.747263e+07
152547.448276 3.791688e+07
154109.689655 3.846580e+07
154679.172414 8.505886e+07
154761.724138 3.871788e+07

82038.413793 5.426153e+07
128007.068966 3.761439e+07
146318.724138 3.717852e+07
152551.000000 3.957469e+07
153943.103448 3.802797e+07
155834.689655 8.506130e+07
156303.862069 3.936824e+07
156298.896552 3.833095e+07

82965.172414 3.661729e+07
129521.689655 3.684591e+07
147648.862069 3.911020e+07
154265.896552 3.940337e+07
155402.448276 8.893996e+07
157416.758621 3.878736e+07
158056.379310 3.859961e+07
157891.965517 4.103027e+07

83850.620690 3.560829e+07
130943.241379 3.682997e+07
149061.068966 3.889540e+07
155978.965517 3.832360e+07
157015.620690 4.313030e+07
158888.275862 4.023811e+07
159957.068966 3.879260e+07
159307.241379 3.976895e+07

84681.931034 3.573545e+07
132497.344828 3.742861e+07
150515.482759 3.927938e+07
157611.551724 3.885105e+07
158789.586207 4.420108e+07
160392.344828 4.028826e+07
161822.103448 9.176181e+07
160862.482759 3.996134e+07

85700.034483 3.477614e+07
133696.000000 7.423363e+07
151860.413793 3.931247e+07
159178.172414 3.965489e+07
160696.275862 4.075783e+07
161823.344828 4.085974e+07
163538.275862 4.226455e+07
162679.103448 3.931391e+07

86662.931034 3.851753e+07
135079.413793 3.929807e+07
153314.241379 4.231082e+07
160657.172414 4.148943e+07
162486.344828 9.143410e+07
163542.896552 4.211285e+07
164982.586207 4.107541e+07
164380.379310 4.176945e+07

