801.100000 1.424839e+05
1344.733333 1.615663e+05
1530.066667 1.380741e+05
1673.633333 1.245162e+05
1657.900000 1.193943e+05
1669.933333 1.000064e+05
1671.300000 9.791307e+04
1633.033333 9.698810e+04

1664.100000 2.802550e+05
2700.066667 2.603794e+05
3083.966667 2.478315e+05
3284.900000 2.867152e+05
3295.233333 2.771061e+05
3300.166667 2.693791e+05
3306.600000 2.741173e+05
3284.366667 2.273265e+05

2526.100000 3.901491e+05
4044.633333 4.313903e+05
4724.000000 4.715201e+05
4807.900000 2.065090e+07
4909.100000 9.889399e+05
4984.800000 1.337224e+06
4996.933333 8.563230e+05
5015.966667 6.571123e+05

3424.233333 5.969409e+05
5375.833333 1.884491e+06
6210.333333 7.791004e+05
6491.266667 2.337448e+06
6583.633333 8.457737e+05
6703.300000 8.001018e+05
6606.666667 1.024497e+06
6627.533333 8.110295e+05

4356.766667 8.186558e+05
6678.633333 2.518693e+06
7704.766667 9.640034e+05
8199.533333 2.755816e+06
8239.233333 1.086908e+06
8299.500000 1.079067e+06
8324.433333 1.252546e+06
8237.866667 9.695715e+05

5196.166667 9.892812e+05
8104.233333 2.877821e+06
9300.733333 1.213006e+06
9723.633333 3.349331e+06
9868.800000 1.408552e+06
9983.400000 1.445059e+06
9947.400000 1.565662e+06
10002.033333 1.327060e+06

6012.800000 1.224729e+06
9375.033333 3.230170e+06
11103.766667 1.484767e+06
11247.366667 3.447725e+06
11590.300000 1.457812e+06
11565.233333 1.653984e+06
11721.466667 1.546388e+06
11795.500000 1.437904e+06

6887.033333 1.307125e+06
10821.033333 3.452204e+06
12388.433333 1.662346e+06
13081.633333 4.071776e+06
13131.733333 1.781526e+06
13374.166667 1.776367e+06
13401.000000 1.999251e+06
13240.366667 1.746996e+06

7620.766667 1.467549e+06
12344.566667 1.806601e+06
13927.100000 2.212123e+06
14733.033333 2.050507e+06
14929.566667 4.406000e+06
15012.933333 2.047449e+06
14866.333333 2.086035e+06
15172.433333 2.205264e+06

8625.533333 1.535189e+06
13487.566667 1.864278e+06
15593.066667 2.586569e+06
16292.966667 2.306740e+06
16548.466667 5.213910e+06
16594.900000 2.273972e+06
16807.066667 2.282847e+06
16744.400000 2.616525e+06

9572.166667 1.660672e+06
14666.733333 4.304995e+06
17281.300000 2.493457e+06
18089.200000 6.150994e+06
18071.833333 2.564301e+06
18377.433333 2.634912e+06
18458.700000 2.712381e+06
18290.266667 2.595382e+06

10444.700000 2.072633e+06
16061.600000 5.128434e+06
18744.333333 2.739084e+06
19713.800000 6.735339e+06
19787.733333 2.748880e+06
20103.566667 2.789900e+06
19970.000000 3.117525e+06
20111.533333 2.895688e+06

11315.866667 2.518894e+06
17499.600000 2.794132e+06
20394.200000 3.540106e+06
21137.433333 3.059192e+06
21702.800000 7.030046e+06
21594.033333 3.227334e+06
21602.966667 3.170132e+06
21640.366667 4.163182e+06

12060.933333 2.456942e+06
19067.333333 5.443227e+06
21959.066667 3.232987e+06
22695.266667 8.184753e+06
23275.100000 3.546591e+06
23255.500000 3.425231e+06
23394.166667 3.705530e+06
23163.866667 3.410037e+06

12800.700000 2.825268e+06
20441.033333 6.153622e+06
23563.933333 3.586361e+06
24495.266667 9.007272e+06
24743.866667 3.821059e+06
24950.133333 3.835296e+06
24949.700000 3.814576e+06
24968.466667 3.675000e+06

13655.066667 3.132715e+06
21895.633333 5.655359e+06
25045.966667 4.001015e+06
26196.733333 4.140523e+06
26450.100000 4.514118e+06
26575.700000 4.208734e+06
26592.266667 9.889369e+06
26490.133333 3.959646e+06

14540.233333 3.414404e+06
23225.666667 3.633233e+06
26628.733333 4.286110e+06
27857.666667 4.361364e+06
28018.933333 5.372602e+06
28277.033333 4.652313e+06
28298.466667 4.374005e+06
28266.900000 4.711746e+06

15519.833333 3.226534e+06
24432.866667 4.254005e+06
28391.266667 4.385329e+06
29234.000000 8.618996e+06
29813.900000 4.937523e+06
29784.900000 4.721141e+06
29901.733333 6.081075e+06
30153.533333 4.747564e+06

16395.000000 3.811974e+06
25881.133333 4.664625e+06
29850.500000 5.641460e+06
30876.833333 5.162328e+06
31525.433333 1.229414e+07
31667.800000 5.454971e+06
31391.733333 5.001153e+06
31658.933333 5.815246e+06

17355.700000 3.915620e+06
27068.466667 8.341574e+06
31357.566667 5.374018e+06
32647.566667 1.296449e+07
33075.400000 5.888988e+06
33267.500000 9.236659e+06
33310.466667 6.113864e+06
33452.800000 5.568204e+06

18195.566667 4.792916e+06
28566.766667 5.430356e+06
32893.966667 6.360757e+06
34119.366667 5.777171e+06
34937.900000 1.504185e+07
34769.400000 6.131980e+06
34966.100000 6.002544e+06
34978.700000 6.726366e+06

18993.633333 4.811489e+06
30117.900000 5.411680e+06
34387.733333 7.123669e+06
35757.833333 6.324724e+06
36590.133333 8.970149e+06
36512.933333 6.578337e+06
36604.600000 6.131828e+06
36599.800000 6.799282e+06

19970.666667 9.618358e+06
31565.533333 6.092830e+06
35890.333333 1.347752e+07
37383.333333 6.691803e+06
38088.400000 6.739263e+06
37952.833333 6.631188e+06
38483.900000 6.623091e+06
38303.433333 7.515971e+06

20725.033333 5.802015e+06
33081.366667 6.394179e+06
37245.200000 7.115792e+06
39014.266667 7.460054e+06
39897.400000 1.084536e+07
39730.933333 7.800391e+06
40009.400000 7.485507e+06
40016.866667 7.683112e+06

21580.666667 9.328222e+06
34315.400000 7.037833e+06
38887.066667 1.490305e+07
40813.433333 8.108280e+06
41460.900000 1.988081e+07
41537.200000 7.860232e+06
41583.133333 7.797798e+06
41649.533333 7.821895e+06

22461.666667 1.044866e+07
35531.066667 7.283381e+06
40632.633333 1.674638e+07
42486.333333 8.226256e+06
43014.966667 8.087974e+06
43297.233333 8.930313e+06
43013.400000 8.105890e+06
43422.166667 8.802689e+06

23440.100000 6.227220e+06
36844.966667 9.229886e+06
42076.200000 7.969456e+06
44185.666667 1.930510e+07
44372.166667 9.072160e+06
45126.800000 1.009833e+07
44923.200000 9.414398e+06
44974.766667 9.159541e+06

24351.433333 7.882901e+06
38150.333333 8.348700e+06
43714.200000 1.074559e+07
45780.366667 9.312888e+06
46011.700000 2.112161e+07
46802.533333 9.290942e+06
46631.600000 8.895174e+06
46919.633333 1.042246e+07

25397.800000 7.219755e+06
39473.200000 9.659266e+06
45031.866667 9.815812e+06
47599.666667 2.021049e+07
47767.833333 1.019148e+07
48201.700000 1.009109e+07
48349.800000 1.100480e+07
48790.900000 9.906842e+06

26441.033333 8.056078e+06
40565.966667 9.532820e+06
46670.833333 1.054800e+07
49404.733333 1.055969e+07
49439.900000 2.330356e+07
49544.833333 1.016548e+07
50128.433333 1.007757e+07
50456.666667 1.026157e+07

27318.233333 1.016475e+07
41832.100000 9.794876e+06
48321.600000 1.010217e+07
50827.200000 1.048649e+07
51440.833333 1.171669e+07
51359.766667 1.111038e+07
51760.033333 1.045521e+07
51871.033333 1.096902e+07

28180.566667 9.405548e+06
43441.333333 9.762408e+06
49626.633333 1.077007e+07
52301.666667 1.093177e+07
53191.933333 1.245714e+07
53142.833333 1.119699e+07
53662.133333 2.431331e+07
53199.866667 1.154245e+07

28962.200000 1.698038e+07
44985.933333 1.108635e+07
51273.566667 2.407215e+07
53829.100000 1.246145e+07
54728.966667 1.131841e+07
54730.600000 1.206457e+07
55438.566667 1.184772e+07
55009.600000 1.167393e+07

29653.133333 1.019827e+07
46384.600000 1.148897e+07
53035.133333 1.257215e+07
55303.233333 1.177102e+07
56268.833333 2.637446e+07
56624.900000 1.239957e+07
57003.666667 1.158942e+07
56763.033333 1.210435e+07

30565.566667 1.044209e+07
47570.033333 1.147735e+07
54951.266667 1.338080e+07
56895.733333 1.201034e+07
57800.766667 1.402137e+07
58474.066667 1.263936e+07
58435.466667 2.710928e+07
58406.700000 1.335272e+07

31476.500000 1.551653e+07
49026.233333 1.280830e+07
56479.533333 2.608274e+07
58637.033333 1.297898e+07
59456.366667 1.280985e+07
60091.700000 1.327508e+07
59924.200000 1.272518e+07
60207.400000 2.222991e+07

32391.400000 1.113435e+07
50387.633333 1.169602e+07
57952.433333 1.374612e+07
60453.400000 1.387491e+07
61085.866667 2.229982e+07
61726.766667 1.369009e+07
61630.800000 1.370048e+07
62047.800000 1.419774e+07

33322.033333 1.168422e+07
51734.500000 1.264684e+07
59396.200000 1.431904e+07
62197.233333 1.397789e+07
62600.966667 1.437435e+07
63589.166667 1.421482e+07
63259.233333 2.984064e+07
63767.300000 1.423159e+07

34141.000000 1.213432e+07
53075.633333 1.499481e+07
60936.666667 1.502327e+07
63706.733333 2.981895e+07
64284.266667 1.503450e+07
65305.333333 1.441466e+07
65061.533333 1.518835e+07
65495.666667 1.431132e+07

34918.200000 1.271870e+07
54414.166667 1.419238e+07
62809.300000 1.605997e+07
65051.133333 1.534713e+07
66306.633333 3.249127e+07
66673.066667 1.501959e+07
66971.300000 1.458560e+07
66839.833333 1.517977e+07

35745.800000 1.292303e+07
55773.333333 1.589241e+07
64358.900000 1.554214e+07
66923.633333 3.132621e+07
67892.966667 1.535624e+07
68137.633333 1.477840e+07
68772.433333 1.910725e+07
68417.900000 1.576622e+07

36680.200000 1.403376e+07
57128.866667 1.497599e+07
65733.900000 2.035671e+07
68861.533333 1.554990e+07
69496.266667 3.377932e+07
69758.033333 1.551504e+07
70505.633333 1.629477e+07
69856.000000 1.817787e+07

37553.633333 1.491474e+07
58680.900000 1.496966e+07
67248.500000 1.733512e+07
70371.800000 1.560682e+07
71100.800000 3.328366e+07
71445.400000 1.640873e+07
72367.833333 1.567470e+07
71610.966667 1.643450e+07

38377.966667 1.485145e+07
60319.700000 1.611482e+07
68647.833333 1.751674e+07
71808.400000 1.658986e+07
72990.400000 2.573597e+07
73006.766667 1.689189e+07
73958.966667 1.592422e+07
73523.366667 1.739115e+07

39215.433333 1.493383e+07
61800.566667 2.337827e+07
70149.133333 1.677444e+07
73401.033333 3.572055e+07
74672.400000 1.708184e+07
75071.600000 1.750892e+07
75132.966667 1.823596e+07
75488.433333 1.700204e+07

40062.800000 1.782331e+07
63307.633333 1.691258e+07
71448.633333 3.559665e+07
75132.466667 1.753427e+07
76334.733333 1.726759e+07
76954.033333 1.858065e+07
76494.100000 1.854250e+07
77199.400000 2.959244e+07

40969.800000 1.703188e+07
64504.866667 1.676605e+07
73237.333333 1.928323e+07
76746.100000 1.747559e+07
77775.833333 3.793861e+07
78914.266667 1.754224e+07
78127.166667 1.710533e+07
78782.666667 1.908367e+07

41879.566667 2.624912e+07
65845.900000 1.821017e+07
74768.466667 3.664542e+07
78372.566667 1.839467e+07
79559.866667 1.810952e+07
80493.033333 1.889041e+07
79696.466667 1.926868e+07
80448.366667 3.862635e+07

42705.766667 2.774254e+07
67285.233333 1.875453e+07
76412.266667 3.753996e+07
80099.433333 1.880975e+07
81051.600000 1.827275e+07
82146.700000 1.907730e+07
81700.500000 1.787749e+07
81908.966667 3.779039e+07

43572.233333 1.708316e+07
68570.166667 1.795693e+07
78225.900000 2.011717e+07
81646.533333 1.829643e+07
82441.600000 3.905466e+07
83918.966667 1.964105e+07
83524.900000 1.765972e+07
83439.833333 2.025670e+07

44492.800000 1.855873e+07
69881.033333 1.825402e+07
79799.066667 2.001586e+07
83267.100000 1.926748e+07
84256.166667 2.227083e+07
85253.433333 1.938093e+07
85383.900000 4.430500e+07
85127.933333 1.941148e+07

45281.966667 2.932964e+07
71606.233333 1.936954e+07
81119.266667 2.608680e+07
84926.100000 2.098991e+07
86242.333333 1.963586e+07
86665.866667 4.190342e+07
86965.833333 2.077781e+07
86590.900000 1.892067e+07

46020.000000 1.883829e+07
73068.700000 2.635383e+07
82699.100000 2.024419e+07
86594.033333 4.413763e+07
88095.766667 2.015267e+07
88176.866667 2.114659e+07
88400.000000 2.973333e+07
88606.933333 2.120929e+07

46926.533333 3.007666e+07
74437.066667 2.001807e+07
84268.300000 4.162871e+07
88182.433333 2.055385e+07
89732.600000 1.987168e+07
89797.233333 2.117165e+07
90058.866667 2.068751e+07
90459.766667 3.202337e+07

47759.300000 1.995720e+07
75714.066667 2.058133e+07
86039.533333 2.095025e+07
89723.466667 2.070402e+07
91560.800000 2.804479e+07
91495.766667 2.110853e+07
91847.266667 2.159563e+07
92070.600000 2.323660e+07

48774.600000 1.988577e+07
77036.066667 2.146762e+07
87510.866667 2.174810e+07
91375.066667 2.175817e+07
93457.133333 4.447360e+07
93053.800000 2.233100e+07
93422.500000 2.116881e+07
93573.733333 2.293752e+07

49702.000000 1.920080e+07
78462.766667 4.057812e+07
89037.966667 2.203104e+07
92920.833333 2.095818e+07
95091.700000 2.272303e+07
94801.233333 2.081485e+07
94938.866667 2.383423e+07
95271.466667 2.259366e+07

50673.366667 2.174336e+07
79597.166667 2.168463e+07
90731.400000 2.367574e+07
94306.100000 2.232477e+07
96739.866667 5.048542e+07
96579.966667 2.296917e+07
96734.266667 2.253958e+07
97171.400000 2.276867e+07

51649.500000 2.076164e+07
80692.466667 2.370223e+07
92607.400000 2.278849e+07
95840.166667 4.919270e+07
98250.400000 2.358868e+07
98378.266667 2.266615e+07
98273.366667 2.347586e+07
99144.200000 2.296004e+07

52475.500000 2.270546e+07
81957.633333 2.154491e+07
94368.566667 2.471361e+07
97588.133333 2.306463e+07
99634.900000 5.317354e+07
99948.533333 2.489145e+07
100141.100000 2.296421e+07
100784.533333 2.560331e+07

53302.800000 2.233252e+07
83349.100000 2.142787e+07
95951.300000 2.323102e+07
99607.600000 2.293038e+07
100975.066667 2.472193e+07
101614.266667 2.405945e+07
102083.233333 5.206015e+07
102065.333333 2.466762e+07

54053.900000 2.189700e+07
84945.133333 2.225714e+07
97258.166667 2.499953e+07
101467.433333 2.536129e+07
102657.500000 3.809152e+07
103140.966667 2.441170e+07
103753.166667 2.389672e+07
103439.433333 2.517933e+07

55068.966667 2.158102e+07
86315.366667 4.489301e+07
98730.866667 2.766315e+07
103110.300000 5.165930e+07
104284.533333 2.436692e+07
104813.500000 2.502348e+07
105294.800000 2.651369e+07
105233.333333 2.449269e+07

56147.166667 2.645956e+07
87430.733333 2.415281e+07
100310.266667 2.816387e+07
104840.966667 2.544945e+07
106058.933333 5.696887e+07
106323.166667 2.487561e+07
107112.700000 2.409710e+07
106907.533333 2.656714e+07

56929.233333 3.744752e+07
88943.133333 2.590119e+07
101892.666667 5.191494e+07
106548.000000 2.553638e+07
107614.666667 2.514253e+07
107947.600000 2.746304e+07
108961.333333 2.555277e+07
108139.733333 5.507941e+07

57748.333333 3.894889e+07
90371.700000 2.635712e+07
103424.100000 2.522698e+07
108191.166667 2.573110e+07
109148.266667 2.538286e+07
109760.466667 5.556642e+07
110583.966667 2.643053e+07
109731.800000 2.507279e+07

58545.466667 2.470250e+07
91777.333333 4.276862e+07
105035.966667 2.631572e+07
109828.700000 5.794083e+07
110813.500000 2.652444e+07
111409.866667 2.733329e+07
112199.066667 4.753229e+07
111460.500000 2.657288e+07

59707.500000 4.312990e+07
92903.333333 2.512331e+07
106733.833333 2.603029e+07
111458.000000 2.714704e+07
112434.000000 2.753666e+07
113151.133333 5.829198e+07
113686.466667 2.745621e+07
113296.733333 2.626644e+07

60697.500000 2.428045e+07
94150.533333 3.210859e+07
108097.033333 2.717527e+07
113305.333333 5.851254e+07
113957.966667 2.874834e+07
114982.333333 2.625330e+07
115110.366667 3.045879e+07
115421.933333 2.862412e+07

61521.566667 2.488925e+07
95719.966667 2.769001e+07
109366.966667 3.029962e+07
114978.933333 2.826096e+07
115708.600000 6.045745e+07
116756.300000 2.772373e+07
116771.633333 2.868008e+07
117029.033333 2.833669e+07

62271.700000 2.471715e+07
97286.500000 2.743084e+07
110778.166667 2.708398e+07
116622.366667 5.898796e+07
117435.466667 2.884508e+07
118500.533333 2.792925e+07
118491.733333 3.798270e+07
118660.366667 2.847088e+07

63065.400000 2.727476e+07
98611.233333 2.779467e+07
112456.400000 3.027492e+07
118090.566667 2.846287e+07
119245.966667 6.291593e+07
120218.666667 2.990289e+07
119942.366667 2.897703e+07
120455.566667 2.943471e+07

64065.266667 2.743473e+07
99965.133333 2.801380e+07
114143.066667 2.982345e+07
119531.733333 2.966190e+07
120763.233333 6.309466e+07
121914.166667 2.973070e+07
121436.433333 2.905298e+07
122383.033333 2.993193e+07

65066.966667 2.656436e+07
101326.166667 5.360804e+07
115805.700000 2.975093e+07
121086.500000 6.399117e+07
122247.900000 3.195625e+07
123790.366667 2.891153e+07
122897.666667 3.051476e+07
124141.833333 3.053760e+07

65955.666667 2.673808e+07
102697.400000 3.081618e+07
117599.066667 2.954481e+07
122498.600000 6.505315e+07
123981.166667 3.054606e+07
125437.100000 2.936244e+07
124810.266667 3.050074e+07
125445.466667 2.909345e+07

66903.833333 3.022386e+07
104035.933333 3.002225e+07
119180.933333 3.473009e+07
124164.133333 3.206501e+07
125494.733333 6.905909e+07
126963.766667 3.109691e+07
126833.166667 3.046090e+07
126935.066667 6.703090e+07

67736.766667 2.852010e+07
105380.133333 2.942149e+07
120848.766667 3.329636e+07
125664.700000 3.184489e+07
127114.133333 6.771103e+07
128612.133333 3.198163e+07
128553.766667 3.024547e+07
128719.966667 3.228087e+07

68516.266667 2.780256e+07
106907.966667 3.514011e+07
122429.933333 2.999675e+07
127110.966667 6.793460e+07
129059.666667 3.269270e+07
130006.800000 3.195114e+07
130242.600000 3.663538e+07
130380.200000 3.259293e+07

69226.633333 2.854584e+07
108522.966667 3.181936e+07
123990.566667 3.303929e+07
128645.333333 6.836422e+07
131050.800000 3.197707e+07
131537.600000 3.153114e+07
131886.366667 3.543419e+07
132121.133333 3.305473e+07

70156.200000 3.063851e+07
109806.600000 3.034782e+07
125659.700000 3.552313e+07
130199.733333 3.219602e+07
132700.033333 7.170512e+07
133284.900000 3.266918e+07
133568.100000 3.300192e+07
134013.300000 3.364698e+07

71095.866667 3.067527e+07
111184.266667 3.135911e+07
127151.966667 3.402414e+07
131720.766667 3.226891e+07
134316.733333 3.629579e+07
134815.333333 3.386060e+07
135544.366667 7.570520e+07
135655.500000 3.285444e+07

72072.566667 3.055275e+07
112538.866667 3.053951e+07
128696.233333 3.375485e+07
133431.833333 3.276161e+07
136101.500000 3.621505e+07
136169.500000 3.384293e+07
137538.166667 3.339657e+07
137318.633333 3.642704e+07

72860.533333 3.075415e+07
113928.066667 3.237299e+07
130384.633333 3.347176e+07
135075.900000 3.492915e+07
137761.200000 3.909842e+07
137716.400000 3.477519e+07
139130.900000 7.539440e+07
139157.066667 3.574734e+07

73671.366667 3.088000e+07
115417.366667 3.404068e+07
131877.166667 3.417976e+07
136764.700000 3.354543e+07
139494.633333 7.434795e+07
139392.300000 3.533874e+07
140527.366667 3.426174e+07
140923.366667 3.383354e+07

74515.633333 3.123232e+07
116784.033333 3.637017e+07
133339.433333 3.520392e+07
138456.900000 7.266190e+07
141208.633333 3.552202e+07
141261.166667 3.497145e+07
142003.733333 3.858822e+07
142571.066667 3.569899e+07

75427.900000 3.345846e+07
118015.166667 3.507094e+07
135238.133333 3.575408e+07
139783.600000 3.497564e+07
142833.300000 7.822300e+07
143202.000000 3.694785e+07
143455.733333 3.419705e+07
144218.266667 3.822182e+07

76214.966667 3.136225e+07
119313.933333 3.789183e+07
136892.900000 3.703626e+07
141506.833333 7.584058e+07
144347.166667 3.656183e+07
145171.766667 3.539292e+07
144895.000000 3.831294e+07
145997.066667 3.788158e+07

77159.733333 3.287402e+07
120465.300000 3.585315e+07
138472.000000 3.680975e+07
143317.500000 3.787487e+07
145835.833333 8.088592e+07
146986.100000 3.661326e+07
146592.800000 3.581379e+07
147727.433333 8.204852e+07

77960.366667 3.503929e+07
121974.266667 3.440826e+07
140023.133333 3.874488e+07
144807.966667 3.725291e+07
147666.033333 7.965832e+07
148565.266667 3.796837e+07
148626.866667 3.654116e+07
149337.633333 3.873593e+07

78934.666667 5.508609e+07
123269.633333 3.644236e+07
141604.566667 7.655305e+07
146296.400000 3.761990e+07
149541.266667 3.703881e+07
150035.100000 3.944082e+07
150658.633333 3.803404e+07
150641.500000 3.607752e+07

80006.633333 3.436917e+07
124428.966667 3.606223e+07
143024.600000 4.038898e+07
148076.266667 3.751874e+07
151250.533333 8.403631e+07
151723.266667 4.009219e+07
152252.966667 3.709636e+07
152362.066667 4.079928e+07

80932.133333 3.553315e+07
125932.966667 3.556594e+07
144336.600000 3.941392e+07
149912.366667 3.878041e+07
152737.833333 8.300824e+07
153397.266667 3.871024e+07
153874.700000 3.819264e+07
154100.233333 4.032572e+07

81704.033333 3.523495e+07
127477.933333 3.751620e+07
145801.366667 3.839012e+07
151709.933333 3.827081e+07
154145.666667 4.169286e+07
155327.566667 3.912229e+07
155546.466667 8.550433e+07
155773.333333 3.949336e+07

82560.733333 5.740828e+07
128876.666667 3.762474e+07
147393.400000 8.090675e+07
153567.166667 3.966392e+07
155419.833333 3.853773e+07
157003.333333 4.043266e+07
157322.366667 3.879450e+07
157433.766667 8.490450e+07

83515.900000 3.487174e+07
130278.733333 4.096907e+07
148855.733333 3.899374e+07
155303.200000 8.571117e+07
156786.833333 4.010269e+07
158740.333333 3.928516e+07
159027.500000 3.999700e+07
158880.866667 4.003399e+07

84413.533333 3.775755e+07
131804.100000 3.959367e+07
150261.600000 4.109905e+07
157054.833333 4.023538e+07
158333.433333 8.967556e+07
160240.900000 4.002388e+07
160784.266667 4.005794e+07
160502.366667 5.120118e+07

85315.333333 3.645854e+07
133300.033333 3.889727e+07
151750.700000 4.065112e+07
158873.500000 4.083412e+07
159905.666667 8.353520e+07
161734.733333 4.133423e+07
162784.766667 3.983284e+07
162042.233333 4.137097e+07

86166.233333 3.628174e+07
134869.766667 3.943039e+07
153149.900000 4.308669e+07
160524.800000 4.018571e+07
161835.833333 9.029203e+07
163211.400000 4.238399e+07
164518.133333 4.102670e+07
163667.033333 4.244099e+07

87263.700000 3.667189e+07
136015.366667 4.226889e+07
154579.266667 3.987239e+07
162033.766667 9.049816e+07
163647.533333 4.193124e+07
164723.500000 4.092727e+07
166334.266667 4.341174e+07
165371.733333 4.244022e+07

88211.133333 3.980738e+07
137441.933333 3.978761e+07
156176.666667 4.316607e+07
163662.866667 4.174579e+07
165558.800000 9.557067e+07
166391.000000 4.275668e+07
167829.500000 4.195705e+07
166985.600000 4.403774e+07

