830.562500 6.393616e+05
1395.187500 1.697619e+05
1596.062500 1.142307e+05
1734.156250 1.267108e+05
1701.406250 1.239549e+05
1718.687500 1.312156e+05
1721.718750 1.302714e+05
1680.125000 1.336254e+05

1728.218750 2.718734e+05
2788.968750 3.072388e+05
3211.531250 2.398332e+05
3388.593750 2.350298e+05
3393.500000 2.427753e+05
3447.343750 2.401442e+05
3474.187500 2.761216e+05
3472.718750 2.866814e+05

2621.156250 4.038357e+05
4203.187500 4.856820e+05
4895.375000 4.462162e+05
4979.500000 4.336738e+05
5131.750000 4.970332e+05
5226.937500 4.858585e+05
5234.406250 4.372992e+05
5198.656250 4.553565e+05

3560.531250 5.399735e+05
5585.468750 5.673928e+05
6426.968750 5.922741e+05
6751.937500 6.381249e+05
6889.468750 7.064590e+05
6974.250000 6.595125e+05
6903.437500 6.226214e+05
6887.250000 6.458656e+05

4519.843750 6.832028e+05
6949.656250 7.241282e+05
7978.062500 8.306652e+05
8551.000000 8.475902e+05
8608.718750 8.860137e+05
8653.250000 8.850736e+05
8655.656250 8.465374e+05
8554.656250 8.578350e+05

5410.125000 1.273043e+06
8392.750000 3.618378e+06
9682.781250 1.140837e+06
10140.000000 3.323329e+06
10302.593750 1.215652e+06
10365.437500 1.265799e+06
10325.687500 1.453206e+06
10412.000000 1.058464e+06

6249.000000 1.086454e+06
9736.218750 2.615382e+06
11569.625000 1.148844e+06
11736.531250 1.314823e+06
12009.312500 1.422273e+06
12017.125000 1.308376e+06
12193.125000 1.741496e+06
12252.906250 1.261609e+06

7153.250000 1.292808e+06
11238.281250 4.753667e+06
12896.125000 1.471574e+06
13628.718750 3.799682e+06
13679.000000 1.552972e+06
13917.531250 1.681496e+06
13912.687500 1.803377e+06
13768.281250 1.579836e+06

7924.843750 1.470071e+06
12810.750000 1.678392e+06
14475.406250 2.207740e+06
15368.187500 2.033171e+06
15529.593750 4.391376e+06
15575.562500 1.777616e+06
15441.250000 4.992600e+06
15732.031250 2.021498e+06

8970.218750 3.466192e+06
14009.750000 1.796854e+06
16227.531250 4.334720e+06
16946.687500 2.124733e+06
17229.781250 2.228437e+06
17197.250000 2.401443e+06
17499.562500 2.281838e+06
17412.656250 3.257876e+06

9942.531250 1.827585e+06
15260.531250 4.277168e+06
17963.406250 2.351236e+06
18848.093750 5.908144e+06
18791.937500 2.696595e+06
19096.468750 2.522984e+06
19155.875000 2.594794e+06
18930.750000 2.432037e+06

10856.312500 2.009023e+06
16672.937500 2.429728e+06
19543.437500 3.011014e+06
20472.312500 2.757067e+06
20591.843750 6.093561e+06
20862.718750 2.966038e+06
20695.312500 3.450823e+06
20866.281250 2.898898e+06

11756.281250 4.628972e+06
18190.843750 2.547637e+06
21179.437500 5.587229e+06
21991.062500 2.902050e+06
22572.500000 3.019090e+06
22443.062500 3.406036e+06
22429.562500 2.916531e+06
22431.281250 4.777072e+06

12542.031250 2.779351e+06
19825.906250 2.986768e+06
22840.750000 3.086344e+06
23633.468750 3.315152e+06
24192.625000 4.695971e+06
24113.906250 3.628302e+06
24247.968750 8.674099e+06
24073.218750 3.266338e+06

13311.156250 4.868950e+06
21251.125000 3.352341e+06
24523.375000 7.796988e+06
25486.781250 3.796217e+06
25789.187500 3.828268e+06
25854.875000 4.283530e+06
25939.375000 3.904675e+06
25942.125000 4.336779e+06

14184.031250 2.762536e+06
22760.062500 4.558840e+06
26035.156250 3.990969e+06
27270.843750 8.915314e+06
27482.687500 4.087425e+06
27601.406250 1.037101e+07
27600.250000 3.972960e+06
27570.625000 4.135950e+06

15126.593750 3.275954e+06
24143.781250 4.738215e+06
27739.500000 4.316422e+06
28986.000000 1.080727e+07
29070.625000 4.573415e+06
29379.781250 1.107637e+07
29393.031250 4.378255e+06
29410.687500 4.381795e+06

16137.750000 3.754276e+06
25437.843750 7.684606e+06
29495.250000 5.330125e+06
30447.125000 1.197294e+07
30970.625000 5.067461e+06
30958.812500 4.953219e+06
31081.687500 5.018157e+06
31321.625000 4.879099e+06

17066.750000 4.049596e+06
26931.750000 4.936061e+06
31037.656250 5.969377e+06
32124.875000 5.205557e+06
32726.656250 1.324955e+07
32888.968750 5.648083e+06
32629.781250 5.287899e+06
32855.937500 5.446401e+06

18044.093750 4.210391e+06
28186.375000 5.937931e+06
32590.906250 5.928024e+06
33969.437500 1.342710e+07
34297.500000 6.015457e+06
34562.937500 1.462172e+07
34651.562500 6.332393e+06
34749.843750 5.854449e+06

18942.468750 4.929332e+06
29700.843750 1.351085e+07
34223.687500 5.858213e+06
35454.843750 1.485776e+07
36176.312500 5.988916e+06
36222.500000 6.050357e+06
36273.156250 6.072359e+06
36314.406250 6.120735e+06

19765.093750 5.907535e+06
31333.468750 1.466810e+07
35809.312500 6.557472e+06
37223.312500 6.548538e+06
37872.812500 7.258279e+06
37993.531250 6.764490e+06
38033.281250 1.291913e+07
37994.218750 6.720613e+06

20765.156250 1.105696e+07
32824.968750 7.548531e+06
37357.718750 6.849952e+06
38864.093750 1.051968e+07
39522.593750 6.952409e+06
39500.625000 7.333339e+06
39965.406250 7.954552e+06
39776.718750 7.257100e+06

21543.906250 6.413064e+06
34400.281250 7.153637e+06
38800.218750 8.540013e+06
40496.343750 7.755112e+06
41417.843750 1.799124e+07
41309.718750 8.181914e+06
41508.843750 1.154063e+07
41546.250000 8.343187e+06

22439.531250 6.536327e+06
35724.656250 7.104344e+06
40449.281250 8.594874e+06
42426.250000 8.095149e+06
43042.156250 1.854149e+07
43164.625000 8.185695e+06
43228.093750 8.026755e+06
43259.343750 9.049769e+06

23364.906250 6.902067e+06
36976.875000 9.712388e+06
42246.500000 8.660300e+06
44142.968750 1.829911e+07
44668.062500 8.838375e+06
44955.031250 2.042891e+07
44753.875000 9.465539e+06
45052.968750 9.159856e+06

24376.031250 7.998587e+06
38289.906250 1.686052e+07
43814.843750 8.783130e+06
45864.718750 8.746693e+06
46103.562500 9.569546e+06
46898.125000 9.269467e+06
46645.375000 9.403814e+06
46695.312500 9.233421e+06

25322.062500 8.866890e+06
39698.718750 9.172214e+06
45447.812500 9.836258e+06
47610.156250 9.965722e+06
47827.968750 2.169572e+07
48643.437500 9.973265e+06
48464.031250 2.248412e+07
48732.062500 9.804338e+06

26420.312500 1.268329e+07
41087.281250 1.011597e+07
46846.468750 2.064165e+07
49454.187500 1.015820e+07
49633.093750 1.011678e+07
49999.406250 1.144233e+07
50275.218750 1.000889e+07
50635.375000 1.479775e+07

27502.968750 9.402160e+06
42163.625000 2.027445e+07
48565.000000 1.052364e+07
51299.156250 1.074207e+07
51397.593750 1.193005e+07
51483.156250 1.046227e+07
52107.031250 1.648256e+07
52459.937500 1.103063e+07

28400.812500 1.834712e+07
43526.468750 1.116724e+07
50240.218750 1.134940e+07
52793.562500 2.016050e+07
53445.718750 1.102048e+07
53429.406250 1.097107e+07
53724.718750 1.363155e+07
53902.281250 1.157468e+07

29290.156250 1.066283e+07
45203.000000 1.144450e+07
51622.687500 1.283236e+07
54415.531250 1.198950e+07
55257.156250 2.521127e+07
55226.875000 1.207067e+07
55692.750000 1.531501e+07
55302.875000 1.354273e+07

30152.843750 1.130812e+07
46763.906250 2.325200e+07
53362.250000 1.174504e+07
55887.000000 1.228573e+07
56901.593750 1.249807e+07
56880.531250 1.238581e+07
57541.968750 2.653397e+07
57234.281250 1.242517e+07

30833.937500 1.119172e+07
48304.968750 1.201400e+07
55133.281250 1.375453e+07
57430.062500 1.289697e+07
58471.531250 2.712554e+07
58832.156250 1.322395e+07
59182.093750 1.228915e+07
59018.562500 1.290411e+07

31807.125000 1.143390e+07
49481.406250 1.226427e+07
57143.718750 1.412678e+07
59133.812500 1.318996e+07
60048.843750 2.017164e+07
60796.875000 1.312271e+07
60631.406250 1.296145e+07
60770.000000 1.423000e+07

32727.625000 1.234608e+07
51039.468750 1.286320e+07
58671.968750 1.434664e+07
60955.437500 1.327968e+07
61882.156250 1.652571e+07
62374.437500 1.351832e+07
62233.062500 2.902930e+07
62654.875000 1.450702e+07

33675.843750 1.261605e+07
52414.750000 1.368374e+07
60257.062500 1.442794e+07
62777.562500 2.492062e+07
63490.093750 1.438347e+07
64082.000000 3.169328e+07
64073.187500 1.471219e+07
64566.812500 1.408007e+07

34672.906250 1.334744e+07
53799.812500 1.396711e+07
61657.218750 1.628198e+07
64657.000000 1.500081e+07
65098.000000 3.105020e+07
66047.875000 1.481258e+07
65810.750000 1.442880e+07
66352.375000 1.498257e+07

35542.593750 1.333460e+07
55205.062500 1.519157e+07
63368.125000 1.506495e+07
66210.875000 3.218816e+07
66742.968750 1.493759e+07
67845.343750 3.394511e+07
67586.000000 1.601567e+07
68212.843750 1.478402e+07

36337.375000 1.413360e+07
56615.968750 1.838798e+07
65275.781250 1.493754e+07
67611.562500 3.258590e+07
68810.781250 1.601973e+07
69271.437500 3.424586e+07
69608.250000 1.633016e+07
69522.093750 1.569591e+07

37193.125000 1.477290e+07
58043.406250 1.581556e+07
66919.187500 1.725877e+07
69565.843750 1.669061e+07
70602.687500 3.374597e+07
70674.781250 1.649408e+07
71515.125000 1.620161e+07
71107.281250 1.667202e+07

38153.500000 1.467123e+07
59439.562500 1.698810e+07
68374.781250 1.659237e+07
71581.750000 3.408925e+07
72249.437500 1.753119e+07
72404.343750 1.648677e+07
73342.000000 1.881232e+07
72663.781250 1.650415e+07

39111.031250 1.592688e+07
61015.875000 1.683591e+07
69847.750000 1.809755e+07
73153.187500 1.768214e+07
73954.812500 3.625753e+07
74158.406250 1.727245e+07
75290.125000 1.671517e+07
74343.937500 1.762024e+07

39873.312500 1.567205e+07
62759.687500 2.173579e+07
71351.687500 1.763730e+07
74655.593750 3.614530e+07
75825.468750 1.729344e+07
75864.875000 1.715742e+07
76945.218750 1.761126e+07
76369.562500 1.741822e+07

40757.500000 1.747726e+07
64367.156250 1.777311e+07
72907.437500 1.788561e+07
76258.312500 1.788664e+07
77601.281250 3.844561e+07
77970.656250 1.782858e+07
78213.031250 1.739868e+07
78436.218750 1.767392e+07

41688.500000 1.780376e+07
65839.000000 1.753698e+07
74339.968750 1.867855e+07
78041.843750 1.842526e+07
79340.968750 1.966496e+07
80040.437500 1.829903e+07
79581.875000 3.904865e+07
80214.031250 1.870077e+07

42631.093750 1.699757e+07
67076.718750 1.789519e+07
76103.187500 1.941613e+07
79788.750000 1.901385e+07
80854.062500 2.121418e+07
81925.625000 1.922392e+07
81270.531250 4.031634e+07
81873.812500 1.851314e+07

43549.281250 1.694284e+07
68497.093750 3.306816e+07
77779.125000 1.930682e+07
81437.593750 4.099456e+07
82745.031250 1.915825e+07
83703.625000 1.932802e+07
82888.781250 1.947171e+07
83580.562500 1.886297e+07

44421.843750 3.035064e+07
70058.062500 1.976432e+07
79439.468750 1.828780e+07
83201.625000 1.928614e+07
84140.875000 1.941876e+07
85477.437500 4.204877e+07
84840.687500 1.980968e+07
85270.156250 1.838090e+07

45329.187500 1.835082e+07
71344.468750 3.316151e+07
81321.875000 2.060845e+07
84903.781250 4.414263e+07
85614.906250 1.990951e+07
87315.593750 2.020670e+07
86876.937500 2.824203e+07
86814.000000 2.046560e+07

46299.687500 1.842600e+07
72743.687500 3.617069e+07
82971.906250 1.990408e+07
86542.218750 1.988681e+07
87561.500000 2.208290e+07
88656.250000 1.969153e+07
88708.343750 2.100709e+07
88548.812500 2.006097e+07

47102.375000 1.951833e+07
74484.156250 2.152496e+07
84332.562500 2.087230e+07
88247.593750 2.084971e+07
89516.687500 4.557865e+07
90185.812500 2.116083e+07
90415.906250 2.097949e+07
90072.937500 2.417677e+07

47846.718750 3.021080e+07
76022.031250 2.047485e+07
85925.968750 4.340085e+07
89917.750000 2.111345e+07
91560.187500 2.091435e+07
91672.187500 2.121115e+07
91893.250000 2.166475e+07
92090.906250 4.636073e+07

48822.718750 3.009838e+07
77410.125000 2.131458e+07
87592.968750 4.408680e+07
91651.843750 2.155005e+07
93185.468750 2.103311e+07
93409.000000 2.243334e+07
93571.812500 2.099829e+07
94036.593750 4.552755e+07

49710.375000 2.174112e+07
78738.718750 2.161908e+07
89469.125000 2.290475e+07
93227.406250 2.267177e+07
95098.937500 3.276969e+07
95102.843750 2.246179e+07
95489.437500 5.010014e+07
95704.875000 2.336991e+07

50754.625000 3.305553e+07
80135.656250 2.353781e+07
90969.000000 2.168319e+07
94891.906250 2.278531e+07
97135.625000 2.265783e+07
96721.593750 4.691592e+07
97113.750000 2.345942e+07
97400.406250 2.253999e+07

51687.218750 2.078750e+07
81635.281250 3.985419e+07
92540.187500 2.245038e+07
96571.281250 5.062484e+07
98799.593750 2.338821e+07
98552.750000 2.254342e+07
98718.187500 2.725312e+07
99001.218750 2.356421e+07

52736.718750 2.241269e+07
82792.781250 2.330093e+07
94321.718750 2.438271e+07
98004.312500 2.484233e+07
100533.531250 5.240533e+07
100349.031250 2.451242e+07
100546.687500 2.347471e+07
101079.218750 2.507705e+07

53699.062500 2.216615e+07
83952.562500 2.600454e+07
96220.593750 2.424362e+07
99691.031250 5.374970e+07
102089.375000 2.494738e+07
102242.812500 2.417898e+07
102137.437500 2.520006e+07
103188.343750 2.441866e+07

54598.781250 2.377015e+07
85132.875000 2.470825e+07
98154.500000 3.057289e+07
101466.312500 2.489299e+07
103612.125000 5.753980e+07
103832.687500 2.540485e+07
104130.031250 2.595012e+07
104830.250000 2.788347e+07

55456.000000 2.327629e+07
86693.343750 2.423892e+07
99658.562500 2.639338e+07
103532.062500 2.635603e+07
104975.875000 3.302152e+07
105563.218750 2.611193e+07
106102.656250 5.758193e+07
106098.125000 2.557086e+07

56223.093750 2.798381e+07
88375.906250 2.565668e+07
101098.125000 2.506212e+07
105446.781250 5.271275e+07
106691.656250 2.577701e+07
107256.875000 5.823908e+07
107908.250000 2.597357e+07
107630.250000 2.550017e+07

57260.125000 2.563572e+07
89744.812500 2.610797e+07
102628.250000 2.798882e+07
107177.718750 2.771470e+07
108452.375000 5.879197e+07
109007.218750 2.644780e+07
109455.593750 2.564772e+07
109482.812500 2.627448e+07

58364.875000 2.516298e+07
90935.812500 2.507126e+07
104346.906250 2.791442e+07
108852.718750 2.591089e+07
110223.031250 2.935521e+07
110462.843750 2.803022e+07
111343.468750 6.106291e+07
111209.437500 2.756669e+07

59223.437500 3.921991e+07
92475.750000 2.700051e+07
105928.406250 5.634777e+07
110710.937500 2.691200e+07
111873.093750 2.716498e+07
112195.375000 2.846132e+07
113290.468750 2.692968e+07
112564.343750 5.845489e+07

60097.343750 2.616915e+07
94023.437500 2.944308e+07
107471.906250 2.846461e+07
112401.406250 2.768274e+07
113530.156250 5.948331e+07
114153.250000 2.833393e+07
114961.812500 2.820016e+07
114152.687500 2.733452e+07

60899.125000 2.515576e+07
95456.687500 5.344154e+07
109137.750000 2.784172e+07
114146.562500 2.772384e+07
115327.906250 2.861614e+07
115762.343750 2.914675e+07
116640.375000 6.239062e+07
115934.687500 2.953011e+07

62120.968750 2.588087e+07
96603.031250 2.598614e+07
110919.218750 2.774100e+07
115796.937500 2.863789e+07
116919.343750 6.228644e+07
117586.375000 2.904120e+07
118264.437500 2.790449e+07
117905.843750 2.926462e+07

63162.906250 2.585632e+07
97918.656250 2.936371e+07
112387.468750 2.878538e+07
117627.531250 6.421321e+07
118505.156250 2.892491e+07
119543.531250 2.946002e+07
119776.437500 3.025207e+07
120126.281250 3.029437e+07

63988.468750 2.717312e+07
99550.031250 2.894565e+07
113657.312500 3.071560e+07
119539.875000 3.024128e+07
120310.218750 6.702992e+07
121437.343750 3.045074e+07
121385.562500 2.987816e+07
121778.437500 3.207235e+07

64784.937500 2.574536e+07
101119.656250 5.599180e+07
115241.312500 3.026538e+07
121150.468750 6.670568e+07
122078.812500 2.952106e+07
123232.031250 2.938772e+07
123076.250000 3.103073e+07
123447.093750 3.008250e+07

65620.062500 4.912144e+07
102581.875000 3.078852e+07
116911.625000 3.166069e+07
122753.812500 3.497153e+07
123957.375000 3.149821e+07
125036.343750 6.854758e+07
124721.093750 3.197595e+07
125332.343750 3.055643e+07

66617.406250 2.888465e+07
104018.843750 4.274097e+07
118699.000000 3.256249e+07
124202.437500 3.085549e+07
125562.468750 5.155477e+07
126734.062500 3.194583e+07
126327.750000 3.065553e+07
127229.656250 3.524491e+07

67672.375000 4.698128e+07
105412.625000 3.113012e+07
120453.218750 3.090958e+07
125718.250000 3.195319e+07
127140.406250 3.208460e+07
128776.781250 7.174832e+07
127941.031250 3.332984e+07
129072.781250 3.028532e+07

68600.375000 2.938243e+07
106784.937500 5.914296e+07
122245.437500 3.232820e+07
127366.750000 7.071519e+07
128827.156250 3.277262e+07
130409.375000 3.203434e+07
129777.812500 3.260298e+07
130515.312500 3.346032e+07

69589.968750 3.275404e+07
108201.281250 3.234184e+07
123852.812500 3.407288e+07
129013.031250 3.352147e+07
130535.062500 7.346398e+07
131976.906250 3.335533e+07
131957.593750 3.270600e+07
132094.312500 3.373642e+07

70434.500000 2.914019e+07
109644.968750 4.179928e+07
125634.656250 3.314703e+07
130602.937500 3.225968e+07
132120.187500 4.146149e+07
133756.781250 3.505716e+07
133817.375000 7.779857e+07
133895.375000 3.405185e+07

71273.406250 5.018948e+07
111139.781250 3.363166e+07
127372.562500 3.260933e+07
132100.843750 3.471969e+07
134163.500000 3.359925e+07
135320.250000 7.529986e+07
135547.531250 3.540768e+07
135660.218750 3.425429e+07

71993.687500 3.045870e+07
112860.531250 3.245412e+07
128948.812500 3.470269e+07
133687.687500 3.570289e+07
136286.343750 7.647174e+07
136855.968750 3.419988e+07
137166.906250 3.451404e+07
137454.968750 3.485203e+07

73000.187500 3.062786e+07
114202.937500 5.487592e+07
130554.156250 3.567342e+07
135308.437500 7.617581e+07
138019.031250 3.531577e+07
138549.000000 3.427306e+07
138985.718750 7.770691e+07
139341.281250 3.621507e+07

73926.468750 3.207832e+07
115693.625000 6.158866e+07
132175.375000 3.506427e+07
136950.531250 3.514522e+07
139689.687500 3.774520e+07
140197.500000 3.529367e+07
141085.812500 3.673511e+07
140982.531250 3.471776e+07

74956.656250 3.222528e+07
117086.593750 3.429180e+07
133810.312500 3.561096e+07
138693.875000 3.594353e+07
141340.062500 8.133745e+07
141670.906250 3.705264e+07
143081.250000 3.650057e+07
142705.781250 4.356996e+07

75824.531250 3.288883e+07
118550.156250 7.021198e+07
135419.781250 3.632565e+07
140484.093750 3.579352e+07
143195.750000 5.106270e+07
143128.968750 3.752943e+07
144769.687500 3.611575e+07
144721.125000 3.860610e+07

76674.156250 5.444498e+07
119981.750000 3.576141e+07
137086.937500 7.699381e+07
142206.687500 3.717429e+07
144868.562500 3.675136e+07
144938.062500 4.473840e+07
146210.375000 3.760633e+07
146612.593750 3.699033e+07

77502.625000 3.311710e+07
121559.531250 3.546111e+07
138588.437500 3.909182e+07
143859.968750 3.824548e+07
146700.906250 8.477542e+07
146954.625000 3.771999e+07
147767.281250 3.778700e+07
148245.406250 8.307748e+07

78455.656250 3.539917e+07
122751.000000 3.697362e+07
140522.562500 3.833315e+07
145393.031250 3.742637e+07
148546.843750 8.072893e+07
148960.031250 3.920235e+07
149277.812500 8.826069e+07
149945.406250 3.866407e+07

79267.468750 3.520492e+07
124097.156250 3.693237e+07
142187.812500 3.897553e+07
147279.187500 3.797098e+07
149990.531250 4.096298e+07
151073.875000 4.010606e+07
150708.031250 3.820696e+07
151859.937500 4.000642e+07

80216.687500 5.743127e+07
125325.281250 3.807241e+07
143910.125000 3.778785e+07
149092.375000 3.909144e+07
151566.312500 3.919713e+07
152880.875000 8.992101e+07
152524.093750 4.061102e+07
153664.687500 3.873084e+07

81120.812500 3.560165e+07
126770.281250 5.108789e+07
145639.031250 4.211319e+07
150509.031250 3.879904e+07
153468.781250 8.968797e+07
154571.187500 4.106449e+07
154563.250000 4.015531e+07
155297.468750 4.653817e+07

82145.875000 3.524253e+07
128179.718750 7.328715e+07
147202.437500 3.974213e+07
152059.093750 8.968940e+07
155512.000000 4.121794e+07
156087.562500 3.866970e+07
156646.687500 4.258140e+07
156709.218750 4.072115e+07

83267.812500 4.089185e+07
129404.812500 4.165283e+07
148734.718750 4.404408e+07
153821.750000 4.074997e+07
157232.250000 9.601507e+07
157852.156250 4.114041e+07
158296.281250 4.152479e+07
158426.687500 6.965174e+07

84189.250000 3.694392e+07
130959.500000 3.768587e+07
150105.843750 4.180597e+07
155919.250000 3.999284e+07
158804.937500 9.085930e+07
159591.000000 4.157970e+07
159988.500000 3.995076e+07
160256.968750 4.200468e+07

85000.500000 6.142784e+07
132651.812500 4.040806e+07
151615.687500 8.430500e+07
157671.000000 4.139740e+07
160262.406250 4.207047e+07
161468.062500 4.504095e+07
161694.000000 4.324193e+07
161938.718750 9.499957e+07

85903.500000 3.821081e+07
134045.406250 7.090834e+07
153189.437500 4.221818e+07
159523.937500 9.521162e+07
161652.531250 4.252770e+07
163176.937500 4.265720e+07
163583.500000 8.708535e+07
163646.125000 4.332948e+07

86882.593750 3.652085e+07
135503.875000 4.333627e+07
154821.250000 4.227776e+07
161441.281250 9.525036e+07
162993.656250 4.271917e+07
164999.625000 4.314561e+07
165429.875000 4.529060e+07
165229.000000 4.374302e+07

87852.531250 3.937427e+07
137017.375000 4.168762e+07
156275.281250 4.362864e+07
163268.843750 4.485021e+07
164670.312500 9.990284e+07
166778.218750 4.359797e+07
167234.875000 4.381690e+07
166847.843750 4.522066e+07

88737.906250 6.470381e+07
138653.593750 4.273647e+07
157796.718750 4.240319e+07
165089.750000 4.526144e+07
166305.968750 4.436984e+07
168218.656250 9.894634e+07
169251.906250 4.759505e+07
168417.718750 4.351434e+07

89643.062500 4.071047e+07
140271.906250 4.264321e+07
159194.093750 4.618316e+07
166793.156250 4.658165e+07
168194.187500 1.025960e+08
169852.687500 4.456614e+07
171167.500000 4.397144e+07
170087.593750 4.613327e+07

90733.500000 6.536901e+07
141522.843750 4.396011e+07
160726.812500 4.223782e+07
168497.093750 4.473768e+07
170201.343750 4.375964e+07
171411.718750 1.004881e+08
173024.531250 4.701455e+07
171882.093750 4.371218e+07

91741.593750 4.022143e+07
142991.500000 8.446334e+07
162381.437500 4.448859e+07
170064.187500 1.033190e+08
172152.000000 4.579128e+07
173099.312500 4.462227e+07
174569.250000 1.030722e+08
173632.250000 4.597529e+07

