823.787879 1.573440e+05
1379.878788 1.632336e+05
1578.424242 1.620207e+05
1700.424242 1.099365e+05
1682.303030 1.052538e+05
1674.333333 1.679622e+05
1705.939394 1.282518e+05
1671.939394 9.181910e+07

1711.090909 2.399227e+05
2752.151515 7.678901e+05
3167.878788 3.326000e+05
3338.545455 7.780447e+05
3385.757576 4.443111e+05
3377.151515 3.130579e+05
3416.575758 4.969862e+05
3408.787879 2.829132e+05

2593.363636 4.173005e+05
4143.393939 1.459203e+06
4821.060606 4.318903e+05
4909.909091 1.519500e+06
5044.030303 4.831240e+05
5148.545455 4.998351e+05
5133.060606 6.695974e+05
5145.848485 4.659637e+05

3516.212121 5.788632e+05
5503.363636 1.852095e+06
6335.818182 5.770726e+05
6684.969697 1.874110e+06
6767.818182 6.347749e+05
6898.727273 2.085735e+06
6785.545455 6.217662e+05
6857.909091 6.618523e+05

4455.696970 1.829927e+06
6858.000000 7.561208e+05
7876.060606 1.302966e+06
8436.333333 8.392456e+05
8478.757576 2.086662e+06
8549.878788 7.657179e+05
8562.515152 8.453691e+05
8459.939394 1.219362e+06

5331.000000 1.898858e+06
8296.363636 9.579904e+05
9542.515152 2.740335e+06
9991.151515 1.014053e+06
10168.666667 1.005793e+06
10274.606061 1.415274e+06
10214.151515 1.075648e+06
10302.363636 2.832979e+06

6166.939394 9.997444e+05
9603.606061 2.110030e+06
11404.393939 1.251507e+06
11572.454545 1.204567e+06
11911.727273 1.583336e+06
11905.696970 1.215392e+06
12064.424242 3.702694e+06
12125.030303 1.339759e+06

7066.696970 1.354093e+06
11094.030303 1.717918e+06
12740.939394 1.319033e+06
13454.030303 4.047141e+06
13528.060606 1.487741e+06
13768.151515 4.046428e+06
13773.303030 1.395556e+06
13599.272727 1.519694e+06

7819.212121 4.010237e+06
12683.575758 1.611626e+06
14275.151515 2.220667e+06
15188.090909 1.622440e+06
15357.212121 2.437512e+06
15441.393939 1.560536e+06
15277.969697 4.740723e+06
15561.303030 1.558306e+06

8856.303030 3.101341e+06
13834.424242 1.656500e+06
16014.606061 4.518826e+06
16754.060606 1.863230e+06
17033.636364 4.113816e+06
17043.060606 1.912292e+06
17274.000000 1.975850e+06
17152.969697 2.296567e+06

9819.969697 1.795214e+06
15060.878788 1.953009e+06
17730.000000 2.532448e+06
18629.424242 2.162936e+06
18552.787879 5.470417e+06
18877.333333 2.103950e+06
18917.181818 2.165964e+06
18720.363636 2.558321e+06

10742.454545 1.960756e+06
16468.030303 2.182631e+06
19264.333333 2.731985e+06
20245.151515 2.296492e+06
20386.696970 5.328388e+06
20620.909091 2.306715e+06
20447.969697 2.381024e+06
20609.090909 3.368757e+06

11614.545455 2.470793e+06
17993.060606 4.276566e+06
20917.878788 2.555580e+06
21737.151515 2.579168e+06
22299.272727 3.108725e+06
22154.787879 2.538617e+06
22165.303030 5.839102e+06
22156.696970 2.574136e+06

12390.909091 4.876270e+06
19614.878788 2.628248e+06
22534.939394 6.925161e+06
23369.272727 2.734430e+06
23914.151515 2.794238e+06
23848.787879 3.542446e+06
24013.484848 2.904819e+06
23778.515152 3.342021e+06

13142.666667 2.521668e+06
21016.545455 4.551899e+06
24220.757576 3.203884e+06
25203.969697 8.800528e+06
25438.757576 3.450662e+06
25573.151515 9.061880e+06
25598.878788 3.219311e+06
25661.454545 3.339795e+06

14029.515152 2.799755e+06
22456.878788 4.563719e+06
25711.636364 3.580358e+06
26966.242424 9.326569e+06
27191.090909 3.776215e+06
27233.393939 1.065968e+07
27315.000000 3.644612e+06
27216.575758 3.480291e+06

14960.363636 6.427420e+06
23824.969697 3.511796e+06
27389.696970 8.739251e+06
28634.060606 3.843060e+06
28752.393939 1.123350e+07
29000.848485 4.016181e+06
29013.939394 4.041792e+06
29052.909091 3.899560e+06

15940.818182 3.378656e+06
25106.393939 4.632799e+06
29189.333333 4.324924e+06
30078.181818 1.070624e+07
30592.303030 4.313824e+06
30569.333333 1.276121e+07
30705.060606 4.731463e+06
30935.727273 4.443753e+06

16845.333333 4.082091e+06
26589.606061 6.684724e+06
30671.393939 6.059418e+06
31734.303030 1.279654e+07
32370.515152 4.826764e+06
32474.303030 1.374118e+07
32240.181818 5.025777e+06
32527.181818 5.078778e+06

17840.333333 4.413451e+06
27795.454545 7.855855e+06
32218.454545 6.451454e+06
33550.484848 1.405751e+07
33938.090909 5.507875e+06
34156.000000 5.454316e+06
34179.393939 5.939413e+06
34390.666667 5.674802e+06

18686.575758 4.961923e+06
29334.727273 5.520196e+06
33839.787879 6.598812e+06
35055.060606 5.898710e+06
35790.000000 1.416371e+07
35737.848485 6.230756e+06
35924.606061 1.620630e+07
35929.606061 6.336922e+06

19531.424242 6.037870e+06
30915.969697 6.946483e+06
35376.393939 6.537475e+06
36769.090909 1.569515e+07
37453.575758 7.176552e+06
37511.363636 6.924214e+06
37613.030303 8.187143e+06
37591.303030 7.202742e+06

20502.666667 6.193375e+06
32407.424242 6.748583e+06
36919.757576 8.184231e+06
38447.939394 7.549901e+06
39031.363636 1.725541e+07
39051.181818 6.913233e+06
39570.151515 1.893289e+07
39397.818182 7.717693e+06

21282.727273 1.144694e+07
33940.000000 7.670895e+06
38316.545455 1.717848e+07
39961.000000 7.911245e+06
40999.727273 8.158842e+06
40782.000000 8.521747e+06
41034.878788 7.721698e+06
41167.545455 1.434633e+07

22184.606061 7.095996e+06
35276.424242 1.635267e+07
39958.333333 8.329045e+06
41955.545455 1.964074e+07
42539.666667 8.090136e+06
42634.878788 8.114091e+06
42762.757576 9.003594e+06
42826.666667 8.790961e+06

23091.515152 8.074849e+06
36481.666667 8.752019e+06
41776.515152 9.646498e+06
43599.030303 9.168143e+06
44165.515152 2.029020e+07
44397.303030 9.253514e+06
44300.363636 8.859168e+06
44567.151515 1.056319e+07

24085.939394 8.684747e+06
37831.030303 1.088187e+07
43288.727273 9.113295e+06
45347.696970 2.004127e+07
45550.727273 1.004919e+07
46350.636364 2.280212e+07
46147.878788 1.017079e+07
46178.727273 9.479572e+06

25016.575758 9.796602e+06
39212.212121 1.946345e+07
44945.484848 1.033234e+07
47035.606061 2.218038e+07
47246.818182 1.035762e+07
48059.696970 1.027044e+07
47931.454545 1.068926e+07
48133.878788 1.026889e+07

26106.909091 9.167131e+06
40578.818182 1.004397e+07
46317.272727 1.150045e+07
48886.545455 1.137370e+07
49019.484848 2.378668e+07
49484.181818 1.152381e+07
49718.909091 1.158585e+07
49970.030303 1.245133e+07

27161.303030 1.370390e+07
41648.454545 1.346372e+07
48055.939394 1.198104e+07
50673.666667 2.444644e+07
50743.363636 1.280628e+07
50934.090909 1.279178e+07
51517.000000 1.481876e+07
51712.484848 1.180570e+07

28061.212121 1.102067e+07
42986.878788 1.184878e+07
49691.030303 1.302208e+07
52163.181818 1.281087e+07
52803.151515 2.667314e+07
52870.090909 1.229151e+07
53081.878788 1.272984e+07
53145.484848 1.428668e+07

28953.727273 1.203557e+07
44637.363636 1.972621e+07
50991.424242 1.281205e+07
53762.545455 2.658187e+07
54602.393939 1.399133e+07
54614.878788 1.365692e+07
55052.242424 1.367344e+07
54504.454545 1.365642e+07

29761.303030 1.184643e+07
46234.939394 1.305849e+07
52775.181818 1.448730e+07
55208.212121 1.339868e+07
56229.181818 2.707547e+07
56203.212121 1.428452e+07
56863.060606 2.967542e+07
56403.909091 1.428263e+07

30457.454545 1.300541e+07
47711.090909 1.279195e+07
54476.636364 1.493303e+07
56828.363636 1.430833e+07
57763.939394 2.891040e+07
58257.484848 1.451866e+07
58389.606061 1.418476e+07
58214.030303 1.450626e+07

31420.515152 2.071907e+07
48838.757576 1.459818e+07
56489.636364 2.912933e+07
58387.484848 1.523432e+07
59419.969697 1.470629e+07
60016.121212 1.627700e+07
59954.181818 1.524179e+07
59851.303030 1.842390e+07

32303.757576 1.412337e+07
50397.636364 1.596840e+07
58022.333333 1.553643e+07
60195.484848 3.047170e+07
61077.181818 1.612408e+07
61748.515152 3.308229e+07
61438.969697 1.591310e+07
61725.242424 1.552951e+07

33255.606061 1.569124e+07
51771.969697 1.534361e+07
59518.333333 1.823085e+07
62046.848485 1.643473e+07
62714.121212 3.180090e+07
63382.969697 1.656758e+07
63193.030303 3.294441e+07
63638.696970 1.624805e+07

34250.212121 1.520598e+07
53100.151515 1.789768e+07
60952.000000 1.693463e+07
63824.727273 3.327482e+07
64371.181818 1.771240e+07
65323.848485 3.435177e+07
64886.878788 1.722507e+07
65327.363636 1.590255e+07

35078.939394 1.670561e+07
54545.484848 2.881487e+07
62599.484848 1.766851e+07
65445.878788 3.398650e+07
66036.727273 1.811754e+07
67050.727273 1.730723e+07
66616.969697 1.811912e+07
67186.303030 1.771000e+07

35883.666667 1.691972e+07
55929.545455 1.706861e+07
64477.545455 1.957927e+07
66809.000000 1.798275e+07
68096.121212 3.560061e+07
68418.333333 1.794929e+07
68574.181818 3.813868e+07
68510.545455 1.856150e+07

36700.545455 2.566187e+07
57275.484848 1.812326e+07
66118.575758 1.855465e+07
68697.181818 1.978672e+07
69818.606061 1.895067e+07
69909.121212 3.625799e+07
70461.424242 1.830938e+07
70101.181818 1.814806e+07

37644.030303 1.748518e+07
58724.818182 2.566603e+07
67541.121212 2.023292e+07
70703.212121 3.863395e+07
71483.242424 2.014839e+07
71550.484848 1.946344e+07
72260.454545 2.349009e+07
71655.060606 2.007088e+07

38607.303030 2.726719e+07
60220.272727 2.027903e+07
69035.090909 1.938613e+07
72242.333333 2.036878e+07
73136.121212 2.049452e+07
73284.424242 3.908594e+07
74154.636364 2.085366e+07
73334.060606 1.944831e+07

39377.939394 1.773206e+07
61987.363636 3.197744e+07
70457.727273 2.037559e+07
73850.212121 4.021927e+07
74962.909091 2.048705e+07
74913.787879 2.079855e+07
75771.181818 2.498612e+07
75388.090909 2.127585e+07

40227.030303 1.893205e+07
63537.606061 2.060913e+07
72034.030303 2.321161e+07
75338.575758 2.089667e+07
76781.939394 4.130290e+07
76972.757576 2.020222e+07
77033.787879 2.045514e+07
77355.757576 2.319568e+07

41165.939394 3.004050e+07
64978.545455 2.158749e+07
73405.181818 2.042731e+07
77108.393939 2.224119e+07
78470.969697 2.196928e+07
78939.242424 4.338956e+07
78425.545455 2.183041e+07
79127.333333 2.195547e+07

42071.727273 1.999492e+07
66238.484848 2.874104e+07
75210.424242 2.179023e+07
78785.181818 4.412861e+07
79909.333333 2.323033e+07
80909.060606 4.535035e+07
80061.242424 2.285523e+07
80792.696970 2.229162e+07

43014.484848 2.138479e+07
67629.909091 2.270223e+07
76798.333333 2.367468e+07
80497.393939 2.375255e+07
81725.878788 4.695600e+07
82524.333333 2.346825e+07
81695.757576 2.305435e+07
82491.212121 2.965495e+07

43839.909091 2.048605e+07
69095.939394 2.444525e+07
78466.757576 2.357255e+07
82252.121212 4.593212e+07
83174.121212 2.442416e+07
84316.333333 4.805742e+07
83664.757576 2.328897e+07
84057.303030 2.311244e+07

44749.515152 2.236927e+07
70387.606061 2.472841e+07
80367.545455 2.625648e+07
83894.636364 2.476526e+07
84534.000000 4.998200e+07
86045.181818 2.485103e+07
85691.272727 2.366995e+07
85597.696970 2.421378e+07

45682.121212 3.297889e+07
71835.060606 2.426045e+07
81935.787879 4.512681e+07
85584.242424 2.458315e+07
86426.272727 2.507847e+07
87461.151515 2.592672e+07
87438.636364 2.351848e+07
87306.000000 3.050276e+07

46489.060606 2.200274e+07
73549.424242 3.677822e+07
83256.000000 2.489918e+07
87224.666667 5.061614e+07
88517.000000 2.494096e+07
88850.787879 2.495488e+07
89217.969697 2.671454e+07
88827.393939 2.570489e+07

47246.090909 2.447186e+07
75054.030303 2.495855e+07
84887.515152 2.939998e+07
88873.666667 2.554072e+07
90400.878788 5.286254e+07
90374.515152 2.629348e+07
90662.121212 2.599514e+07
90785.121212 2.874814e+07

48199.484848 2.472233e+07
76433.606061 2.406511e+07
86500.787879 2.700196e+07
90616.636364 2.520289e+07
92053.393939 4.963859e+07
92098.454545 2.615474e+07
92368.969697 2.525474e+07
92691.909091 2.812935e+07

49071.484848 3.547265e+07
77736.666667 2.750819e+07
88325.666667 5.033944e+07
92104.333333 2.656852e+07
94011.090909 2.669246e+07
93736.000000 2.907874e+07
94119.757576 2.746986e+07
94462.151515 5.251830e+07

50113.121212 2.575028e+07
79163.787879 2.601370e+07
89805.090909 2.945577e+07
93796.939394 2.737460e+07
95815.393939 5.499683e+07
95431.363636 2.778834e+07
95877.757576 2.761358e+07
95977.181818 2.816334e+07

51022.242424 3.778590e+07
80562.787879 2.674578e+07
91444.575758 5.189442e+07
95360.393939 2.818533e+07
97588.878788 5.838346e+07
97142.969697 2.840240e+07
97444.000000 2.754863e+07
97664.181818 4.834363e+07

52034.090909 2.682192e+07
81787.666667 2.784013e+07
93142.818182 2.968949e+07
96884.666667 2.760321e+07
99226.060606 5.612998e+07
99022.303030 2.899444e+07
99185.545455 2.778027e+07
99644.939394 2.937279e+07

52991.575758 2.704201e+07
82893.333333 4.970710e+07
95066.121212 2.915852e+07
98464.787879 4.938163e+07
100757.030303 2.959386e+07
100837.787879 2.878034e+07
100823.757576 2.959248e+07
101786.818182 2.862352e+07

53860.424242 2.818946e+07
84100.848485 2.928678e+07
97026.727273 3.222612e+07
100302.696970 2.975264e+07
102171.787879 6.110032e+07
102445.121212 3.053347e+07
102750.060606 2.981827e+07
103332.757576 3.057236e+07

54769.787879 2.735957e+07
85566.757576 2.737784e+07
98447.696970 3.058858e+07
102395.939394 2.963956e+07
103575.575758 3.057399e+07
104149.151515 3.055589e+07
104595.878788 6.233010e+07
104731.939394 3.102371e+07

55514.575758 2.695966e+07
87285.848485 3.110508e+07
99889.666667 2.990755e+07
104250.393939 6.020341e+07
105298.000000 3.098187e+07
105767.000000 6.461780e+07
106442.151515 3.056805e+07
106124.151515 3.026271e+07

56515.363636 2.902273e+07
88657.424242 3.129824e+07
101400.787879 3.272331e+07
105946.393939 3.154223e+07
106992.696970 6.450801e+07
107599.727273 3.154233e+07
107977.000000 3.166293e+07
108060.757576 3.693110e+07

57657.575758 4.272956e+07
89832.212121 3.343833e+07
102976.787879 3.142625e+07
107701.454545 6.317167e+07
108801.969697 3.259333e+07
109014.424242 3.135738e+07
109865.696970 4.185884e+07
109716.969697 3.275479e+07

58457.515152 3.016081e+07
91365.090909 3.309361e+07
104733.878788 3.385297e+07
109382.545455 3.354906e+07
110374.666667 6.847121e+07
110641.666667 3.294238e+07
111754.060606 3.374596e+07
111027.606061 3.657568e+07

59338.060606 3.031848e+07
92829.212121 6.067353e+07
106217.818182 3.269152e+07
111087.333333 3.364576e+07
111987.666667 3.428751e+07
112585.878788 3.418694e+07
113445.696970 6.795733e+07
112519.121212 3.409652e+07

60131.242424 4.640705e+07
94280.121212 3.377727e+07
107801.090909 3.248733e+07
112839.333333 3.521964e+07
113736.000000 3.422960e+07
114234.787879 6.879861e+07
115051.636364 3.525096e+07
114378.030303 3.349208e+07

61310.818182 3.362280e+07
95335.878788 6.076123e+07
109606.969697 3.477637e+07
114428.000000 7.135989e+07
115332.333333 3.399512e+07
116032.333333 3.479253e+07
116601.878788 5.291499e+07
116423.212121 3.566986e+07

62385.515152 3.236264e+07
96708.000000 3.432059e+07
110978.969697 3.412883e+07
116260.242424 6.732464e+07
116886.151515 3.543789e+07
117967.121212 7.402112e+07
118063.060606 3.771440e+07
118463.060606 3.537944e+07

63201.151515 3.385898e+07
98251.121212 3.469118e+07
112281.848485 3.582724e+07
118111.939394 3.663127e+07
118620.484848 7.405449e+07
119760.424242 3.695639e+07
119726.272727 3.635923e+07
120183.484848 4.527200e+07

63960.696970 3.300891e+07
99886.303030 3.370373e+07
113795.757576 3.598456e+07
119710.090909 3.672646e+07
120463.393939 4.258142e+07
121558.545455 3.680571e+07
121526.515152 7.271722e+07
121744.454545 3.644582e+07

64799.878788 3.323515e+07
101242.666667 3.516499e+07
115525.969697 3.839492e+07
121222.363636 3.748565e+07
122311.393939 7.476798e+07
123318.272727 3.712990e+07
123030.424242 3.618770e+07
123702.393939 3.822703e+07

65765.484848 3.284690e+07
102736.787879 3.801961e+07
117180.484848 3.696514e+07
122757.212121 7.497146e+07
123915.969697 3.711935e+07
125061.484848 3.782064e+07
124590.727273 5.079610e+07
125583.606061 3.791197e+07

66856.818182 5.215227e+07
104066.545455 3.695115e+07
118938.303030 7.316012e+07
124160.969697 3.981337e+07
125367.424242 3.808049e+07
126958.818182 7.517986e+07
126138.272727 3.955856e+07
127368.727273 3.892873e+07

67743.757576 3.545759e+07
105450.636364 3.691180e+07
120773.939394 4.168752e+07
125789.696970 3.896947e+07
126986.121212 8.108900e+07
128670.848485 3.910056e+07
127950.000000 3.808882e+07
128878.242424 5.489524e+07

68721.000000 5.477730e+07
106790.606061 3.866376e+07
122356.272727 7.432019e+07
127375.333333 3.972179e+07
128758.878788 8.251077e+07
130207.606061 4.000850e+07
130159.969697 3.973993e+07
130406.636364 8.337148e+07

69563.181818 3.630045e+07
108248.515152 3.908005e+07
124064.454545 3.945430e+07
128958.969697 8.051768e+07
130410.696970 4.110599e+07
131969.363636 4.067331e+07
131941.484848 7.875284e+07
132213.090909 4.086074e+07

70340.727273 3.703668e+07
109801.121212 3.843257e+07
125772.818182 4.024889e+07
130485.424242 3.947068e+07
132436.787879 8.338775e+07
133456.424242 4.154604e+07
133669.181818 4.012955e+07
133910.757576 4.147363e+07

71100.696970 3.644947e+07
111437.878788 4.759764e+07
127365.090909 4.087521e+07
132004.939394 8.316888e+07
134425.909091 4.189860e+07
134870.818182 4.064409e+07
135271.393939 5.149997e+07
135724.121212 4.245113e+07

72044.727273 3.767505e+07
112817.090909 4.284301e+07
128994.333333 4.151716e+07
133559.242424 8.222389e+07
136243.363636 4.209633e+07
136683.696970 4.236212e+07
137044.000000 4.715681e+07
137680.424242 4.228065e+07

73019.212121 3.893317e+07
114186.484848 4.045602e+07
130569.151515 4.335182e+07
135236.696970 4.316507e+07
137740.212121 8.701394e+07
138339.939394 4.257789e+07
139153.787879 8.849660e+07
139343.272727 4.286720e+07

74024.939394 3.795014e+07
115532.515152 4.441156e+07
132195.787879 4.217794e+07
136905.121212 8.443337e+07
139499.545455 4.318660e+07
139766.393939 7.305030e+07
141130.363636 4.372369e+07
140972.575758 4.338342e+07

74824.848485 3.967382e+07
117066.575758 4.167964e+07
133801.969697 4.493596e+07
138670.606061 4.370102e+07
141299.000000 9.230484e+07
141188.424242 4.427261e+07
142807.242424 4.530412e+07
142999.454545 8.132358e+07

75694.030303 3.996793e+07
118515.060606 4.125272e+07
135424.545455 4.334131e+07
140386.969697 4.324466e+07
143073.151515 4.927345e+07
142961.939394 4.465440e+07
144219.636364 9.335620e+07
144928.121212 4.677108e+07

76523.909091 6.037383e+07
119990.606061 4.304823e+07
136973.909091 8.392882e+07
142059.363636 4.407646e+07
144700.696970 9.378229e+07
144892.606061 4.506862e+07
145725.090909 4.398787e+07
146520.878788 9.234387e+07

77452.363636 4.142014e+07
121204.090909 4.206254e+07
138874.848485 4.673570e+07
143558.454545 4.497886e+07
146481.090909 9.656460e+07
146890.575758 4.590545e+07
147254.393939 4.523421e+07
148241.939394 8.802184e+07

78282.727273 4.117142e+07
122522.000000 4.292156e+07
140507.969697 4.578951e+07
145356.121212 4.634873e+07
148040.636364 4.750549e+07
148961.393939 4.691635e+07
148738.696970 9.354012e+07
150081.545455 4.627932e+07

79247.121212 4.143431e+07
123719.484848 4.641184e+07
142125.181818 4.489233e+07
147133.303030 9.343000e+07
149566.242424 4.565622e+07
150735.333333 4.565410e+07
150454.333333 4.852436e+07
151958.545455 4.882447e+07

80088.000000 4.374826e+07
125190.696970 4.490509e+07
143801.848485 4.795406e+07
148596.060606 4.738542e+07
151468.090909 9.809543e+07
152439.363636 4.834340e+07
152606.696970 4.652041e+07
153553.878788 4.793485e+07

81083.636364 4.336523e+07
126561.545455 4.595494e+07
145444.303030 4.740448e+07
150130.303030 4.617519e+07
153370.606061 5.091431e+07
153935.363636 4.826027e+07
154749.151515 1.018533e+08
154951.151515 4.867249e+07

82185.515152 6.763276e+07
127825.484848 4.609199e+07
146875.666667 9.302761e+07
151916.454545 4.875994e+07
155109.727273 4.838501e+07
155668.333333 1.005495e+08
156338.727273 4.858803e+07
156637.484848 4.817555e+07

83144.909091 4.396778e+07
129291.666667 4.640953e+07
148328.545455 5.083075e+07
153829.030303 4.963004e+07
156644.212121 1.030512e+08
157485.666667 5.034542e+07
157959.424242 5.014752e+07
158462.939394 1.011957e+08

83916.484848 4.438481e+07
130957.030303 4.603411e+07
149824.454545 5.000815e+07
155653.030303 4.899029e+07
158073.060606 9.580911e+07
159335.484848 5.250214e+07
159725.151515 1.061781e+08
160312.969697 5.159643e+07

84849.272727 4.485810e+07
132369.939394 5.121338e+07
151316.757576 5.069471e+07
157550.121212 1.020616e+08
159494.575758 5.093775e+07
160941.969697 4.839464e+07
161577.909091 5.637674e+07
161840.393939 5.140190e+07

85793.333333 4.805059e+07
133740.393939 4.916085e+07
152931.454545 5.348202e+07
159303.787879 5.182584e+07
160793.090909 1.126359e+08
162780.303030 5.248875e+07
163348.363636 5.151912e+07
163420.606061 5.878588e+07

86722.666667 4.729457e+07
135374.575758 9.066628e+07
154415.090909 5.116446e+07
161267.060606 1.103428e+08
162380.575758 5.209866e+07
164515.878788 5.146389e+07
165065.818182 5.391895e+07
165115.060606 5.204058e+07

87640.181818 5.041133e+07
136936.151515 5.087411e+07
155855.545455 5.385656e+07
162916.242424 5.294222e+07
164057.484848 1.114732e+08
165981.212121 5.350321e+07
167162.575758 5.374129e+07
166633.727273 5.481016e+07

88509.727273 7.741381e+07
138471.787879 5.165187e+07
157207.939394 1.072135e+08
164712.121212 5.440431e+07
165926.484848 5.253962e+07
167508.696970 1.018216e+08
169042.515152 5.551943e+07
168245.666667 5.333564e+07

89617.393939 4.909532e+07
139751.939394 5.070117e+07
158753.606061 5.385425e+07
166367.212121 5.469348e+07
167877.727273 1.148270e+08
169100.393939 5.493473e+07
170840.757576 5.396273e+07
170052.848485 6.227464e+07

90564.303030 7.661102e+07
141225.848485 5.266407e+07
160326.515152 6.420511e+07
167857.666667 5.455173e+07
169827.393939 5.395493e+07
170761.454545 1.151789e+08
172488.787879 5.528418e+07
171802.030303 5.432624e+07

