814.457143 1.541110e+05
1366.857143 1.490027e+05
1560.800000 1.616716e+05
1683.942857 1.284887e+05
1683.228571 1.270965e+05
1680.800000 1.078092e+05
1694.114286 1.259311e+05
1688.771429 1.320501e+05

1698.600000 3.505120e+05
2733.628571 3.038099e+05
3141.085714 2.832959e+05
3328.828571 3.238532e+05
3362.600000 3.256744e+05
3353.142857 2.969378e+05
3388.257143 3.457287e+05
3361.714286 3.807940e+05

2577.314286 5.040436e+05
4117.885714 5.766370e+05
4803.342857 3.425739e+07
4893.628571 1.511567e+06
5011.828571 1.352341e+06
5093.085714 2.190691e+06
5081.028571 1.212693e+06
5111.971429 2.340632e+06

3493.371429 7.533892e+05
5452.428571 2.330657e+06
6329.257143 7.885395e+05
6615.885714 2.568234e+06
6709.657143 9.915792e+05
6840.942857 1.066426e+06
6743.057143 1.365156e+06
6766.057143 1.020617e+06

4435.628571 1.086030e+06
6805.371429 2.543835e+06
7842.371429 1.288632e+06
8343.942857 3.155574e+06
8415.485714 1.332160e+06
8471.257143 1.439055e+06
8469.857143 1.710159e+06
8431.828571 1.354408e+06

5300.714286 1.251798e+06
8254.571429 3.213132e+06
9477.114286 1.467728e+06
9909.142857 3.558268e+06
10085.485714 1.622074e+06
10179.828571 1.699998e+06
10121.800000 1.980048e+06
10189.428571 1.485014e+06

6133.800000 1.310546e+06
9543.257143 3.693173e+06
11299.057143 1.660700e+06
11488.685714 3.717328e+06
11791.485714 1.905572e+06
11817.200000 4.017816e+06
11916.257143 1.828048e+06
11934.057143 1.931379e+06

7019.285714 2.854248e+06
11025.371429 1.752595e+06
12636.485714 3.935638e+06
13343.428571 2.176538e+06
13432.114286 4.577368e+06
13617.485714 2.178659e+06
13606.457143 2.171679e+06
13441.828571 2.801191e+06

7756.514286 3.071238e+06
12580.857143 2.037665e+06
14211.085714 4.471625e+06
15047.657143 2.478109e+06
15209.542857 5.039457e+06
15265.914286 2.437763e+06
15086.285714 2.484631e+06
15369.000000 2.710494e+06

8795.828571 2.152027e+06
13753.142857 2.340067e+06
15890.942857 2.988950e+06
16587.914286 2.808455e+06
16909.685714 5.225102e+06
16860.057143 2.806206e+06
17047.685714 5.954438e+06
17056.114286 2.840134e+06

9764.400000 2.226691e+06
14955.857143 4.933160e+06
17624.028571 3.000039e+06
18465.000000 6.502968e+06
18406.600000 3.198933e+06
18647.171429 3.422102e+06
18740.942857 3.445619e+06
18572.571429 3.181102e+06

10661.828571 2.686545e+06
16379.857143 7.202030e+06
19104.514286 3.402505e+06
20089.742857 6.585586e+06
20141.142857 3.647927e+06
20375.371429 3.613670e+06
20275.028571 3.683347e+06
20473.342857 3.571160e+06

11547.000000 2.984525e+06
17836.685714 3.655622e+06
20800.057143 3.709195e+06
21543.742857 4.035643e+06
22068.657143 7.484214e+06
21927.514286 3.953125e+06
21980.542857 8.740425e+06
22061.514286 3.943912e+06

12295.228571 2.828953e+06
19457.342857 4.110143e+06
22388.400000 3.997882e+06
23142.142857 6.955630e+06
23674.371429 4.386824e+06
23608.057143 9.740517e+06
23808.885714 4.282356e+06
23598.800000 4.421500e+06

13053.457143 5.485069e+06
20845.257143 4.045762e+06
24044.400000 8.012346e+06
24974.057143 4.772763e+06
25213.142857 1.013287e+07
25307.342857 4.766389e+06
25429.028571 4.721560e+06
25480.171429 5.093330e+06

13931.828571 5.649994e+06
22316.342857 4.555539e+06
25476.971429 9.486081e+06
26692.342857 5.218661e+06
26890.457143 5.305806e+06
27043.542857 5.725048e+06
27059.200000 5.233463e+06
27073.228571 7.116305e+06

14836.200000 6.573677e+06
23655.342857 4.830458e+06
27184.142857 1.078366e+07
28346.457143 5.892939e+06
28468.257143 5.836953e+06
28785.542857 5.895944e+06
28811.628571 5.676461e+06
28780.914286 7.689769e+06

15833.171429 4.371349e+06
24911.400000 7.606265e+06
28935.885714 5.797945e+06
29798.171429 1.271921e+07
30323.142857 6.198999e+06
30329.285714 1.512026e+07
30487.457143 6.397880e+06
30663.428571 6.312219e+06

16719.428571 5.110485e+06
26410.971429 5.945057e+06
30400.685714 7.622432e+06
31467.485714 7.019440e+06
32035.885714 1.375704e+07
32277.742857 6.916386e+06
31969.114286 1.479522e+07
32235.685714 6.847884e+06

17702.828571 5.744864e+06
27615.314286 6.315196e+06
31949.085714 7.653953e+06
33220.942857 7.302316e+06
33578.685714 1.291007e+07
33902.828571 7.341418e+06
33906.457143 1.608056e+07
34071.057143 7.460206e+06

18560.685714 1.035227e+07
29123.571429 6.931290e+06
33527.028571 1.574186e+07
34718.542857 7.942806e+06
35490.428571 7.914547e+06
35494.142857 8.400803e+06
35546.371429 7.932256e+06
35641.742857 1.630960e+07

19389.800000 6.476194e+06
30696.542857 7.379699e+06
35092.371429 9.424145e+06
36407.000000 8.528258e+06
37111.914286 1.677718e+07
37211.742857 8.652905e+06
37314.314286 8.380317e+06
37232.628571 9.139880e+06

20347.314286 7.257824e+06
32175.514286 9.014570e+06
36599.400000 8.849826e+06
38061.114286 1.797097e+07
38708.257143 9.405747e+06
38711.600000 9.241373e+06
39211.657143 9.361182e+06
39046.114286 9.098054e+06

21141.114286 8.126661e+06
33726.685714 9.477162e+06
37982.914286 1.076979e+07
39639.514286 1.008035e+07
40639.000000 1.980050e+07
40474.685714 9.812483e+06
40749.971429 9.696780e+06
40775.742857 1.006429e+07

22004.542857 8.908898e+06
35029.171429 1.353237e+07
39622.571429 1.029555e+07
41497.428571 2.055171e+07
42197.342857 1.040504e+07
42313.628571 1.070568e+07
42341.371429 1.076885e+07
42475.857143 1.040621e+07

22898.114286 9.978362e+06
36234.028571 1.037030e+07
41407.000000 1.144484e+07
43264.057143 1.087362e+07
43812.285714 1.336929e+07
44012.257143 1.149038e+07
43872.257143 2.207197e+07
44254.571429 1.126207e+07

23907.542857 9.770797e+06
37525.514286 1.068379e+07
42920.542857 1.213984e+07
44931.571429 1.181329e+07
45239.400000 2.104607e+07
45899.000000 1.210371e+07
45800.485714 2.289365e+07
45904.200000 1.234687e+07

24815.257143 9.923803e+06
38927.457143 1.255006e+07
44509.057143 1.203699e+07
46590.028571 2.163869e+07
46923.085714 1.253888e+07
47648.714286 2.405476e+07
47514.514286 1.317324e+07
47880.971429 1.262793e+07

25913.428571 1.127337e+07
40262.485714 1.248164e+07
45897.657143 1.336915e+07
48444.971429 1.322036e+07
48642.085714 2.504856e+07
49079.342857 1.317800e+07
49327.057143 1.375644e+07
49730.085714 1.398313e+07

26958.142857 1.233186e+07
41331.771429 1.311803e+07
47607.000000 1.436989e+07
50254.514286 1.379014e+07
50307.800000 1.908877e+07
50507.914286 1.375565e+07
51096.571429 1.368227e+07
51449.200000 1.420884e+07

27862.600000 1.889476e+07
42654.685714 1.387546e+07
49245.885714 1.392743e+07
51711.514286 1.509589e+07
52358.828571 1.434875e+07
52337.371429 2.009131e+07
52748.800000 1.469591e+07
52909.628571 2.747782e+07

28712.200000 1.880663e+07
44314.914286 1.439186e+07
50522.542857 2.584121e+07
53321.914286 1.567840e+07
54133.457143 1.502192e+07
54125.314286 1.593719e+07
54685.771429 1.517466e+07
54264.800000 2.377265e+07

29528.171429 1.410616e+07
45865.742857 1.424811e+07
52291.514286 1.643216e+07
54806.771429 1.567797e+07
55721.457143 2.887004e+07
55754.971429 1.594000e+07
56485.742857 3.070002e+07
56068.514286 1.583613e+07

30233.914286 2.041191e+07
47345.200000 1.597086e+07
53986.114286 1.562124e+07
56308.200000 1.696040e+07
57291.314286 1.643296e+07
57676.857143 2.925610e+07
58062.771429 1.713798e+07
57885.628571 1.644191e+07

31187.371429 2.122631e+07
48445.771429 1.730333e+07
56004.685714 1.643585e+07
57913.457143 1.780003e+07
58855.828571 1.742988e+07
59608.828571 3.176216e+07
59613.428571 1.721491e+07
59604.314286 3.328867e+07

32082.600000 1.611491e+07
50022.200000 2.598893e+07
57439.942857 1.813581e+07
59787.800000 3.300619e+07
60595.514286 1.785671e+07
61229.457143 1.780391e+07
61147.085714 1.797682e+07
61414.742857 1.726885e+07

33015.771429 1.757752e+07
51379.742857 1.763565e+07
59036.142857 1.990388e+07
61525.685714 1.811793e+07
62195.342857 3.376283e+07
62994.657143 1.829761e+07
62807.114286 1.856528e+07
63250.171429 1.870168e+07

33993.400000 1.701499e+07
52692.114286 1.877705e+07
60459.114286 1.894923e+07
63296.228571 3.519385e+07
63849.942857 1.863265e+07
64790.114286 1.844518e+07
64527.457143 2.086599e+07
64993.657143 1.892177e+07

34836.371429 1.918226e+07
54130.342857 1.902853e+07
62053.771429 1.945309e+07
64910.114286 1.967608e+07
65420.000000 3.672223e+07
66576.771429 1.964389e+07
66254.000000 3.679046e+07
66814.428571 1.951468e+07

35640.657143 1.832969e+07
55462.400000 1.947994e+07
63958.914286 1.963646e+07
66286.714286 2.657115e+07
67484.371429 2.043136e+07
67952.914286 3.766205e+07
68238.885714 2.060716e+07
68187.857143 2.013342e+07

36450.257143 1.972076e+07
56889.514286 1.972191e+07
65525.857143 2.283086e+07
68137.714286 2.095388e+07
69191.200000 3.809881e+07
69432.342857 2.060557e+07
70146.171429 2.115827e+07
69673.742857 2.536118e+07

37392.000000 1.888337e+07
58292.514286 2.447574e+07
66941.885714 2.113045e+07
70060.057143 3.911727e+07
70888.171429 2.170742e+07
71072.857143 2.033156e+07
71908.457143 2.241446e+07
71213.000000 2.096590e+07

38331.514286 2.045498e+07
59810.914286 2.042023e+07
68447.228571 2.179756e+07
71703.714286 2.189342e+07
72517.942857 4.167000e+07
72844.914286 2.244681e+07
73706.457143 2.135583e+07
72911.514286 2.247101e+07

39106.685714 1.993513e+07
61504.228571 2.058338e+07
69869.057143 2.209585e+07
73202.714286 2.195148e+07
74341.828571 2.447113e+07
74463.314286 2.271232e+07
75393.600000 4.302769e+07
74900.200000 2.263280e+07

39959.400000 2.093028e+07
63034.371429 3.094135e+07
71403.571429 2.277424e+07
74673.000000 4.207807e+07
76080.685714 2.294363e+07
76515.800000 2.292312e+07
76622.371429 2.267031e+07
76823.714286 2.405145e+07

40859.371429 2.410115e+07
64541.828571 2.298431e+07
72821.085714 2.777396e+07
76481.228571 2.346566e+07
77788.685714 4.603049e+07
78469.571429 2.404092e+07
78021.057143 2.345344e+07
78597.028571 2.383687e+07

41780.028571 2.901240e+07
65724.914286 2.377731e+07
74582.371429 4.362892e+07
78176.657143 2.447816e+07
79322.171429 2.384218e+07
80369.828571 2.453966e+07
79612.200000 2.444295e+07
80275.257143 4.224043e+07

42673.914286 2.295992e+07
67113.342857 4.094813e+07
76194.200000 2.426120e+07
79829.028571 2.478622e+07
81087.542857 2.468593e+07
82099.742857 2.524384e+07
81243.714286 4.770583e+07
81941.314286 2.495861e+07

43521.800000 2.279319e+07
68641.400000 2.626854e+07
77815.285714 2.545746e+07
81540.857143 4.615766e+07
82613.342857 2.595326e+07
83754.742857 5.016466e+07
83166.571429 2.561053e+07
83517.771429 2.517488e+07

44430.171429 3.304923e+07
69906.457143 2.549316e+07
79763.257143 2.553887e+07
83201.285714 2.685226e+07
83941.142857 2.633359e+07
85528.228571 5.171265e+07
85140.400000 2.671463e+07
85012.428571 2.535289e+07

45370.285714 2.479419e+07
71285.257143 2.535724e+07
81258.228571 2.737255e+07
84823.942857 2.710337e+07
85886.714286 5.296516e+07
86945.142857 2.731770e+07
86897.457143 2.651774e+07
86743.314286 4.422565e+07

46151.200000 2.481355e+07
73024.371429 4.443120e+07
82573.771429 2.658913e+07
86473.828571 2.642202e+07
87895.000000 2.923234e+07
88340.314286 2.765689e+07
88595.514286 5.292702e+07
88280.942857 2.781964e+07

46921.571429 2.620472e+07
74511.342857 2.531541e+07
84262.571429 2.758000e+07
88083.714286 2.718846e+07
89824.114286 2.964534e+07
89887.485714 2.802448e+07
90105.371429 5.525203e+07
90136.828571 2.836934e+07

47858.828571 2.513451e+07
75890.942857 2.951937e+07
85807.971429 2.768888e+07
89830.457143 5.239218e+07
91446.628571 2.881650e+07
91531.571429 5.624064e+07
91716.200000 2.859341e+07
92188.114286 2.891570e+07

48718.200000 2.671764e+07
77161.942857 2.795670e+07
87611.314286 3.015624e+07
91375.314286 2.959112e+07
93320.085714 5.759179e+07
93269.571429 2.901080e+07
93501.771429 2.844560e+07
93823.114286 3.105424e+07

49749.885714 2.641875e+07
78566.742857 3.565219e+07
89101.685714 2.910008e+07
93003.800000 5.599151e+07
95271.914286 3.013283e+07
94837.342857 2.891755e+07
95180.571429 3.567301e+07
95410.542857 2.982127e+07

50663.200000 2.854672e+07
79976.657143 2.976294e+07
90735.828571 3.377124e+07
94655.200000 3.080486e+07
96943.400000 5.993787e+07
96552.914286 3.031342e+07
96724.457143 2.951835e+07
97101.285714 3.223032e+07

51674.000000 2.796747e+07
81227.857143 3.156441e+07
92378.485714 3.032773e+07
96115.714286 5.845848e+07
98569.857143 3.112860e+07
98448.628571 3.065484e+07
98472.542857 3.767034e+07
99066.800000 3.152956e+07

52635.114286 2.931184e+07
82295.800000 3.207332e+07
94320.085714 3.182330e+07
97635.685714 3.182615e+07
100083.228571 6.358109e+07
100259.714286 3.141875e+07
100170.200000 3.074559e+07
101095.171429 4.128997e+07

53513.600000 3.035296e+07
83475.085714 3.005455e+07
96232.742857 3.303686e+07
99435.342857 3.185222e+07
101576.457143 6.138740e+07
101790.657143 3.191736e+07
102036.171429 6.522781e+07
102735.628571 3.230254e+07

54362.171429 3.041810e+07
84965.285714 5.138738e+07
97690.742857 3.238741e+07
101503.228571 6.308977e+07
102954.257143 3.308170e+07
103511.200000 3.198607e+07
103920.771429 3.276593e+07
104077.142857 3.217891e+07

55135.085714 3.091093e+07
86591.714286 3.307041e+07
99091.800000 3.969734e+07
103385.257143 3.371659e+07
104591.457143 6.502991e+07
105167.400000 3.373651e+07
105692.485714 3.235742e+07
105546.314286 3.353098e+07

56148.742857 3.114209e+07
87932.514286 3.208168e+07
100558.914286 3.358864e+07
105040.428571 3.439834e+07
106314.914286 3.623949e+07
106874.285714 3.334381e+07
107322.971429 6.605998e+07
107333.314286 3.445002e+07

57260.000000 4.726288e+07
89120.228571 3.488754e+07
102181.085714 3.331749e+07
106848.457143 6.384080e+07
108064.685714 3.506180e+07
108302.400000 6.966431e+07
109186.171429 3.579651e+07
108976.514286 3.554781e+07

58039.457143 3.091490e+07
90679.142857 3.576530e+07
103794.428571 3.461048e+07
108591.285714 6.313339e+07
109687.914286 3.573708e+07
109933.085714 7.085920e+07
110994.657143 3.665034e+07
110369.057143 3.601738e+07

58902.142857 3.391655e+07
92156.885714 3.452561e+07
105339.085714 3.799465e+07
110217.057143 3.673183e+07
111245.942857 6.971857e+07
111872.514286 3.616257e+07
112732.942857 3.551966e+07
111860.628571 3.959591e+07

59750.342857 3.356563e+07
93516.628571 3.325469e+07
107009.514286 3.669925e+07
111965.428571 3.645697e+07
112978.028571 5.796584e+07
113557.571429 3.669168e+07
114227.428571 7.531681e+07
113701.314286 3.709889e+07

60907.485714 3.377863e+07
94626.257143 4.884637e+07
108779.085714 3.676818e+07
113556.000000 3.681727e+07
114662.228571 6.701450e+07
115190.171429 3.725145e+07
115838.600000 7.348607e+07
115729.628571 3.773553e+07

61947.857143 3.413222e+07
96008.285714 3.487379e+07
110103.428571 3.888944e+07
115373.057143 3.728560e+07
116177.200000 7.442894e+07
117122.800000 3.765249e+07
117382.314286 3.608068e+07
117696.200000 4.477309e+07

62731.942857 3.413978e+07
97521.085714 3.926484e+07
111399.942857 3.811723e+07
117260.685714 7.463767e+07
117814.628571 3.803290e+07
119004.742857 3.954994e+07
119032.857143 4.701157e+07
119443.314286 3.944484e+07

63505.371429 3.623222e+07
99145.657143 3.793814e+07
112840.685714 3.892348e+07
118840.142857 3.933003e+07
119665.600000 7.779316e+07
120712.371429 3.990250e+07
120720.314286 7.754021e+07
121020.942857 3.954314e+07

64342.657143 3.564557e+07
100515.971429 6.272142e+07
114564.685714 3.932464e+07
120324.828571 7.815401e+07
121503.600000 3.985638e+07
122526.800000 3.896799e+07
122231.257143 5.919159e+07
122953.542857 3.984845e+07

65322.457143 3.553702e+07
101949.457143 6.056904e+07
116264.628571 3.958251e+07
121849.771429 7.958189e+07
123078.000000 4.038219e+07
124224.857143 4.082488e+07
123808.285714 4.156956e+07
124842.485714 4.107242e+07

66361.657143 3.865767e+07
103350.000000 3.984863e+07
118017.828571 4.101164e+07
123301.600000 4.138837e+07
124733.400000 8.391957e+07
126103.428571 4.061238e+07
125351.028571 4.070633e+07
126609.085714 6.570818e+07

67267.200000 3.806480e+07
104661.857143 7.153132e+07
119837.942857 4.032711e+07
124860.457143 4.116875e+07
126266.971429 4.169843e+07
127902.971429 4.226065e+07
127178.971429 8.336386e+07
128032.028571 4.211201e+07

68246.285714 3.845713e+07
106064.771429 3.964293e+07
121389.542857 4.154310e+07
126490.457143 4.089046e+07
127923.857143 5.137485e+07
129366.685714 4.197593e+07
129310.371429 8.855259e+07
129578.657143 4.270582e+07

69072.428571 3.874820e+07
107427.342857 4.550784e+07
123126.171429 4.273776e+07
128077.485714 4.202081e+07
129571.714286 8.344497e+07
131043.828571 4.357514e+07
131205.971429 8.681768e+07
131304.085714 4.312281e+07

69834.771429 3.954902e+07
108958.714286 7.671226e+07
124792.885714 4.293023e+07
129514.514286 4.185364e+07
131569.142857 4.884767e+07
132639.885714 4.327737e+07
132838.028571 9.063352e+07
133040.857143 4.410950e+07

70609.142857 3.977238e+07
110586.057143 4.164398e+07
126345.771429 4.326406e+07
131119.371429 4.244820e+07
133489.742857 4.687586e+07
134143.428571 4.436907e+07
134450.485714 8.898460e+07
134900.800000 4.466276e+07

71551.571429 4.136181e+07
112021.200000 4.172438e+07
127996.228571 4.625498e+07
132657.171429 4.328434e+07
135278.171429 8.967252e+07
135845.028571 4.525588e+07
136195.285714 4.342205e+07
136727.657143 4.474210e+07

72493.428571 4.158731e+07
113360.085714 4.257576e+07
129594.142857 4.436417e+07
134333.828571 4.530087e+07
136875.914286 4.939817e+07
137369.600000 4.616306e+07
138270.542857 9.586837e+07
138359.028571 4.591480e+07

73523.257143 4.096871e+07
114725.000000 4.499956e+07
131140.228571 4.432545e+07
135973.685714 9.010766e+07
138594.457143 4.630224e+07
138834.200000 4.466098e+07
140233.771429 6.810482e+07
140067.314286 4.617314e+07

74311.657143 4.350272e+07
116176.685714 4.402752e+07
132836.971429 4.853212e+07
137733.400000 4.597566e+07
140360.057143 9.488935e+07
140251.457143 4.711562e+07
141897.228571 4.572290e+07
142073.600000 5.210723e+07

75174.914286 4.155193e+07
117598.885714 4.678391e+07
134363.771429 4.687640e+07
139464.142857 9.361728e+07
142070.485714 4.807614e+07
142084.085714 4.722427e+07
143293.914286 5.662506e+07
143796.771429 4.766588e+07

76043.028571 4.427421e+07
119105.200000 4.562547e+07
135943.314286 4.804962e+07
141078.400000 4.733892e+07
143806.571429 9.852154e+07
143920.028571 4.772551e+07
144831.828571 4.750549e+07
145481.000000 5.598381e+07

76927.657143 4.318154e+07
120329.457143 5.655577e+07
137697.485714 4.820143e+07
142564.314286 9.786555e+07
145546.257143 4.996117e+07
146002.542857 4.848069e+07
146325.914286 1.027453e+08
147190.400000 5.050245e+07

77758.542857 4.523233e+07
121674.028571 4.552858e+07
139460.514286 4.874206e+07
144345.971429 4.755657e+07
147041.657143 1.017078e+08
147991.800000 4.875873e+07
147786.171429 4.754275e+07
149014.257143 5.096686e+07

78664.914286 4.449883e+07
122858.828571 5.247543e+07
141086.771429 4.896367e+07
146137.657143 1.009815e+08
148530.771429 5.083501e+07
149859.685714 5.164430e+07
149541.657143 1.055317e+08
150883.600000 5.133402e+07

79518.685714 6.994660e+07
124339.657143 4.946477e+07
142661.714286 9.832326e+07
147613.228571 5.068689e+07
150418.457143 5.227399e+07
151507.142857 1.058875e+08
151655.885714 5.196583e+07
152436.371429 5.038385e+07

80494.057143 4.674543e+07
125659.971429 4.896630e+07
144290.000000 5.162766e+07
149031.428571 5.138483e+07
152448.114286 1.062657e+08
153007.885714 5.271343e+07
153633.457143 5.131497e+07
153763.171429 5.374203e+07

81606.228571 4.587283e+07
126928.714286 5.193874e+07
145807.742857 5.157404e+07
150879.714286 1.051399e+08
154080.771429 5.333329e+07
154747.342857 1.096590e+08
155316.685714 5.293112e+07
155475.685714 5.221726e+07

82537.714286 6.057140e+07
128389.571429 5.228367e+07
147191.057143 1.007329e+08
152812.600000 5.296372e+07
155656.200000 9.764834e+07
156506.400000 5.203831e+07
156930.771429 5.192785e+07
157277.828571 7.831415e+07

83337.714286 4.781819e+07
129968.142857 9.478127e+07
148651.114286 5.226865e+07
154539.657143 5.111386e+07
157120.742857 5.641568e+07
158213.628571 5.354248e+07
158715.171429 1.095863e+08
159046.428571 5.460760e+07

84199.542857 7.448413e+07
131406.571429 5.275556e+07
150183.114286 5.108637e+07
156420.171429 5.587988e+07
158405.800000 5.431019e+07
160059.228571 1.138355e+08
160520.142857 5.629319e+07
160639.371429 5.352459e+07

85153.171429 5.142165e+07
132787.628571 5.367980e+07
151747.142857 5.346515e+07
158320.114286 5.405947e+07
159806.285714 1.194335e+08
161800.314286 5.559109e+07
162285.628571 5.374128e+07
162171.971429 1.158120e+08

86127.628571 5.012441e+07
134370.628571 5.287436e+07
153153.800000 5.412629e+07
160042.428571 5.387590e+07
161341.457143 1.034372e+08
163463.514286 5.561826e+07
164053.114286 1.175902e+08
163822.171429 5.572024e+07

87005.485714 4.865986e+07
135912.257143 5.610944e+07
154714.257143 5.416960e+07
161725.228571 1.146497e+08
163031.514286 5.610035e+07
164970.857143 5.434247e+07
166026.600000 1.105969e+08
165354.028571 5.634052e+07

87863.314286 5.087546e+07
137470.000000 5.192930e+07
156066.571429 5.558136e+07
163554.714286 5.509480e+07
164916.942857 8.420296e+07
166430.742857 5.822064e+07
167943.742857 1.205206e+08
166997.000000 5.730465e+07

88966.514286 5.155844e+07
138735.171429 5.318396e+07
157485.142857 5.635385e+07
165236.628571 5.632846e+07
166771.114286 9.774467e+07
168045.000000 5.790497e+07
169709.057143 1.231933e+08
168827.800000 5.773255e+07

89970.085714 5.035902e+07
140145.400000 6.044229e+07
159106.514286 5.652496e+07
166712.371429 1.166514e+08
168716.714286 5.719750e+07
169681.800000 5.754189e+07
171328.114286 1.215416e+08
170528.342857 5.855241e+07

