819.540541 1.669340e+05
1364.810811 1.996055e+05
1571.513514 1.440731e+05
1694.486486 1.490637e+05
1677.027027 1.438206e+05
1687.054054 1.418706e+05
1689.162162 1.372226e+05
1657.972973 1.180002e+05

1702.972973 2.417127e+05
2741.162162 7.785818e+05
3146.054054 2.378694e+05
3318.162162 9.193721e+05
3348.864865 3.644831e+05
3362.621622 2.899177e+05
3398.378378 4.956098e+05
3363.351351 2.885799e+05

2585.162162 4.736619e+05
4109.135135 1.426195e+06
4819.972973 5.512382e+05
4873.756757 1.272610e+06
5005.594595 5.221993e+05
5101.837838 1.032573e+06
5101.810811 5.225460e+05
5141.054054 5.765056e+05

3509.891892 2.027459e+06
5496.000000 6.845775e+05
6285.351351 2.051971e+06
6612.513514 8.413487e+05
6718.081081 2.018605e+06
6857.081081 8.322256e+05
6777.675676 8.632940e+05
6778.756757 1.221367e+06

4441.567568 7.954657e+05
6815.486486 9.369965e+05
7825.297297 1.130192e+06
8351.324324 1.101875e+06
8428.081081 1.714476e+06
8491.810811 1.155019e+06
8500.378378 2.537923e+06
8456.081081 1.169770e+06

5314.513514 9.663462e+05
8242.486486 2.650341e+06
9497.459459 1.389804e+06
9914.108108 3.029671e+06
10122.540541 1.494616e+06
10229.081081 1.578214e+06
10141.135135 1.875038e+06
10227.945946 1.502216e+06

6143.756757 1.274171e+06
9568.297297 3.488944e+06
11332.324324 1.622969e+06
11501.135135 3.598611e+06
11817.513514 1.760713e+06
11846.189189 1.887180e+06
11937.864865 1.940865e+06
12011.297297 1.883537e+06

7022.621622 1.521467e+06
11046.432432 3.839084e+06
12647.081081 2.084025e+06
13374.702703 4.193527e+06
13457.216216 2.229650e+06
13643.189189 2.233903e+06
13618.027027 2.425956e+06
13491.567568 2.217581e+06

7784.702703 1.870905e+06
12577.378378 3.702871e+06
14210.783784 2.335893e+06
15071.054054 5.095430e+06
15255.054054 2.539318e+06
15283.351351 2.604953e+06
15141.702703 2.963572e+06
15477.108108 2.570862e+06

8820.540541 2.179609e+06
13771.405405 2.481012e+06
15895.459459 2.926554e+06
16632.648649 2.782967e+06
16911.027027 5.373410e+06
16920.486486 2.907335e+06
17136.027027 6.250144e+06
17102.189189 2.923741e+06

9768.351351 2.343527e+06
14981.027027 4.297136e+06
17629.783784 3.046961e+06
18506.864865 6.279613e+06
18438.540541 3.367387e+06
18732.324324 3.517068e+06
18793.702703 3.968663e+06
18607.810811 3.389210e+06

10671.378378 2.733948e+06
16372.243243 5.916346e+06
19154.189189 3.701252e+06
20132.243243 7.451711e+06
20197.675676 3.819940e+06
20490.324324 3.784473e+06
20321.486486 3.850558e+06
20521.000000 3.755928e+06

11568.567568 2.979825e+06
17868.432432 3.733210e+06
20775.270270 4.601877e+06
21599.783784 4.154372e+06
22134.000000 8.066169e+06
21990.675676 4.175892e+06
22069.351351 8.401723e+06
22080.837838 4.165842e+06

12317.945946 3.011206e+06
19481.054054 9.204082e+06
22408.243243 4.193140e+06
23199.783784 4.534860e+06
23746.081081 5.210047e+06
23689.324324 4.672603e+06
23866.324324 6.723562e+06
23674.351351 4.706674e+06

13080.972973 3.350473e+06
20858.162162 4.325361e+06
24074.702703 5.727453e+06
25015.540541 5.037903e+06
25255.594595 9.644692e+06
25431.081081 4.956964e+06
25459.972973 5.317843e+06
25529.378378 5.242971e+06

13943.324324 3.674158e+06
22358.756757 5.962623e+06
25551.810811 5.333165e+06
26754.027027 1.056101e+07
27002.945946 5.522250e+06
27153.216216 1.111484e+07
27162.648649 5.442826e+06
27069.216216 5.296109e+06

14861.783784 4.495705e+06
23690.837838 9.245920e+06
27197.918919 5.807498e+06
28445.297297 1.198867e+07
28574.648649 6.123711e+06
28915.648649 6.145418e+06
28891.648649 6.240290e+06
28816.351351 6.172473e+06

15857.675676 5.100450e+06
24933.837838 6.215672e+06
29027.513514 6.591544e+06
29853.810811 6.583410e+06
30396.486486 1.281645e+07
30427.081081 6.583414e+06
30538.486486 1.330187e+07
30727.513514 6.634279e+06

16738.729730 7.315838e+06
26466.270270 6.521897e+06
30478.162162 6.912251e+06
31505.675676 9.288340e+06
32157.027027 7.336292e+06
32335.189189 1.414756e+07
32069.486486 7.246759e+06
32269.405405 7.227606e+06

17735.324324 6.354937e+06
27644.594595 1.028674e+07
32015.459459 7.618804e+06
33313.675676 1.520929e+07
33693.864865 8.015486e+06
33940.972973 7.897504e+06
34018.405405 8.207416e+06
34158.189189 8.118218e+06

18590.864865 6.908964e+06
29154.486486 7.738987e+06
33614.027027 1.098929e+07
34817.702703 8.482649e+06
35594.081081 1.643294e+07
35548.000000 8.509578e+06
35672.027027 1.736995e+07
35733.351351 8.479417e+06

19420.324324 8.175582e+06
30757.054054 8.489686e+06
35168.540541 9.370183e+06
36515.891892 9.196467e+06
37238.567568 1.196755e+07
37316.837838 9.449855e+06
37382.000000 1.788371e+07
37329.189189 9.473283e+06

20399.648649 7.918315e+06
32233.108108 8.967888e+06
36646.810811 9.674359e+06
38158.621622 1.586668e+07
38845.162162 1.000415e+07
38816.432432 1.877059e+07
39328.081081 1.047758e+07
39131.648649 1.012099e+07

21162.729730 9.251414e+06
33789.594595 9.897068e+06
38049.108108 1.136721e+07
39768.675676 1.069107e+07
40783.135135 1.962884e+07
40547.864865 1.108386e+07
40803.000000 1.064081e+07
40890.135135 1.070014e+07

22055.810811 9.091116e+06
35064.162162 1.120278e+07
39704.216216 1.084690e+07
41619.324324 1.991069e+07
42314.972973 1.175998e+07
42382.162162 2.090756e+07
42461.513514 1.156356e+07
42526.054054 1.114372e+07

22959.972973 1.117082e+07
36292.702703 1.727535e+07
41477.648649 1.188742e+07
43347.000000 2.159214e+07
43950.567568 1.241822e+07
44160.108108 1.254719e+07
43976.432432 1.685355e+07
44340.135135 1.206677e+07

23953.162162 1.138792e+07
37624.621622 1.234244e+07
42980.594595 1.356825e+07
45076.108108 1.265673e+07
45348.891892 2.312672e+07
46046.162162 1.295607e+07
45888.540541 1.273774e+07
45917.540541 1.410803e+07

24872.270270 1.233452e+07
39022.432432 2.009396e+07
44626.297297 1.343393e+07
46758.324324 2.332829e+07
47008.594595 1.352917e+07
47815.702703 1.378636e+07
47613.594595 1.410059e+07
47931.216216 1.351586e+07

25965.486486 1.262319e+07
40331.243243 1.352722e+07
46023.729730 1.423552e+07
48566.837838 1.416161e+07
48770.000000 2.480379e+07
49188.594595 1.400148e+07
49420.405405 2.696773e+07
49817.108108 1.429179e+07

27018.081081 1.356596e+07
41409.513514 2.272651e+07
47728.648649 1.464896e+07
50413.297297 1.491989e+07
50455.297297 1.578978e+07
50589.729730 1.458104e+07
51250.972973 1.591612e+07
51590.189189 1.554252e+07

27911.567568 1.472814e+07
42726.054054 1.511083e+07
49380.351351 1.557841e+07
51882.351351 1.549940e+07
52477.891892 2.690848e+07
52518.054054 1.571900e+07
52829.594595 2.900416e+07
53054.216216 1.604250e+07

28781.486486 1.487943e+07
44404.432432 2.062759e+07
50658.648649 1.589450e+07
53416.216216 2.880989e+07
54327.864865 1.644943e+07
54221.540541 1.619825e+07
54819.891892 1.688435e+07
54377.702703 1.625359e+07

29586.783784 1.606186e+07
45941.567568 1.645526e+07
52374.540541 1.860849e+07
54929.783784 1.708660e+07
55876.945946 2.924440e+07
55907.378378 1.686915e+07
56590.729730 3.141295e+07
56251.108108 1.707603e+07

30297.081081 1.486412e+07
47425.756757 1.733668e+07
54099.864865 1.750432e+07
56505.702703 2.993689e+07
57433.324324 1.831917e+07
57851.000000 3.328709e+07
58215.621622 1.744390e+07
58022.351351 1.729094e+07

31240.432432 3.235719e+07
48558.486486 1.796299e+07
56130.297297 1.763893e+07
58044.918919 1.980023e+07
58997.135135 1.848665e+07
59721.243243 3.246816e+07
59671.756757 1.831279e+07
59740.567568 1.799618e+07

32147.027027 1.706851e+07
50106.270270 2.803246e+07
57638.810811 1.881830e+07
59855.837838 3.352484e+07
60772.729730 1.870633e+07
61377.810811 1.869779e+07
61221.027027 3.038316e+07
61612.837838 1.875665e+07

33086.513514 1.798369e+07
51490.702703 1.878449e+07
59187.864865 2.104961e+07
61720.378378 1.938733e+07
62329.324324 3.425622e+07
63060.459459 1.927588e+07
62946.783784 1.923413e+07
63458.810811 2.041232e+07

34047.270270 1.936681e+07
52831.108108 1.867640e+07
60572.378378 2.022927e+07
63500.810811 2.028628e+07
63984.783784 3.394564e+07
64917.945946 2.021852e+07
64663.243243 3.722075e+07
65184.972973 2.031531e+07

34892.270270 2.550614e+07
54223.135135 1.998465e+07
62196.891892 1.989290e+07
65122.729730 3.211001e+07
65545.621622 2.030878e+07
66754.108108 3.723381e+07
66424.864865 2.053771e+07
67048.945946 2.066313e+07

35696.675676 2.029308e+07
55575.432432 2.045295e+07
64170.648649 2.255797e+07
66342.243243 2.223372e+07
67675.810811 3.894168e+07
68079.486486 2.107205e+07
68451.621622 2.161083e+07
68325.027027 2.170286e+07

36534.027027 1.978233e+07
56981.702703 2.500312e+07
65692.486486 2.236968e+07
68303.000000 3.791276e+07
69375.891892 2.178789e+07
69567.270270 2.180520e+07
70315.378378 2.231317e+07
69874.216216 2.211185e+07

37466.621622 2.177043e+07
58411.351351 2.170194e+07
67090.837838 2.382211e+07
70283.027027 2.275511e+07
71057.135135 4.119901e+07
71261.054054 2.262698e+07
72044.621622 2.240062e+07
71387.027027 2.836814e+07

38412.972973 2.122359e+07
59930.351351 3.471947e+07
68602.108108 2.374779e+07
71867.783784 4.140058e+07
72677.216216 2.297037e+07
72968.162162 2.319880e+07
73939.567568 2.380534e+07
73133.513514 2.294703e+07

39200.540541 2.325473e+07
61609.891892 2.334711e+07
70048.432432 2.564166e+07
73364.675676 2.383250e+07
74561.729730 4.458740e+07
74618.027027 2.380350e+07
75558.054054 2.398468e+07
75163.540541 3.299382e+07

40034.351351 2.308819e+07
63158.864865 3.776788e+07
71631.405405 2.370867e+07
74896.702703 2.319545e+07
76312.783784 2.567817e+07
76643.297297 2.552496e+07
76768.351351 4.528980e+07
77106.216216 2.419486e+07

40953.135135 2.327651e+07
64657.216216 2.366576e+07
72993.108108 2.488620e+07
76702.000000 2.455250e+07
77998.756757 3.424886e+07
78655.567568 2.515065e+07
78144.081081 4.597384e+07
78828.972973 2.514794e+07

41862.432432 2.392192e+07
65877.837838 2.473278e+07
74789.810811 2.546023e+07
78290.054054 2.517509e+07
79416.648649 3.926153e+07
80557.729730 2.630582e+07
79838.594595 4.843568e+07
80438.027027 2.572477e+07

42773.513514 3.226929e+07
67270.837838 2.587670e+07
76326.837838 4.642600e+07
80082.486486 2.595666e+07
81305.027027 2.598260e+07
82262.918919 2.625718e+07
81443.189189 2.677980e+07
82046.135135 4.650482e+07

43623.621622 2.431194e+07
68778.432432 4.469217e+07
78026.027027 2.658154e+07
81739.810811 2.596506e+07
82782.189189 2.885040e+07
83976.081081 2.711990e+07
83430.621622 5.159656e+07
83647.297297 2.747534e+07

44517.972973 2.515956e+07
70054.459459 4.135118e+07
79896.648649 2.733743e+07
83386.567568 5.032539e+07
84086.675676 2.744876e+07
85771.729730 2.752131e+07
85404.054054 5.100053e+07
85218.810811 2.746627e+07

45446.297297 2.505068e+07
71404.000000 2.826097e+07
81497.054054 2.802570e+07
85051.000000 5.021042e+07
86042.243243 2.812639e+07
87137.918919 5.389661e+07
87095.108108 2.938924e+07
86936.297297 2.819838e+07

46253.621622 4.159249e+07
73158.729730 2.814372e+07
82753.000000 2.871191e+07
86678.432432 3.055383e+07
88101.756757 2.871732e+07
88590.756757 5.323035e+07
88868.891892 2.901502e+07
88452.783784 2.797254e+07

47009.027027 2.661251e+07
74637.351351 3.654132e+07
84388.540541 2.910487e+07
88292.540541 5.640812e+07
90044.486486 2.905020e+07
90114.648649 2.936893e+07
90281.810811 5.520826e+07
90376.918919 2.925425e+07

47963.702703 2.767333e+07
76005.108108 2.803458e+07
85998.756757 3.122265e+07
90106.567568 2.954447e+07
91615.459459 5.288416e+07
91760.432432 3.020751e+07
91993.459459 5.838562e+07
92321.108108 2.990891e+07

48819.405405 3.815879e+07
77315.837838 3.001398e+07
87824.054054 5.064495e+07
91580.378378 3.036178e+07
93485.054054 2.959579e+07
93507.486486 3.180085e+07
93778.054054 3.127839e+07
93972.540541 4.147153e+07

49847.891892 2.906598e+07
78701.486486 5.092371e+07
89330.000000 3.088138e+07
93237.270270 3.000513e+07
95474.486486 3.269153e+07
95069.270270 3.120044e+07
95437.648649 5.844921e+07
95525.864865 3.250395e+07

50752.351351 3.842827e+07
80116.702703 3.107849e+07
90868.351351 5.654198e+07
94922.810811 3.148479e+07
97083.594595 3.126809e+07
96813.756757 3.296320e+07
96936.054054 3.210452e+07
97222.756757 6.159034e+07

51775.459459 3.033896e+07
81358.243243 5.621661e+07
92582.486486 3.219396e+07
96338.729730 3.247523e+07
98824.243243 6.373138e+07
98658.297297 3.262009e+07
98699.513514 3.214211e+07
99270.297297 4.421937e+07

52769.027027 2.947511e+07
82401.945946 3.578966e+07
94538.891892 3.240687e+07
97833.000000 6.104254e+07
100342.270270 3.305299e+07
100505.000000 3.336555e+07
100367.243243 6.002454e+07
101239.081081 3.363433e+07

53614.135135 3.370089e+07
83607.162162 3.390857e+07
96407.540541 3.650912e+07
99679.189189 3.332695e+07
101877.189189 6.588896e+07
102110.540541 3.405851e+07
102265.324324 3.335383e+07
102966.918919 3.473003e+07

54472.648649 3.123252e+07
85076.324324 5.590491e+07
97951.945946 3.415953e+07
101714.621622 6.531886e+07
103129.891892 3.444885e+07
103794.918919 3.449512e+07
104141.351351 3.669795e+07
104257.783784 3.488237e+07

55235.054054 3.208090e+07
86793.972973 3.441025e+07
99257.702703 3.576951e+07
103635.675676 3.547873e+07
104818.000000 6.665734e+07
105398.621622 3.481746e+07
106006.054054 3.517975e+07
105705.837838 4.590799e+07

56255.621622 3.320433e+07
88159.189189 5.786639e+07
100773.081081 3.533826e+07
105317.432432 3.518955e+07
106556.675676 3.707314e+07
107113.756757 3.609352e+07
107519.216216 6.727531e+07
107474.567568 3.610397e+07

57363.324324 3.210285e+07
89295.405405 5.775351e+07
102416.162162 3.599198e+07
107087.270270 6.952887e+07
108382.162162 3.661025e+07
108541.675676 3.679176e+07
109366.594595 3.726137e+07
109247.216216 3.707157e+07

58181.486486 3.381640e+07
90793.918919 3.576966e+07
104066.405405 3.785511e+07
108781.540541 3.649812e+07
109972.243243 4.031288e+07
110160.729730 3.688282e+07
111286.081081 7.388446e+07
110564.324324 3.713147e+07

59016.567568 3.422484e+07
92309.702703 6.205628e+07
105597.783784 3.732927e+07
110422.891892 7.286784e+07
111586.027027 3.749327e+07
112150.675676 3.788804e+07
112918.540541 6.842298e+07
112057.270270 3.784752e+07

59866.756757 3.524951e+07
93719.486486 3.658303e+07
107186.243243 3.929739e+07
112160.702703 3.901781e+07
113226.702703 4.305351e+07
113781.648649 3.874866e+07
114556.432432 7.359758e+07
113910.486486 3.925773e+07

60999.972973 3.615084e+07
94835.756757 5.222271e+07
109003.621622 3.826453e+07
113778.810811 3.809375e+07
114855.324324 4.089938e+07
115487.243243 3.941375e+07
116140.783784 7.617752e+07
115821.810811 3.978004e+07

62052.729730 3.555567e+07
96128.486486 4.001203e+07
110361.648649 3.927091e+07
115626.621622 7.786416e+07
116353.216216 3.981799e+07
117476.000000 3.918689e+07
117592.054054 5.804790e+07
117977.297297 3.960372e+07

62844.135135 3.692017e+07
97749.027027 3.856795e+07
111602.459459 4.156373e+07
117504.648649 4.081275e+07
118193.108108 7.815134e+07
119307.243243 4.086504e+07
119221.594595 8.329157e+07
119605.000000 4.094569e+07

63625.945946 3.739702e+07
99320.081081 4.743698e+07
113132.459459 4.131380e+07
119127.027027 7.880587e+07
119914.324324 4.169795e+07
121110.567568 4.188709e+07
120877.540541 7.631622e+07
121272.459459 4.161311e+07

64455.972973 3.961608e+07
100701.621622 4.049327e+07
114866.540541 4.401231e+07
120573.945946 4.198123e+07
121815.972973 8.107162e+07
122826.351351 4.182450e+07
122451.594595 4.149164e+07
123051.621622 4.357057e+07

65442.621622 5.412495e+07
102139.135135 4.211920e+07
116526.243243 8.074437e+07
122139.297297 4.209780e+07
123337.729730 4.216475e+07
124504.783784 4.242223e+07
124073.729730 4.255895e+07
125006.783784 8.510280e+07

66474.891892 3.932526e+07
103540.081081 4.128022e+07
118246.000000 4.401323e+07
123532.702703 4.316406e+07
124953.000000 8.239133e+07
126405.324324 4.422665e+07
125552.783784 4.282911e+07
126788.135135 4.416038e+07

67372.540541 3.845869e+07
104926.270270 5.006755e+07
120104.432432 4.324658e+07
125083.675676 8.737688e+07
126553.135135 4.304661e+07
128150.702703 4.472461e+07
127413.729730 9.075511e+07
128161.810811 4.353465e+07

68364.594595 5.980954e+07
106229.945946 4.285539e+07
121671.783784 4.278035e+07
126800.243243 6.798824e+07
128176.459459 4.457012e+07
129634.297297 9.185180e+07
129544.162162 4.514265e+07
129748.378378 4.447066e+07

69198.837838 4.659432e+07
107663.729730 4.323701e+07
123433.135135 4.700703e+07
128335.918919 4.505112e+07
129812.783784 9.035979e+07
131332.702703 4.520912e+07
131418.972973 4.435941e+07
131524.054054 6.069515e+07

69966.567568 4.231472e+07
109143.027027 7.758112e+07
125075.162162 4.478434e+07
129838.351351 4.503588e+07
131839.486486 9.198513e+07
132863.432432 4.710701e+07
133120.702703 4.518850e+07
133224.918919 7.441894e+07

70772.324324 4.316861e+07
110758.135135 4.344385e+07
126599.972973 4.606296e+07
131338.081081 4.649033e+07
133906.810811 6.435344e+07
134341.378378 4.630431e+07
134789.702703 9.121921e+07
135026.216216 4.686130e+07

71683.837838 4.174998e+07
112205.135135 4.835867e+07
128235.297297 4.616322e+07
132982.108108 9.248274e+07
135622.594595 4.798265e+07
136056.513514 4.760508e+07
136384.756757 9.293525e+07
136963.594595 4.774449e+07

72615.513514 6.494753e+07
113588.054054 4.660283e+07
129796.108108 4.582568e+07
134535.621622 8.871688e+07
137204.459459 4.721096e+07
137770.216216 1.029460e+08
138527.189189 4.786691e+07
138616.837838 4.746141e+07

73666.027027 4.612975e+07
114932.702703 4.730283e+07
131364.945946 4.862137e+07
136216.621622 4.888752e+07
138925.054054 9.754608e+07
139139.621622 4.998648e+07
140515.837838 4.813901e+07
140344.027027 6.052378e+07

74425.594595 4.379386e+07
116393.675676 6.596012e+07
133132.324324 4.876572e+07
138013.459459 9.975195e+07
140681.864865 4.960567e+07
140547.351351 4.969824e+07
142199.729730 1.045522e+08
142231.243243 5.018075e+07

75285.108108 4.448773e+07
117815.540541 4.832836e+07
134676.108108 5.084340e+07
139776.594595 9.931536e+07
142371.972973 5.057016e+07
142322.567568 4.909292e+07
143530.486486 6.301088e+07
144084.270270 5.186054e+07

76139.459459 4.783500e+07
119339.810811 4.894047e+07
136094.405405 5.280840e+07
141401.648649 4.985795e+07
144154.567568 1.075910e+08
144286.216216 5.136140e+07
145096.486486 5.052662e+07
145739.567568 6.915509e+07

77069.648649 4.553609e+07
120527.621622 5.485725e+07
138029.675676 5.070427e+07
142841.837838 1.053648e+08
145927.081081 5.253832e+07
146331.702703 5.204753e+07
146527.918919 1.077795e+08
147420.378378 5.327976e+07

77886.351351 4.768024e+07
121838.702703 4.787362e+07
139753.459459 5.007407e+07
144611.864865 4.983698e+07
147337.648649 5.167004e+07
148371.729730 5.263839e+07
148011.297297 1.062874e+08
149231.243243 5.186059e+07

78773.864865 4.822117e+07
123099.918919 4.866772e+07
141367.756757 5.275733e+07
146543.000000 5.058941e+07
148848.783784 1.019223e+08
150151.135135 5.300453e+07
149760.729730 1.038818e+08
151031.378378 5.366041e+07

79657.297297 4.755724e+07
124512.405405 4.971531e+07
143058.027027 5.306611e+07
147883.972973 5.271155e+07
150820.459459 1.070740e+08
151783.162162 5.355621e+07
151891.945946 5.231928e+07
152609.729730 5.452019e+07

80644.432432 7.381951e+07
125869.972973 5.344169e+07
144622.027027 5.119198e+07
149372.162162 9.192207e+07
152743.270270 5.434741e+07
153345.540541 1.147404e+08
153926.351351 6.558450e+07
154020.567568 5.504678e+07

81768.837838 4.813174e+07
127100.297297 5.195130e+07
146082.405405 5.298454e+07
151219.432432 1.069662e+08
154501.108108 5.428870e+07
155045.324324 5.247124e+07
155526.837838 6.446394e+07
155716.756757 5.524912e+07

82644.027027 5.052392e+07
128664.135135 5.315249e+07
147466.000000 5.484522e+07
153177.351351 5.537659e+07
156042.891892 1.155866e+08
156793.081081 5.591128e+07
157140.891892 5.638407e+07
157535.432432 6.772402e+07

83471.081081 4.919155e+07
130246.891892 9.019948e+07
148931.054054 5.485309e+07
154905.783784 1.145860e+08
157373.945946 5.548328e+07
158580.216216 5.508953e+07
158990.513514 1.170409e+08
159311.621622 5.628082e+07

84337.216216 5.166775e+07
131661.702703 5.296218e+07
150520.810811 5.596615e+07
156759.108108 5.514439e+07
158731.783784 8.013676e+07
160342.675676 5.756006e+07
160763.513514 1.214852e+08
160835.432432 5.751820e+07

85296.864865 5.111359e+07
133101.405405 9.926158e+07
152051.432432 5.627461e+07
158649.594595 5.548410e+07
160096.162162 5.840615e+07
162068.000000 5.775225e+07
162525.297297 1.170120e+08
162473.297297 5.860683e+07

86239.135135 5.097655e+07
134626.702703 6.901830e+07
153412.918919 5.660888e+07
160484.702703 1.182436e+08
161699.027027 5.887256e+07
163733.783784 5.885775e+07
164399.891892 1.227339e+08
164024.324324 5.826897e+07

87155.918919 8.000928e+07
136098.891892 5.538629e+07
155086.567568 5.595492e+07
162208.891892 6.911017e+07
163374.351351 5.844096e+07
165225.702703 1.216449e+08
166289.189189 5.945919e+07
165636.621622 5.931096e+07

88038.108108 5.746935e+07
137725.432432 5.638636e+07
156336.972973 5.931311e+07
163945.945946 5.869959e+07
165264.432432 1.259894e+08
166756.432432 6.084311e+07
168215.108108 5.817583e+07
167183.675676 1.152567e+08

89134.270270 5.502253e+07
138944.378378 5.871156e+07
157916.891892 6.014231e+07
165651.594595 6.079857e+07
167097.405405 1.232197e+08
168372.378378 6.370470e+07
169928.270270 5.990181e+07
169111.054054 1.209620e+08

90096.027027 5.503487e+07
140397.648649 1.072398e+08
159389.864865 5.896721e+07
167095.945946 5.935340e+07
169071.621622 1.193865e+08
170026.162162 6.055384e+07
171514.810811 1.252789e+08
170767.729730 6.167816e+07

