823.051282 3.104398e+05
1388.000000 3.713200e+05
1569.794872 4.000091e+05
1714.384615 4.443402e+05
1679.564103 6.579775e+05
1715.025641 4.526212e+05
1705.333333 1.698091e+05
1697.666667 1.290535e+05

1729.128205 3.343537e+05
2764.461538 2.831938e+05
3161.948718 3.255313e+05
3362.461538 3.575812e+05
3390.410256 3.733833e+05
3399.897436 3.864463e+05
3439.487179 3.349091e+05
3412.179487 3.643320e+05

2600.948718 3.801272e+05
4165.564103 4.760881e+05
4847.076923 6.120275e+05
4964.230769 5.496477e+05
5073.179487 5.372079e+05
5149.205128 5.637049e+05
5157.179487 5.481518e+05
5191.076923 5.286397e+05

3539.948718 6.531591e+05
5524.897436 6.986398e+05
6380.076923 7.621148e+05
6701.717949 8.525156e+05
6802.897436 8.381987e+05
6935.769231 8.712096e+05
6830.512821 8.688916e+05
6835.538462 8.371105e+05

4481.076923 8.169460e+05
6875.589744 9.199398e+05
7931.076923 1.043221e+06
8450.923077 1.074856e+06
8544.948718 1.070301e+06
8568.923077 9.792809e+05
8570.871795 9.949489e+05
8522.128205 1.077900e+06

5360.743590 6.701521e+07
8313.435897 2.010608e+07
9592.743590 4.805988e+06
10032.564103 2.047570e+06
10228.435897 3.097746e+06
10292.000000 2.375910e+06
10261.974359 2.043450e+06
10334.615385 4.208929e+06

6188.871795 3.048632e+06
9631.307692 1.478073e+06
11446.410256 3.742947e+06
11612.205128 1.724678e+06
11942.692308 4.048536e+06
11952.410256 1.498629e+06
12106.923077 1.692498e+06
12131.025641 2.110792e+06

7089.692308 2.858998e+06
11138.051282 1.559525e+06
12793.000000 3.951188e+06
13491.820513 1.846123e+06
13580.153846 1.708060e+06
13790.179487 2.298461e+06
13794.000000 1.539799e+06
13644.282051 2.689302e+06

7849.717949 1.615512e+06
12702.743590 3.406942e+06
14341.051282 2.037527e+06
15230.102564 4.714851e+06
15415.256410 1.750049e+06
15485.538462 5.073925e+06
15313.282051 2.246553e+06
15617.461538 2.065862e+06

8889.769231 3.257941e+06
13883.820513 1.977664e+06
16089.948718 4.436873e+06
16797.410256 2.313873e+06
17099.153846 5.705552e+06
17114.692308 2.338354e+06
17279.025641 2.484285e+06
17232.051282 2.994310e+06

9848.179487 3.712470e+06
15112.461538 2.309810e+06
17824.487179 5.387688e+06
18671.461538 2.473969e+06
18638.256410 6.401923e+06
18921.256410 2.761267e+06
18958.333333 2.598289e+06
18784.666667 2.948183e+06

10760.051282 2.292940e+06
16523.923077 5.693073e+06
19371.820513 3.065148e+06
20331.564103 6.776563e+06
20439.538462 3.105348e+06
20695.384615 3.087871e+06
20499.846154 3.136783e+06
20673.794872 3.080011e+06

11657.820513 2.718082e+06
18044.820513 3.162793e+06
20970.179487 4.283549e+06
21806.820513 3.688178e+06
22397.564103 8.105863e+06
22226.076923 3.410006e+06
22231.410256 3.616879e+06
22260.641026 4.804107e+06

12431.897436 2.620309e+06
19659.051282 7.575093e+06
22639.282051 3.737843e+06
23447.205128 3.718625e+06
23978.487179 4.616573e+06
23915.512821 4.239841e+06
24091.692308 8.381510e+06
23828.512821 3.836482e+06

13178.307692 2.993601e+06
21055.564103 3.467041e+06
24312.948718 4.172616e+06
25262.615385 4.491499e+06
25532.538462 6.978844e+06
25663.871795 4.673138e+06
25696.923077 9.843670e+06
25759.205128 4.433038e+06

14084.897436 3.548033e+06
22553.769231 4.966376e+06
25775.051282 4.604980e+06
26997.923077 9.431513e+06
27292.538462 4.937943e+06
27355.230769 1.125370e+07
27365.846154 4.944488e+06
27349.923077 4.903761e+06

15005.666667 4.131049e+06
23899.282051 1.482053e+07
27456.179487 5.404241e+06
28756.384615 1.159370e+07
28834.820513 5.066335e+06
29131.205128 1.196178e+07
29110.205128 5.652737e+06
29143.871795 5.547700e+06

15984.179487 4.420221e+06
25196.717949 1.586886e+07
29303.205128 6.025466e+06
30175.743590 1.261398e+07
30697.282051 5.973326e+06
30657.307692 1.355064e+07
30796.205128 5.933907e+06
31055.307692 6.334879e+06

16901.769231 5.431066e+06
26706.333333 6.269630e+06
30730.230769 6.879088e+06
31839.230769 6.931081e+06
32476.692308 1.414750e+07
32602.897436 6.650627e+06
32361.871795 1.485272e+07
32646.948718 6.976962e+06

17895.076923 5.753470e+06
27915.102564 7.023255e+06
32277.358974 7.974207e+06
33729.025641 8.023190e+06
33982.897436 9.124619e+06
34283.128205 7.835740e+06
34326.333333 1.533138e+07
34504.871795 7.306817e+06

18769.410256 6.855279e+06
29433.410256 7.538201e+06
33954.358974 8.392804e+06
35165.435897 1.533222e+07
35908.641026 8.273311e+06
35830.589744 8.218295e+06
36048.487179 9.001113e+06
36096.897436 8.827942e+06

19607.666667 7.787771e+06
31030.717949 8.477759e+06
35502.846154 9.515912e+06
36872.769231 9.156893e+06
37537.666667 1.650538e+07
37647.871795 8.786012e+06
37747.974359 1.852501e+07
37796.179487 9.413879e+06

20567.410256 8.792688e+06
32519.487179 9.065189e+06
37014.769231 9.803598e+06
38552.051282 1.728304e+07
39192.794872 9.824975e+06
39154.538462 1.911895e+07
39727.179487 1.017878e+07
39559.769231 9.844937e+06

21369.307692 9.762745e+06
34077.871795 9.963042e+06
38448.923077 1.178773e+07
40148.153846 1.055461e+07
41060.282051 1.859663e+07
40985.897436 1.056333e+07
41232.410256 2.061710e+07
41346.769231 1.094417e+07

22248.333333 9.840451e+06
35398.974359 1.411903e+07
40135.666667 1.169417e+07
42033.487179 1.995030e+07
42653.384615 1.152877e+07
42786.333333 1.195923e+07
42911.743590 1.202004e+07
43056.641026 1.215341e+07

23147.589744 1.155941e+07
36617.435897 1.222946e+07
41903.692308 1.302780e+07
43728.051282 1.257406e+07
44316.333333 2.134097e+07
44604.897436 1.266765e+07
44458.128205 2.260942e+07
44796.743590 1.230808e+07

24177.923077 1.223191e+07
37933.410256 1.353449e+07
43455.538462 1.304357e+07
45480.179487 2.164588e+07
45726.051282 1.318221e+07
46499.205128 2.344800e+07
46373.230769 1.331278e+07
46439.794872 1.323956e+07

25081.000000 1.221549e+07
39354.743590 1.347662e+07
45074.051282 1.396984e+07
47217.923077 1.455311e+07
47404.769231 2.355860e+07
48294.538462 1.369971e+07
48144.128205 2.468806e+07
48417.435897 1.396451e+07

26207.615385 1.356432e+07
40693.410256 2.107108e+07
46456.179487 1.344510e+07
49015.358974 1.401502e+07
49185.230769 1.545474e+07
49682.128205 1.444950e+07
49943.666667 1.456031e+07
50313.000000 1.449912e+07

27259.538462 1.388773e+07
41807.871795 1.477336e+07
48169.923077 1.512949e+07
50863.564103 1.597649e+07
50903.564103 2.563438e+07
51160.589744 1.524154e+07
51762.358974 2.648709e+07
52062.769231 1.562253e+07

28168.666667 1.474287e+07
43114.769231 1.675895e+07
49823.641026 1.536905e+07
52343.615385 2.548406e+07
53011.333333 1.598361e+07
53033.666667 2.805446e+07
53390.589744 1.615580e+07
53516.794872 1.574027e+07

29031.512821 1.528266e+07
44855.230769 1.609397e+07
51116.820513 1.716854e+07
53921.384615 1.731233e+07
54805.410256 2.913264e+07
54807.923077 1.640360e+07
55333.769231 1.676902e+07
54838.076923 1.960243e+07

29877.666667 1.986881e+07
46332.000000 1.740788e+07
52905.307692 2.714711e+07
55406.512821 1.706299e+07
56392.000000 1.729942e+07
56525.410256 2.639483e+07
57214.820513 1.762524e+07
56752.820513 1.677716e+07

30569.179487 1.703717e+07
47855.282051 1.719697e+07
54673.717949 1.814710e+07
56966.102564 1.829430e+07
57996.256410 2.949239e+07
58483.692308 1.787461e+07
58774.461538 3.163252e+07
58526.333333 1.809936e+07

31498.333333 2.136127e+07
49036.256410 1.821577e+07
56734.897436 2.975963e+07
58580.179487 1.786510e+07
59556.461538 3.327610e+07
60375.000000 1.868025e+07
60261.538462 1.882706e+07
60246.487179 1.783291e+07

32443.128205 1.798889e+07
50584.923077 2.426107e+07
58180.974359 1.923235e+07
60456.410256 3.182700e+07
61355.564103 1.903849e+07
61990.333333 3.285926e+07
61838.974359 1.907197e+07
62152.282051 1.914602e+07

33363.769231 1.866771e+07
51966.487179 2.882620e+07
59742.435897 1.977780e+07
62231.897436 3.359792e+07
62941.512821 2.038784e+07
63718.948718 2.038429e+07
63567.051282 2.335465e+07
64009.589744 1.997979e+07

34359.076923 2.125768e+07
53290.282051 2.035001e+07
61155.076923 2.206883e+07
64054.512821 2.053240e+07
64608.282051 3.571124e+07
65569.846154 2.065776e+07
65310.307692 2.067974e+07
65755.153846 2.158136e+07

35193.307692 1.911165e+07
54733.641026 2.110769e+07
62783.205128 2.068512e+07
65737.820513 3.514909e+07
66238.435897 2.108111e+07
67364.948718 3.665792e+07
67139.102564 2.221597e+07
67559.102564 2.096307e+07

36026.461538 2.111778e+07
56082.666667 2.137947e+07
64737.692308 2.202596e+07
66983.179487 2.225239e+07
68440.025641 3.884212e+07
68748.128205 2.199239e+07
69066.692308 2.146842e+07
68924.128205 2.211076e+07

36862.948718 2.196796e+07
57485.025641 2.158169e+07
66298.025641 2.244343e+07
68934.358974 2.264448e+07
70111.769231 3.652497e+07
70283.179487 2.247272e+07
70924.666667 4.206455e+07
70468.666667 2.288801e+07

37784.974359 2.149627e+07
58929.717949 3.448025e+07
67776.179487 2.308612e+07
70903.846154 2.270049e+07
71755.948718 2.437816e+07
71931.897436 2.286941e+07
72710.102564 4.061845e+07
72008.435897 2.351544e+07

38726.974359 2.259827e+07
60496.769231 2.238070e+07
69258.487179 2.397764e+07
72533.205128 2.401231e+07
73436.410256 2.807877e+07
73678.846154 2.387928e+07
74602.256410 4.649347e+07
73755.333333 2.492202e+07

39523.410256 2.230025e+07
62194.179487 3.215120e+07
70675.512821 2.428441e+07
74079.076923 4.199826e+07
75314.846154 2.451561e+07
75338.076923 2.436837e+07
76242.846154 4.279918e+07
75738.615385 2.426974e+07

40377.897436 2.422891e+07
63747.487179 2.337522e+07
72293.153846 2.605588e+07
75611.256410 2.498634e+07
77015.358974 3.170712e+07
77410.051282 2.558557e+07
77514.000000 4.531316e+07
77714.717949 2.519603e+07

41305.923077 2.335854e+07
65221.384615 3.430834e+07
73680.384615 2.563113e+07
77380.487179 4.548796e+07
78776.205128 2.567998e+07
79366.102564 2.570912e+07
78929.205128 3.944218e+07
79555.974359 2.588149e+07

42247.410256 3.099672e+07
66489.589744 2.542978e+07
75480.410256 4.316257e+07
79068.846154 2.643877e+07
80246.410256 2.682570e+07
81345.102564 4.663939e+07
80549.205128 2.695556e+07
81188.307692 2.618036e+07

43150.230769 2.542951e+07
67852.000000 4.095392e+07
77038.410256 2.740245e+07
80845.923077 4.848962e+07
82094.923077 2.767567e+07
83026.205128 2.767511e+07
82179.589744 4.895969e+07
82818.589744 2.728581e+07

43983.358974 2.676542e+07
69434.282051 2.590831e+07
78734.153846 2.728252e+07
82561.307692 2.777904e+07
83594.512821 2.818427e+07
84757.051282 2.830676e+07
84183.923077 4.791553e+07
84454.538462 2.779655e+07

44906.256410 2.725412e+07
70664.641026 2.636127e+07
80670.410256 2.891114e+07
84193.000000 2.775347e+07
84942.461538 4.596606e+07
86534.948718 2.852822e+07
86160.025641 5.066690e+07
85972.410256 2.840178e+07

45850.641026 2.788978e+07
72065.307692 4.599411e+07
82232.205128 2.860440e+07
85848.000000 2.823998e+07
86881.564103 3.017899e+07
87972.538462 2.969299e+07
87904.230769 5.474659e+07
87702.384615 2.918958e+07

46678.820513 2.696346e+07
73839.179487 3.417191e+07
83523.179487 2.905943e+07
87585.974359 5.184175e+07
88953.025641 2.963462e+07
89357.153846 3.004902e+07
89653.769231 3.513386e+07
89242.820513 3.007913e+07

47429.923077 3.099259e+07
75321.435897 3.054359e+07
85218.230769 4.644661e+07
89178.948718 3.075245e+07
90919.102564 5.756463e+07
90888.333333 3.081551e+07
91136.461538 3.074891e+07
91098.435897 5.635930e+07

48388.641026 3.038925e+07
76700.692308 2.922523e+07
86810.000000 3.144309e+07
90988.256410 3.063370e+07
92529.051282 3.672156e+07
92603.717949 3.125958e+07
92811.102564 5.288745e+07
93062.717949 3.120337e+07

49251.384615 3.025015e+07
78009.846154 4.817561e+07
88688.025641 3.140631e+07
92507.923077 5.937524e+07
94406.205128 3.173883e+07
94293.076923 3.194688e+07
94637.256410 5.156090e+07
94734.076923 3.216024e+07

50280.230769 3.873847e+07
79415.153846 3.070334e+07
90169.153846 3.096852e+07
94117.435897 3.340419e+07
96377.846154 3.279021e+07
95871.923077 5.920445e+07
96229.589744 3.342269e+07
96344.846154 3.298521e+07

51226.948718 3.167514e+07
80844.948718 3.246102e+07
91780.410256 3.497064e+07
95836.564103 3.336685e+07
98011.820513 6.085494e+07
97686.974359 3.293070e+07
97856.179487 3.341160e+07
98036.743590 3.467969e+07

52241.641026 3.047041e+07
82051.384615 4.244141e+07
93446.051282 3.340758e+07
97267.179487 6.246657e+07
99809.025641 3.405769e+07
99551.282051 3.429527e+07
99590.820513 6.025491e+07
100080.487179 3.518230e+07

53191.025641 4.064877e+07
83184.974359 3.372249e+07
95433.538462 5.980213e+07
98858.358974 3.423394e+07
101283.000000 3.504724e+07
101369.820513 5.467288e+07
101262.076923 3.508023e+07
102088.615385 3.381684e+07

54061.128205 3.298179e+07
84422.025641 6.135735e+07
97322.000000 3.562739e+07
100654.230769 3.477133e+07
102765.871795 6.615652e+07
103012.794872 3.599464e+07
103174.487179 3.438273e+07
103649.948718 4.623779e+07

54946.641026 3.247482e+07
85834.076923 5.397225e+07
98792.153846 3.563064e+07
102740.384615 6.859601e+07
104239.051282 3.572277e+07
104689.205128 3.595880e+07
105035.666667 5.233637e+07
105039.589744 3.616615e+07

55733.435897 3.638736e+07
87576.871795 3.583339e+07
100184.974359 3.878596e+07
104695.923077 3.653764e+07
105869.384615 7.291360e+07
106393.769231 3.665929e+07
106869.282051 3.695674e+07
106546.794872 5.891486e+07

56750.615385 3.579686e+07
88998.435897 6.170562e+07
101655.564103 3.609026e+07
106385.051282 3.619228e+07
107559.846154 5.358064e+07
108109.538462 3.766726e+07
108384.769231 6.848061e+07
108324.205128 3.783127e+07

57893.410256 3.560064e+07
90135.025641 3.597969e+07
103372.794872 3.841939e+07
108119.692308 3.738780e+07
109346.538462 7.093161e+07
109464.794872 3.824104e+07
110296.666667 3.747867e+07
110067.256410 4.586578e+07

58701.230769 3.615978e+07
91660.025641 3.588238e+07
105045.410256 3.938526e+07
109877.051282 3.857167e+07
110965.974359 7.236728e+07
111269.769231 3.855793e+07
112125.948718 7.564795e+07
111456.410256 3.889765e+07

59526.897436 3.561458e+07
93190.846154 4.069666e+07
106574.692308 3.823214e+07
111504.538462 7.368988e+07
112577.435897 3.936088e+07
113176.820513 4.040556e+07
113798.487179 7.576714e+07
112938.153846 3.960702e+07

60364.641026 3.658673e+07
94601.666667 3.709262e+07
108227.692308 4.030308e+07
113281.128205 4.012715e+07
114312.000000 5.557177e+07
114872.461538 4.075883e+07
115479.897436 7.260112e+07
114692.692308 3.914785e+07

61546.794872 3.651888e+07
95664.589744 4.284875e+07
110092.846154 3.982056e+07
114894.282051 7.948811e+07
115948.871795 4.154011e+07
116637.794872 4.077137e+07
117024.692308 7.236793e+07
116739.794872 4.142946e+07

62582.051282 4.010955e+07
97075.871795 4.126346e+07
111417.179487 4.474398e+07
116782.794872 4.147597e+07
117508.923077 7.929116e+07
118498.743590 4.086642e+07
118537.128205 4.040562e+07
118809.000000 4.123770e+07

63391.128205 5.385434e+07
98651.692308 4.117744e+07
112643.974359 4.005593e+07
118672.666667 7.027713e+07
119237.230769 4.186110e+07
120341.256410 8.132278e+07
120191.076923 4.269884e+07
120482.487179 4.216225e+07

64205.102564 4.026473e+07
100224.692308 4.157565e+07
114214.435897 4.388351e+07
120293.897436 4.293953e+07
121041.307692 7.903884e+07
122137.230769 4.289022e+07
121923.615385 4.175698e+07
122098.538462 4.361261e+07

65017.871795 5.414632e+07
101623.076923 4.257256e+07
115920.717949 4.118651e+07
121776.743590 5.650448e+07
122889.410256 4.339510e+07
123920.025641 8.376966e+07
123477.282051 4.420565e+07
123934.205128 4.370613e+07

66017.025641 4.593836e+07
103094.717949 4.379261e+07
117615.230769 4.513364e+07
123276.333333 4.435474e+07
124571.974359 8.746285e+07
125599.564103 4.416195e+07
124983.230769 4.482534e+07
125928.333333 8.880856e+07

67062.153846 4.077768e+07
104439.666667 4.166847e+07
119379.128205 4.516305e+07
124749.666667 4.375122e+07
126184.615385 8.326763e+07
127522.769231 4.565337e+07
126579.512821 8.999082e+07
127717.256410 4.548580e+07

67969.717949 4.049384e+07
105855.384615 4.610463e+07
121177.897436 4.443505e+07
126372.897436 8.613973e+07
127723.743590 4.565476e+07
129175.564103 4.438476e+07
128461.256410 5.147077e+07
129087.641026 4.681226e+07

68939.794872 4.259182e+07
107257.384615 4.447461e+07
122734.102564 4.676485e+07
128082.641026 4.677076e+07
129382.589744 9.396893e+07
130776.794872 4.687624e+07
130551.256410 4.670752e+07
130745.769231 7.071465e+07

69831.000000 4.315052e+07
108599.153846 7.711251e+07
124559.564103 4.650884e+07
129579.384615 9.172714e+07
131099.948718 4.798576e+07
132398.512821 4.620181e+07
132435.871795 4.845947e+07
132552.846154 4.760216e+07

70617.333333 4.749856e+07
110155.076923 4.707633e+07
126299.384615 4.901762e+07
131037.179487 4.817464e+07
133038.179487 9.774142e+07
133936.358974 4.785145e+07
134128.333333 4.478331e+07
134243.615385 6.814698e+07

71354.717949 4.504924e+07
111884.205128 7.851987e+07
127813.102564 4.729738e+07
132632.256410 4.702181e+07
135138.820513 4.938020e+07
135499.846154 4.706815e+07
135703.205128 4.901708e+07
136030.538462 4.902140e+07

72315.538462 4.593938e+07
113172.076923 4.733269e+07
129471.205128 4.929003e+07
134234.564103 4.946176e+07
136854.102564 1.014506e+08
137253.051282 5.000608e+07
137516.666667 4.866171e+07
137948.794872 5.193553e+07

73239.512821 6.293290e+07
114614.615385 4.975167e+07
131063.974359 4.886058e+07
135897.948718 9.951208e+07
138437.256410 5.146055e+07
138934.435897 4.571326e+07
139570.538462 1.002735e+08
139597.461538 5.172563e+07

74297.769231 4.491751e+07
115984.410256 7.515587e+07
132753.307692 5.037399e+07
137566.923077 9.774741e+07
140177.487179 5.024783e+07
140307.820513 5.114694e+07
141625.820513 9.984506e+07
141338.512821 5.239838e+07

75126.205128 4.568553e+07
117484.230769 5.041861e+07
134357.333333 4.929071e+07
139358.692308 9.411163e+07
141971.846154 5.151080e+07
141696.871795 1.021203e+08
143320.102564 5.369647e+07
143240.205128 5.209073e+07

75972.641026 5.431514e+07
118919.000000 5.192189e+07
135855.897436 5.261816e+07
141179.307692 5.397091e+07
143752.025641 1.095201e+08
143517.102564 5.311054e+07
144670.974359 5.293426e+07
145195.615385 1.083542e+08

76809.025641 4.966716e+07
120465.564103 4.914845e+07
137376.692308 5.176040e+07
142800.435897 5.194793e+07
145490.461538 7.674931e+07
145473.230769 5.366295e+07
146212.487179 1.071090e+08
146823.153846 5.372275e+07

77750.641026 4.854982e+07
121679.820513 8.205973e+07
139316.923077 5.363818e+07
144159.794872 5.289493e+07
147178.948718 5.563694e+07
147507.307692 5.487616e+07
147679.820513 1.129054e+08
148458.230769 5.520798e+07

78554.000000 7.233116e+07
122946.512821 5.343426e+07
141063.333333 5.248339e+07
145996.179487 9.888180e+07
148731.435897 5.492584e+07
149543.205128 1.137952e+08
149139.512821 5.695300e+07
150391.333333 5.470557e+07

79495.666667 4.872916e+07
124171.435897 7.730718e+07
142714.589744 5.474476e+07
147868.923077 1.105031e+08
150289.102564 5.513127e+07
151379.461538 5.542574e+07
150900.410256 1.179322e+08
152145.435897 5.721447e+07

80361.230769 5.088039e+07
125654.230769 5.149389e+07
144370.102564 5.666556e+07
149234.461538 5.550313e+07
152136.923077 1.131800e+08
153023.461538 5.695425e+07
153012.717949 1.163717e+08
153759.974359 5.718260e+07

81362.794872 5.164557e+07
126970.923077 5.300329e+07
146044.256410 5.642584e+07
150805.461538 5.538934e+07
154048.230769 1.157784e+08
154526.333333 5.686480e+07
155157.358974 5.693188e+07
155150.051282 1.164226e+08

82458.717949 5.390487e+07
128239.051282 1.003379e+08
147517.461538 5.801001e+07
152652.435897 1.146229e+08
155783.923077 5.773899e+07
156263.000000 5.656966e+07
156793.820513 1.212248e+08
156885.205128 5.740144e+07

83419.820513 7.935069e+07
129775.333333 5.654278e+07
148852.128205 9.450638e+07
154557.641026 6.018229e+07
157388.948718 5.831594e+07
158030.435897 5.733788e+07
158353.743590 7.827187e+07
158728.051282 5.945458e+07

84185.948718 5.487810e+07
131447.846154 5.599082e+07
150352.794872 6.053497e+07
156390.589744 5.932452e+07
158756.923077 1.272377e+08
159905.487179 5.907528e+07
160145.435897 5.921298e+07
160456.615385 1.079234e+08

85104.051282 5.270398e+07
132842.384615 1.040820e+08
151927.769231 5.889854e+07
158308.948718 5.705722e+07
160182.897436 5.937427e+07
161608.000000 6.444436e+07
161931.179487 1.238794e+08
162091.256410 5.914060e+07

86081.435897 5.425378e+07
134210.871795 5.581432e+07
153492.333333 5.966908e+07
160168.230769 5.927776e+07
161596.179487 1.211418e+08
163397.794872 6.050810e+07
163750.384615 1.301930e+08
163716.358974 5.961435e+07

87039.076923 5.356344e+07
135775.410256 6.522191e+07
154972.692308 6.079707e+07
162002.666667 1.182107e+08
163074.538462 6.129215e+07
165100.076923 6.112632e+07
165537.051282 1.256510e+08
165345.564103 6.199063e+07

87965.076923 5.512263e+07
137355.512821 6.248314e+07
156496.128205 5.965832e+07
163733.974359 1.238769e+08
164825.615385 6.212608e+07
166583.794872 6.146328e+07
167498.461538 7.445994e+07
166890.102564 6.280661e+07

88804.871795 5.774000e+07
139013.256410 6.001382e+07
157839.358974 6.196814e+07
165472.743590 6.207595e+07
166714.923077 1.335351e+08
168100.923077 6.319410e+07
169508.153846 6.168952e+07
168486.076923 6.372190e+07

89925.461538 8.634314e+07
140207.589744 8.282731e+07
159379.512821 6.194463e+07
167156.051282 1.224876e+08
168623.871795 6.405946e+07
169645.333333 6.297765e+07
171257.358974 1.305709e+08
170346.974359 6.587703e+07

90886.333333 5.505217e+07
141738.589744 7.265828e+07
160917.282051 6.400204e+07
168641.717949 1.290263e+08
170625.846154 6.500241e+07
171288.871795 6.540863e+07
172881.948718 1.400510e+08
172071.153846 6.715942e+07

