413.500000 4.630800e+04
704.750000 5.446900e+04
799.000000 5.075000e+04
897.000000 4.848075e+04
854.000000 5.453650e+04
890.000000 3.272450e+04
858.500000 3.225100e+04
839.500000 2.963925e+04

869.500000 3.662938e+05
1401.500000 7.611850e+04
1625.750000 7.685475e+04
1758.000000 8.933175e+04
1679.750000 8.595925e+04
1762.000000 1.127828e+05
1742.000000 1.091238e+05
1756.750000 9.956725e+04

1322.750000 1.764808e+05
2108.000000 1.442508e+05
2492.500000 1.562082e+05
2527.750000 1.513670e+05
2607.250000 1.924645e+05
2648.500000 2.029428e+05
2681.250000 1.307520e+05
2583.000000 1.387818e+05

1797.500000 1.683720e+05
2788.250000 2.080002e+05
3250.500000 2.153295e+05
3408.250000 1.451890e+05
3457.500000 2.115810e+05
3565.000000 2.087162e+05
3463.500000 1.873238e+05
3492.750000 1.711710e+05

2258.000000 1.801510e+05
3518.750000 1.787495e+05
4090.250000 2.452208e+05
4277.250000 1.979995e+05
4343.000000 2.509510e+05
4384.250000 2.414502e+05
4357.000000 1.757628e+05
4306.750000 2.177680e+05

2723.250000 2.628170e+05
4214.500000 9.578805e+05
4965.750000 2.539490e+05
5109.500000 2.393695e+05
5221.250000 2.909770e+05
5235.250000 1.882132e+05
5222.250000 3.832330e+05
5290.250000 3.089290e+05

3131.000000 2.096822e+05
4907.250000 2.997370e+05
5829.000000 2.904342e+05
5872.750000 3.179952e+05
6098.000000 3.353722e+05
5993.250000 2.290362e+05
6070.500000 3.224058e+05
6303.250000 2.853560e+05

3614.500000 3.157270e+05
5624.250000 3.379462e+05
6481.000000 3.728120e+05
6883.250000 2.782415e+05
6892.750000 3.799038e+05
6974.000000 2.617612e+05
7045.000000 4.093735e+05
6945.250000 2.830230e+05

3984.000000 5.517752e+05
6451.000000 3.756075e+05
7299.750000 6.645285e+05
7692.500000 4.689655e+05
7883.750000 7.896028e+05
7886.750000 3.183705e+05
7744.250000 3.053352e+05
7897.500000 2.975962e+05

4516.000000 2.827488e+05
7067.000000 4.068955e+05
8148.500000 4.142448e+05
8581.500000 4.160535e+05
8727.750000 3.823522e+05
8690.500000 3.408075e+05
8893.750000 3.575915e+05
8837.500000 4.913852e+05

4992.250000 3.164055e+05
7722.000000 6.065935e+05
9145.500000 4.878512e+05
9428.750000 7.516280e+05
9437.250000 5.000265e+05
9649.000000 6.959768e+05
9610.500000 4.815600e+05
9588.000000 1.704005e+06

5454.000000 4.221165e+05
8460.000000 4.419938e+05
9855.750000 4.881810e+05
10315.500000 4.801740e+05
10373.750000 4.539878e+05
10507.000000 4.077945e+05
10442.750000 5.627320e+05
10581.250000 4.413935e+05

5962.250000 4.087028e+05
9212.500000 5.917772e+05
10716.000000 4.213685e+05
11065.000000 6.402835e+05
11431.000000 4.973428e+05
11256.750000 5.235680e+05
11311.250000 7.427068e+05
11319.750000 8.449735e+05

6375.000000 1.041540e+06
9961.250000 5.349672e+05
11505.750000 1.009110e+06
11865.500000 6.151482e+05
12166.000000 2.327217e+06
12161.000000 5.725425e+05
12319.500000 5.668430e+05
12171.250000 5.203415e+05

6711.250000 5.331555e+05
10710.250000 6.753338e+05
12459.750000 7.359802e+05
12777.250000 6.646878e+05
12961.500000 6.075705e+05
13012.750000 7.463850e+05
13120.250000 7.485085e+05
13054.000000 8.292432e+05

7166.500000 4.649620e+05
11590.750000 1.207052e+06
13055.750000 9.026842e+05
13759.750000 3.082674e+06
13955.000000 5.735850e+05
13887.750000 6.044200e+05
14017.750000 6.020648e+05
13933.000000 5.707308e+05

7598.500000 1.909188e+06
12157.000000 5.530512e+05
14003.000000 1.228510e+06
14676.000000 6.870160e+05
14685.250000 3.528091e+06
14754.250000 6.349462e+05
14846.500000 4.277613e+06
14795.250000 5.771885e+05

8189.250000 6.184908e+05
12744.750000 5.762790e+05
14999.250000 7.594672e+05
15439.500000 6.935052e+05
15624.500000 6.960540e+05
15533.750000 6.568780e+05
15719.500000 8.261940e+05
15832.750000 5.972218e+05

8661.750000 5.870715e+05
13578.250000 7.067008e+05
15603.750000 7.253718e+05
16190.250000 6.347595e+05
16570.750000 6.729005e+05
16548.750000 7.551545e+05
16496.000000 6.663582e+05
16554.750000 6.502312e+05

9109.000000 5.889312e+05
14223.250000 7.225570e+05
16467.000000 7.481375e+05
17082.250000 7.633038e+05
17288.250000 7.127140e+05
17469.750000 7.640385e+05
17576.750000 7.790938e+05
17591.250000 1.106316e+06

9546.500000 5.895672e+05
15019.500000 6.909875e+05
17267.500000 6.574655e+05
17862.750000 8.643730e+05
18318.000000 8.489188e+05
18236.500000 9.039802e+05
18373.250000 7.399360e+05
18455.000000 9.616168e+05

10017.000000 1.083479e+06
15828.500000 8.992658e+05
18045.250000 9.300898e+05
18732.000000 7.925475e+05
19194.500000 1.302653e+06
19256.750000 8.702960e+05
19257.500000 4.642782e+06
19268.750000 9.123208e+05

10515.000000 8.854942e+05
16470.750000 9.458898e+05
18761.500000 8.990380e+05
19579.500000 1.077154e+06
19950.500000 8.482612e+05
19954.750000 1.021224e+06
20190.000000 8.023708e+05
20302.250000 1.713342e+06

10930.000000 9.340508e+05
17349.500000 8.018600e+05
19462.750000 9.732375e+05
20444.500000 9.582000e+05
20981.500000 9.027880e+05
20838.500000 9.569110e+05
21046.250000 1.222026e+06
21145.000000 1.265484e+06

11332.750000 9.208638e+05
18075.250000 1.133798e+06
20440.500000 1.206886e+06
21418.750000 1.072622e+06
21738.250000 9.373700e+05
21912.750000 1.035312e+06
21966.500000 1.005836e+06
21886.250000 9.927462e+05

11788.000000 1.062281e+06
18738.500000 1.046416e+06
21313.500000 1.073416e+06
22250.500000 1.025047e+06
22522.500000 9.796358e+05
22710.000000 9.936675e+05
22693.250000 9.476395e+05
22762.500000 1.071412e+06

12341.750000 8.484200e+05
19370.000000 1.434290e+06
22007.750000 1.256809e+06
23207.500000 1.355521e+06
23225.750000 1.077468e+06
23745.000000 1.606832e+06
23598.250000 1.153476e+06
23553.500000 1.160051e+06

12730.500000 9.062202e+05
20091.500000 1.011066e+06
22977.500000 1.036988e+06
24009.500000 1.185788e+06
24121.750000 1.509361e+06
24613.750000 1.500152e+06
24473.000000 1.139198e+06
24601.250000 1.071780e+06

13332.500000 1.102670e+06
20755.000000 1.074842e+06
23670.500000 1.077245e+06
24801.500000 1.264649e+06
25099.500000 1.260192e+06
25171.000000 1.098245e+06
25341.000000 1.085785e+06
25546.750000 1.227983e+06

13854.500000 9.355405e+05
21320.500000 1.130999e+06
24614.750000 1.757629e+06
25918.750000 1.355339e+06
25911.750000 1.281024e+06
25988.500000 1.272210e+06
26344.750000 1.660624e+06
26512.750000 1.214064e+06

14368.750000 1.144435e+06
21976.500000 1.270691e+06
25246.250000 1.460002e+06
26672.250000 1.254459e+06
26929.000000 1.891992e+06
26922.500000 1.386986e+06
27266.500000 1.702174e+06
27349.750000 1.698158e+06

14780.750000 1.060759e+06
22821.750000 1.390320e+06
25920.250000 1.304851e+06
27481.500000 1.299712e+06
27865.250000 1.342897e+06
27848.250000 1.407218e+06
28193.750000 1.419040e+06
28003.250000 1.438773e+06

15182.750000 1.304902e+06
23661.750000 1.230784e+06
26930.250000 1.483968e+06
28245.750000 1.383980e+06
28719.000000 1.410762e+06
28932.500000 1.505302e+06
29123.500000 1.382402e+06
28822.250000 1.551834e+06

15587.000000 1.405836e+06
24392.250000 1.423386e+06
27775.000000 2.748614e+06
28920.250000 1.753772e+06
29518.250000 2.714055e+06
29926.500000 2.154943e+06
29923.000000 2.090768e+06
29815.500000 1.479900e+06

16030.750000 1.361159e+06
25010.250000 1.561429e+06
28754.750000 1.597272e+06
29737.500000 1.571998e+06
30384.500000 2.076246e+06
30720.250000 1.564754e+06
30784.750000 1.654887e+06
30615.000000 1.644568e+06

16488.000000 1.545452e+06
25760.500000 1.554098e+06
29608.750000 1.672022e+06
30906.500000 2.106754e+06
31245.750000 1.524420e+06
31445.500000 1.608441e+06
31461.750000 1.429091e+06
31702.250000 1.603428e+06

16986.250000 1.314640e+06
26444.750000 1.462419e+06
30582.750000 1.512870e+06
31542.750000 1.638677e+06
32169.750000 2.108240e+06
32411.250000 1.708536e+06
32492.250000 1.619823e+06
32584.000000 1.570075e+06

17513.500000 1.678726e+06
27146.750000 1.699305e+06
31043.750000 1.929429e+06
32642.750000 1.780457e+06
33000.500000 2.513300e+06
33334.500000 1.819892e+06
33171.000000 1.894652e+06
33429.750000 1.703019e+06

17897.750000 1.338713e+06
27894.750000 1.659610e+06
31890.250000 1.800147e+06
33607.500000 1.810264e+06
33687.250000 2.589970e+06
34265.250000 1.701167e+06
34249.250000 1.799222e+06
34270.250000 1.686898e+06

18377.250000 1.725274e+06
28581.250000 1.616100e+06
32943.500000 2.260506e+06
34020.250000 2.528309e+06
34843.750000 2.446462e+06
34895.750000 1.825155e+06
35063.750000 4.183855e+06
35112.000000 2.364744e+06

18819.750000 1.981920e+06
29195.250000 1.940822e+06
33690.250000 1.592728e+06
35092.000000 1.721561e+06
35660.250000 2.299091e+06
35800.250000 1.702666e+06
36134.500000 1.701829e+06
35906.500000 1.614868e+06

19272.000000 1.927655e+06
29880.000000 1.609718e+06
34462.000000 1.750161e+06
36114.500000 1.797602e+06
36610.750000 1.828526e+06
36484.750000 2.673062e+06
37082.000000 1.962312e+06
36643.750000 2.273296e+06

19680.250000 1.717402e+06
30819.000000 1.833813e+06
35322.750000 1.976149e+06
36979.250000 2.122695e+06
37253.500000 2.555226e+06
37584.500000 1.934584e+06
37929.750000 2.321354e+06
37406.250000 2.017184e+06

20168.000000 2.277836e+06
31594.000000 2.069222e+06
36081.750000 2.013720e+06
37733.500000 2.287981e+06
38418.500000 1.990533e+06
38348.250000 2.810583e+06
38859.500000 2.114140e+06
38576.250000 2.102952e+06

20625.750000 1.632070e+06
32430.000000 1.888911e+06
36675.250000 2.834358e+06
38414.750000 2.316703e+06
39248.000000 2.161214e+06
39455.750000 2.183176e+06
39643.000000 2.288371e+06
39453.250000 2.301752e+06

21043.000000 1.845827e+06
33197.250000 2.241743e+06
37428.750000 1.245575e+07
39315.500000 2.292347e+06
40105.000000 3.619956e+06
40435.500000 2.617365e+06
40155.750000 6.393173e+06
40406.000000 2.251664e+06

21549.000000 1.899042e+06
33911.250000 2.206598e+06
38470.750000 3.235738e+06
40239.750000 2.234556e+06
40727.250000 3.670575e+06
41543.000000 2.431007e+06
40952.000000 3.229095e+06
41330.000000 2.421255e+06

22001.250000 1.993434e+06
34533.750000 2.150918e+06
39235.000000 2.318400e+06
41079.250000 2.926822e+06
41763.500000 2.399929e+06
42117.750000 2.552759e+06
41872.500000 2.335961e+06
42028.500000 2.554821e+06

22390.500000 2.057532e+06
35336.250000 3.224405e+06
40139.500000 2.447260e+06
41973.000000 2.978722e+06
42417.750000 2.580506e+06
43133.750000 3.563633e+06
43009.000000 2.742128e+06
43032.250000 2.661158e+06

22851.000000 2.222010e+06
35966.500000 3.670098e+06
41112.000000 2.518192e+06
42906.500000 3.488072e+06
43246.000000 2.627006e+06
44130.500000 2.625425e+06
43851.500000 2.307807e+06
43960.000000 2.555280e+06

23313.250000 2.009949e+06
36703.000000 2.642742e+06
41876.000000 2.577388e+06
43695.750000 2.680952e+06
44151.750000 2.724624e+06
44799.750000 2.851309e+06
44686.000000 2.776093e+06
44656.250000 3.582877e+06

23804.000000 2.053326e+06
37540.750000 2.459828e+06
42494.250000 2.509550e+06
44583.000000 3.187780e+06
45381.750000 2.527065e+06
45592.000000 2.835634e+06
45588.250000 2.330314e+06
45316.500000 3.339630e+06

24099.250000 1.884386e+06
38377.250000 2.512112e+06
43365.500000 2.858760e+06
45325.250000 2.525261e+06
46281.250000 2.523563e+06
46176.250000 2.566308e+06
46377.500000 2.294700e+06
46497.500000 2.410790e+06

24632.250000 1.947915e+06
39045.750000 2.254349e+06
44312.500000 3.281449e+06
46439.000000 2.787007e+06
47069.750000 3.611865e+06
47187.500000 2.817120e+06
47205.250000 2.726150e+06
47505.250000 2.934946e+06

25143.500000 2.260723e+06
39658.500000 3.910498e+06
45181.750000 2.935502e+06
47000.000000 3.240908e+06
48031.250000 3.144236e+06
48087.500000 3.253059e+06
48118.750000 3.038374e+06
48082.000000 3.438196e+06

25637.250000 2.594538e+06
40404.500000 3.322939e+06
45952.750000 2.999150e+06
47925.000000 3.138732e+06
49071.250000 2.829366e+06
48579.250000 2.890996e+06
49166.250000 2.716116e+06
49097.750000 2.960075e+06

26215.500000 2.802459e+06
41138.000000 2.711592e+06
46520.000000 3.561432e+06
48985.750000 2.872837e+06
49923.000000 2.984612e+06
49847.250000 2.584952e+06
49672.750000 3.524677e+06
49842.500000 3.280166e+06

26568.000000 2.959068e+06
41876.000000 3.233110e+06
47557.750000 3.139178e+06
49487.500000 3.101528e+06
50721.750000 3.087746e+06
50605.750000 3.138495e+06
50760.000000 3.074592e+06
51136.000000 2.940449e+06

27028.500000 2.759855e+06
42470.250000 2.841164e+06
48467.750000 3.031296e+06
50363.250000 2.664965e+06
51515.500000 4.004669e+06
51692.750000 2.749664e+06
51490.750000 2.891825e+06
52080.500000 2.776105e+06

27547.750000 2.090253e+06
43007.250000 3.096961e+06
49645.250000 3.327310e+06
51297.500000 3.392220e+06
52392.000000 3.077410e+06
52480.500000 3.395532e+06
52394.500000 3.023919e+06
52818.000000 3.282497e+06

28010.750000 2.780286e+06
43672.750000 4.975618e+06
50267.500000 4.111905e+06
52355.000000 3.389751e+06
52872.500000 2.909062e+06
53357.750000 3.355328e+06
53322.750000 2.851900e+06
53462.750000 3.396261e+06

28380.750000 2.548880e+06
44443.000000 2.874442e+06
50988.500000 2.967664e+06
53341.000000 3.087366e+06
53826.750000 3.029404e+06
53921.000000 4.153235e+06
54421.000000 3.174021e+06
54114.500000 4.467382e+06

28911.500000 2.653877e+06
45241.500000 1.191129e+07
51900.750000 3.099722e+06
54064.750000 3.608759e+06
54936.000000 3.359693e+06
55005.750000 3.551407e+06
55099.750000 3.045894e+06
55375.500000 7.180887e+06

29534.750000 2.791903e+06
45845.750000 3.330480e+06
52652.500000 2.924074e+06
55053.500000 2.746466e+06
55739.500000 3.176678e+06
55584.500000 3.067771e+06
56206.750000 3.299406e+06
56146.750000 3.390124e+06

29903.750000 2.609750e+06
46732.750000 2.961848e+06
53437.250000 3.553720e+06
55973.500000 3.976709e+06
56686.750000 3.787588e+06
56486.500000 3.467768e+06
57349.000000 3.267072e+06
56723.750000 3.054101e+06

30360.750000 2.581612e+06
47479.000000 2.887319e+06
54245.000000 2.996798e+06
56845.000000 3.090386e+06
57220.250000 3.283013e+06
57562.250000 3.105794e+06
57995.500000 4.683060e+06
57352.000000 3.640200e+06

30788.250000 2.677789e+06
48107.500000 3.143980e+06
55229.500000 3.511922e+06
57887.250000 3.468438e+06
58223.250000 3.506392e+06
58402.500000 3.726138e+06
58845.250000 3.774790e+06
58507.000000 3.473084e+06

31362.500000 2.414510e+06
48738.000000 3.246761e+06
56054.500000 3.952012e+06
58500.500000 4.694848e+06
59203.750000 3.446446e+06
59417.000000 3.398688e+06
59525.750000 3.246934e+06
59240.000000 3.230987e+06

31888.750000 2.957346e+06
49340.500000 2.911333e+06
56665.500000 4.336202e+06
59680.250000 3.356548e+06
59724.500000 3.591300e+06
60225.500000 3.427256e+06
60238.750000 5.068137e+06
60731.500000 3.740279e+06

32342.250000 3.081246e+06
50093.250000 4.038736e+06
57452.000000 4.249281e+06
60405.500000 3.716213e+06
60714.500000 4.101172e+06
61305.250000 4.238418e+06
61223.500000 4.098080e+06
61333.750000 3.548109e+06

32709.000000 3.586454e+06
50880.000000 3.768272e+06
58402.500000 4.191323e+06
61148.500000 3.577606e+06
61498.500000 3.942360e+06
62244.250000 3.661152e+06
62198.500000 5.319194e+06
62293.500000 4.021662e+06

33162.000000 3.373446e+06
51801.250000 5.697777e+06
59033.500000 3.904203e+06
62031.750000 4.437152e+06
62616.500000 4.492056e+06
63012.500000 5.370386e+06
62831.000000 4.052333e+06
63010.000000 3.780650e+06

33666.750000 3.015649e+06
52379.750000 5.672832e+06
59933.250000 3.656548e+06
62784.250000 3.943913e+06
63419.250000 4.041424e+06
63733.000000 3.873925e+06
63479.500000 3.763127e+06
64383.500000 3.997088e+06

34112.000000 2.852771e+06
53297.000000 5.345608e+06
60751.500000 4.571193e+06
63432.500000 3.436510e+06
64221.000000 3.832750e+06
64801.000000 3.492400e+06
64410.750000 3.589981e+06
65034.000000 3.785688e+06

34578.250000 2.972520e+06
53829.500000 3.443029e+06
61992.250000 3.707162e+06
64355.250000 3.627818e+06
65006.500000 3.840462e+06
65929.250000 4.428953e+06
65230.000000 4.215309e+06
65980.000000 4.471402e+06

35000.000000 3.560990e+06
54775.750000 4.222898e+06
62663.000000 4.758658e+06
65080.000000 4.159042e+06
66024.750000 3.877215e+06
66385.500000 4.161694e+06
66623.000000 4.108076e+06
66580.000000 3.767397e+06

35550.000000 4.696248e+06
55085.250000 4.205713e+06
63517.250000 4.396949e+06
66062.500000 3.794291e+06
66633.000000 3.944469e+06
67610.250000 3.663274e+06
67733.250000 3.816774e+06
67349.250000 3.821097e+06

36006.000000 3.740536e+06
56239.750000 3.700477e+06
64083.250000 4.845968e+06
66490.250000 4.237942e+06
67744.750000 3.943535e+06
68213.250000 3.807988e+06
68309.250000 4.004086e+06
68403.750000 3.719329e+06

36394.500000 3.361577e+06
56783.750000 3.665758e+06
64994.750000 3.766428e+06
67363.500000 3.826608e+06
68739.250000 3.894645e+06
68628.250000 3.989650e+06
69232.000000 4.319415e+06
69355.500000 4.043358e+06

36794.500000 3.571614e+06
57723.250000 4.408432e+06
66044.000000 4.420045e+06
68360.250000 4.424320e+06
69704.250000 4.353070e+06
69970.750000 3.997410e+06
69993.000000 4.090656e+06
70423.500000 4.140566e+06

37275.500000 3.451295e+06
58459.000000 3.897530e+06
66819.500000 3.797068e+06
69157.500000 5.519175e+06
70497.750000 5.108712e+06
70851.750000 4.275959e+06
70881.750000 4.042345e+06
71058.000000 4.485910e+06

37905.750000 3.348810e+06
59074.750000 5.053388e+06
67464.000000 5.373644e+06
70178.250000 4.496747e+06
71341.750000 4.633652e+06
71611.250000 4.644090e+06
72065.500000 4.384684e+06
72037.250000 4.432975e+06

38223.500000 3.148488e+06
59852.500000 3.991027e+06
68440.250000 4.243620e+06
70820.250000 4.556902e+06
72303.500000 4.480884e+06
72146.000000 4.448680e+06
73030.250000 4.261492e+06
73059.250000 4.245551e+06

38587.250000 6.580972e+06
60735.500000 5.926797e+06
69304.000000 4.480844e+06
71887.500000 4.195715e+06
72996.750000 4.340759e+06
73189.250000 4.299948e+06
73684.750000 4.853358e+06
73976.250000 4.389442e+06

39246.250000 3.531732e+06
61278.000000 3.772165e+06
69924.750000 4.355418e+06
72545.500000 4.542374e+06
73879.500000 4.389168e+06
74016.750000 4.529986e+06
74638.750000 4.240276e+06
74688.000000 3.928359e+06

39622.750000 4.669669e+06
61862.000000 5.270201e+06
70891.750000 4.148232e+06
73523.000000 4.169532e+06
74905.750000 4.343327e+06
75131.250000 4.438702e+06
75258.250000 4.372602e+06
75739.750000 4.195197e+06

39966.250000 4.161742e+06
62745.500000 4.097936e+06
72033.750000 4.310127e+06
74461.750000 4.233421e+06
75692.000000 4.330930e+06
76052.750000 5.423282e+06
75968.250000 5.424684e+06
76604.000000 4.366813e+06

40389.000000 3.711671e+06
63292.500000 4.250595e+06
72595.500000 4.759235e+06
75421.500000 4.817801e+06
76404.750000 4.556481e+06
77325.750000 4.688414e+06
76780.750000 4.520188e+06
77666.500000 4.703141e+06

40886.750000 4.310387e+06
64000.750000 4.312750e+06
73597.500000 4.468762e+06
75819.750000 4.827634e+06
77278.750000 4.869790e+06
78126.250000 5.366804e+06
78161.500000 4.656387e+06
78549.500000 4.561289e+06

41459.250000 4.416872e+06
64648.750000 5.656979e+06
74459.500000 5.766751e+06
76630.750000 4.630040e+06
78435.750000 4.922493e+06
78670.750000 4.810086e+06
79307.750000 4.683681e+06
78904.750000 4.840672e+06

42028.250000 4.023860e+06
65389.500000 4.513890e+06
75016.500000 4.769635e+06
77503.250000 4.942894e+06
79404.750000 5.138214e+06
79652.250000 4.766723e+06
80077.500000 6.480311e+06
79923.250000 4.841249e+06

42451.250000 3.959779e+06
66041.500000 5.168781e+06
75874.750000 5.411560e+06
78815.250000 4.684262e+06
80039.250000 4.802885e+06
80558.250000 4.528331e+06
80364.750000 4.571678e+06
80979.750000 5.820441e+06

42825.750000 4.226106e+06
67043.250000 7.057934e+06
76567.250000 4.962342e+06
79393.000000 6.691088e+06
80896.250000 5.114437e+06
81550.000000 8.225958e+06
81699.250000 6.024418e+06
81697.500000 5.413661e+06

43338.250000 4.048434e+06
67658.000000 4.386004e+06
77297.250000 7.107935e+06
80552.750000 1.979769e+07
81579.500000 5.035848e+06
82418.500000 7.303644e+06
82664.500000 4.913988e+06
82596.250000 5.309257e+06

43829.750000 4.442519e+06
68421.000000 1.039083e+07
78036.750000 4.907588e+06
81478.000000 5.090549e+06
82091.250000 5.238022e+06
83201.500000 6.588632e+06
83443.000000 5.388286e+06
83296.750000 6.197832e+06

44332.000000 4.463707e+06
69091.750000 4.738696e+06
78892.500000 6.838154e+06
82484.000000 1.441803e+07
83042.250000 6.931432e+06
84357.500000 5.762712e+06
84066.000000 4.810174e+06
84255.750000 5.690028e+06

44832.250000 5.725430e+06
69988.250000 1.716816e+07
79759.500000 4.866624e+06
83248.500000 1.117369e+07
84231.250000 6.974739e+06
84694.250000 5.814842e+06
85436.750000 5.461407e+06
84918.500000 5.670746e+06

45222.000000 4.652237e+06
70754.750000 5.033337e+06
80301.500000 4.887633e+06
84267.000000 5.585246e+06
84941.000000 5.382538e+06
85610.750000 6.061756e+06
86450.750000 5.385244e+06
85690.000000 7.972032e+06

45801.000000 4.304278e+06
71415.500000 5.356294e+06
81225.500000 5.540002e+06
84899.500000 8.067586e+06
85877.500000 5.788758e+06
86576.750000 5.828645e+06
87392.750000 6.858924e+06
86737.750000 5.312036e+06

46246.000000 4.354076e+06
72202.250000 5.830767e+06
81799.500000 5.805150e+06
85745.750000 5.746427e+06
86652.000000 5.530787e+06
87093.250000 6.756615e+06
88240.500000 5.397891e+06
87755.750000 7.921528e+06

