435.600000 5.961800e+04
733.000000 5.086180e+04
837.800000 4.860160e+04
894.600000 4.774680e+04
914.600000 5.005980e+04
905.600000 4.875560e+04
883.000000 4.763840e+04
884.200000 3.963620e+04

894.000000 8.576040e+04
1441.200000 1.045036e+05
1681.200000 1.007172e+05
1767.000000 8.680600e+04
1774.200000 7.155020e+04
1815.200000 8.389940e+04
1799.200000 7.724660e+04
1798.000000 8.073100e+04

1372.400000 1.334750e+05
2187.200000 1.410884e+05
2542.000000 1.216140e+05
2583.800000 1.034680e+05
2666.400000 1.127394e+05
2728.600000 1.266770e+05
2713.600000 1.141562e+05
2720.000000 1.288156e+05

1858.000000 2.358482e+05
2919.600000 3.193974e+05
3357.000000 1.872002e+05
3546.800000 2.976166e+05
3554.400000 2.195626e+05
3648.200000 1.962346e+05
3540.800000 4.078422e+05
3629.800000 2.353852e+05

2370.400000 3.527326e+05
3597.000000 2.828860e+05
4143.600000 3.628510e+05
4419.400000 2.492268e+05
4478.600000 2.794172e+05
4522.600000 2.284762e+05
4478.200000 8.199270e+05
4450.000000 2.806182e+05

2811.200000 2.069482e+05
4372.200000 3.552204e+05
5055.000000 2.975078e+05
5220.800000 3.020474e+05
5350.600000 1.898992e+05
5414.400000 1.030177e+06
5373.000000 2.922434e+05
5397.800000 3.214914e+05

3253.600000 2.673038e+05
5059.800000 4.185866e+05
5994.600000 3.506802e+05
6142.600000 3.739644e+05
6230.000000 2.627948e+05
6235.200000 3.974892e+05
6331.600000 2.973858e+05
6369.000000 3.743484e+05

3708.000000 4.149336e+05
5854.400000 4.279222e+05
6746.400000 5.591782e+05
7063.600000 3.828556e+05
7136.600000 4.810106e+05
7275.200000 3.537506e+05
7262.200000 3.516798e+05
7108.200000 3.533160e+05

4110.400000 4.295282e+05
6714.200000 4.255254e+05
7553.200000 5.257724e+05
8002.800000 4.245028e+05
8070.800000 5.092274e+05
8105.400000 4.259780e+05
8009.800000 6.122134e+05
8160.400000 4.938716e+05

4683.800000 5.383022e+05
7259.600000 5.644004e+05
8428.000000 6.156162e+05
8813.200000 4.651880e+05
9005.000000 5.157756e+05
8995.600000 4.066270e+05
9047.800000 6.095094e+05
8993.800000 4.486034e+05

5191.600000 5.739440e+05
7899.000000 5.407690e+05
9405.000000 5.421874e+05
9792.200000 6.948014e+05
9770.600000 6.694508e+05
9869.400000 7.014336e+05
9940.200000 7.019056e+05
9823.600000 8.526912e+05

5642.200000 5.473624e+05
8697.800000 8.392368e+05
10159.800000 6.945910e+05
10685.800000 2.801000e+06
10775.000000 5.348992e+05
10786.200000 2.379389e+06
10785.800000 5.312104e+05
10831.200000 2.634468e+06

6122.400000 6.718472e+05
9470.000000 5.831122e+05
11051.000000 7.339178e+05
11429.600000 8.267188e+05
11748.800000 7.248402e+05
11615.400000 6.112622e+05
11633.200000 8.693248e+05
11703.400000 7.214046e+05

6539.400000 6.600828e+05
10349.800000 6.147552e+05
11816.200000 5.912224e+05
12321.400000 6.450510e+05
12590.800000 6.500018e+05
12570.200000 6.034170e+05
12619.000000 9.149624e+05
12556.800000 1.031563e+06

6897.000000 7.739440e+05
11086.400000 7.743340e+05
12810.000000 6.928724e+05
13289.200000 7.795916e+05
13402.200000 6.642230e+05
13376.400000 2.383638e+06
13506.600000 6.695484e+05
13571.400000 7.205320e+05

7366.000000 5.842180e+05
11827.600000 6.407404e+05
13582.400000 9.939074e+05
14245.600000 9.543074e+05
14339.600000 8.353090e+05
14275.800000 6.343644e+05
14417.600000 1.206112e+06
14305.800000 8.690286e+05

7868.400000 6.793772e+05
12525.600000 7.138854e+05
14396.600000 9.953668e+05
15016.200000 9.949522e+05
15082.800000 7.957136e+05
15302.600000 8.098710e+05
15291.600000 8.636338e+05
15266.400000 8.445980e+05

8415.800000 8.552102e+05
13135.600000 1.041450e+06
15374.800000 8.733010e+05
15801.800000 1.078798e+06
16139.800000 8.358416e+05
16093.000000 4.020082e+06
16128.600000 1.083326e+06
16268.400000 4.285898e+06

8870.000000 8.385816e+05
14021.800000 9.492040e+05
16124.000000 8.928882e+05
16685.800000 9.264026e+05
17086.400000 1.317415e+06
17021.400000 1.134703e+06
17062.000000 9.167710e+05
16992.800000 8.732510e+05

9432.800000 1.061436e+06
14588.000000 1.291282e+06
17022.200000 9.389164e+05
17599.400000 1.265318e+06
17758.600000 1.131931e+06
18025.000000 1.347756e+06
17971.600000 1.240147e+06
18069.400000 1.582510e+06

9890.200000 9.730900e+05
15435.600000 1.050501e+06
17726.400000 1.006400e+06
18358.200000 1.038744e+06
18857.600000 1.029797e+06
18775.400000 1.032905e+06
18855.200000 1.583820e+06
18911.800000 1.555922e+06

10251.600000 8.713880e+05
16268.200000 1.363193e+06
18637.400000 1.120050e+06
19291.000000 1.212418e+06
19600.400000 1.175403e+06
19809.600000 1.471586e+06
19771.800000 1.088794e+06
19701.200000 1.115653e+06

10785.200000 1.271412e+06
17033.200000 1.383136e+06
19393.800000 1.512074e+06
20196.000000 1.271078e+06
20540.400000 1.506763e+06
20504.600000 1.455145e+06
20896.200000 1.889467e+06
20707.600000 1.836978e+06

11189.400000 1.372125e+06
17879.200000 1.217470e+06
20139.000000 1.589182e+06
21127.800000 1.458311e+06
21436.200000 1.262410e+06
21484.200000 1.317123e+06
21484.400000 1.203363e+06
21681.200000 1.182058e+06

11689.600000 1.521962e+06
18472.600000 1.287098e+06
21032.800000 1.214085e+06
22010.600000 1.655742e+06
22434.400000 1.699350e+06
22501.400000 1.374922e+06
22555.000000 1.315974e+06
22431.800000 1.395018e+06

12156.800000 1.285757e+06
19208.200000 1.331676e+06
21936.600000 1.352511e+06
22946.600000 1.358717e+06
23158.200000 1.313213e+06
23301.200000 1.885579e+06
23215.800000 1.509308e+06
23386.800000 1.407614e+06

12652.400000 1.121643e+06
19854.000000 1.600745e+06
22726.600000 1.365543e+06
23905.600000 2.362070e+06
23865.800000 1.911835e+06
24474.600000 5.707573e+06
24217.200000 1.425873e+06
24318.800000 3.789589e+06

13187.200000 1.358842e+06
20598.400000 1.511565e+06
23544.200000 1.471967e+06
24702.200000 1.549359e+06
24830.400000 1.985839e+06
25325.800000 1.591727e+06
25230.000000 1.925987e+06
25254.800000 1.713681e+06

13687.800000 1.406609e+06
21355.000000 1.417863e+06
24453.200000 1.587718e+06
25661.600000 1.606117e+06
25827.000000 1.651745e+06
26082.000000 1.607093e+06
26118.000000 1.542855e+06
26235.600000 2.099459e+06

14298.600000 1.292399e+06
21952.600000 1.603555e+06
25218.600000 1.739926e+06
26612.000000 2.169646e+06
26681.200000 2.146854e+06
26614.000000 1.991550e+06
27152.000000 1.674182e+06
27377.800000 2.273118e+06

14790.200000 1.572254e+06
22624.800000 1.793196e+06
26126.800000 1.865801e+06
27270.600000 1.861625e+06
27859.000000 1.826803e+06
27812.200000 2.574708e+06
27824.400000 2.066968e+06
27977.000000 6.524119e+06

15215.000000 1.712496e+06
23517.200000 1.642447e+06
26928.000000 1.783024e+06
28217.400000 1.747804e+06
28760.600000 2.451693e+06
28725.400000 1.917678e+06
28917.800000 1.977997e+06
28617.800000 1.890823e+06

15648.400000 1.666409e+06
24274.000000 1.907554e+06
27810.200000 1.936159e+06
29094.400000 1.724221e+06
29427.400000 1.838815e+06
29578.600000 1.982399e+06
29827.200000 1.932368e+06
29572.200000 1.836080e+06

15956.400000 1.734774e+06
25090.000000 1.859567e+06
28648.800000 1.960468e+06
29954.600000 1.913508e+06
30430.800000 2.013191e+06
30570.800000 2.038932e+06
30759.200000 1.914900e+06
30623.800000 2.035739e+06

16542.000000 1.615246e+06
25677.600000 2.003684e+06
29746.400000 2.032038e+06
30693.000000 2.753926e+06
31190.600000 2.239724e+06
31534.600000 2.300734e+06
31627.400000 2.180574e+06
31500.800000 2.467982e+06

16987.800000 1.716930e+06
26512.600000 1.923830e+06
30538.000000 2.629165e+06
31613.200000 2.163196e+06
31916.800000 2.066427e+06
32477.200000 2.038645e+06
32394.200000 2.783250e+06
32653.400000 2.700440e+06

17501.800000 1.978426e+06
27263.800000 2.223396e+06
31207.600000 2.126915e+06
32720.400000 2.849930e+06
32998.200000 2.612780e+06
33297.200000 2.362609e+06
33231.800000 2.261396e+06
33474.000000 2.157750e+06

18036.600000 2.015930e+06
27883.000000 3.095176e+06
32067.000000 2.168473e+06
33537.800000 2.989254e+06
33772.400000 2.499117e+06
34344.000000 2.341466e+06
34224.800000 2.434228e+06
34327.400000 2.463337e+06

18475.400000 1.790228e+06
28680.400000 3.001403e+06
32882.600000 2.641054e+06
34437.400000 2.266747e+06
34681.000000 2.115062e+06
35395.000000 2.333927e+06
34949.000000 2.478087e+06
35343.000000 2.532713e+06

18907.600000 2.129130e+06
29344.600000 2.328255e+06
33891.400000 2.464087e+06
35188.600000 2.478752e+06
35873.000000 2.658954e+06
35985.800000 2.616227e+06
36179.200000 2.740724e+06
36031.200000 2.481548e+06

19332.600000 3.093808e+06
30118.600000 3.875457e+06
34703.600000 3.930588e+06
36175.400000 3.597648e+06
36721.000000 3.664083e+06
36883.200000 3.610081e+06
36963.400000 3.282747e+06
36930.800000 3.854121e+06

19764.200000 2.136883e+06
30852.200000 3.099105e+06
35476.400000 2.546108e+06
37236.200000 2.552756e+06
37597.800000 2.606800e+06
37687.200000 2.520368e+06
37963.800000 3.529863e+06
37690.600000 3.180055e+06

20315.200000 7.421172e+06
31717.000000 2.252522e+06
36358.600000 2.966827e+06
37901.800000 2.559219e+06
38412.200000 3.082474e+06
38679.000000 2.609179e+06
39103.000000 8.851533e+06
38611.000000 2.815319e+06

20722.800000 2.325479e+06
32532.800000 2.919492e+06
37099.800000 3.679273e+06
38917.200000 2.997795e+06
39375.000000 2.735725e+06
39381.600000 2.659540e+06
39738.800000 3.490121e+06
39649.600000 2.595317e+06

21154.000000 2.504533e+06
33360.800000 2.639566e+06
37869.800000 2.829345e+06
39674.400000 2.839480e+06
40319.600000 2.851112e+06
40499.000000 3.468770e+06
40574.800000 2.525565e+06
40673.200000 3.338020e+06

21662.000000 2.450861e+06
34214.800000 3.822971e+06
38730.400000 2.919475e+06
40542.400000 2.671487e+06
41324.000000 2.666883e+06
41602.600000 2.719949e+06
41221.600000 2.570147e+06
41468.400000 2.877492e+06

22045.800000 2.556749e+06
34899.000000 3.890528e+06
39538.000000 3.101765e+06
41605.400000 4.107481e+06
41892.000000 3.176179e+06
42653.000000 3.256388e+06
42075.000000 3.102596e+06
42494.000000 3.381452e+06

22520.400000 2.588005e+06
35643.800000 2.925875e+06
40362.000000 3.198450e+06
42354.400000 3.361744e+06
43011.600000 3.106010e+06
43357.600000 2.925247e+06
42970.800000 3.823791e+06
43324.800000 2.894995e+06

23014.800000 2.877464e+06
36458.200000 3.025149e+06
41128.800000 3.322904e+06
43260.800000 3.152144e+06
43725.400000 3.106824e+06
44328.600000 3.072186e+06
43985.600000 2.900684e+06
44068.200000 2.998842e+06

23515.400000 3.096266e+06
37053.600000 2.480226e+06
42302.600000 2.926919e+06
44077.400000 3.030135e+06
44619.200000 4.099398e+06
45350.200000 3.059728e+06
45097.800000 4.110253e+06
45097.400000 3.139159e+06

23992.600000 2.920203e+06
37786.800000 3.230183e+06
43189.800000 3.213518e+06
44978.800000 4.879374e+06
45516.600000 3.884110e+06
45927.600000 3.589721e+06
45880.200000 3.473893e+06
45932.000000 3.428842e+06

24430.000000 2.750117e+06
38745.400000 2.800982e+06
43868.800000 3.226904e+06
45850.400000 3.148295e+06
46639.200000 3.808887e+06
46853.400000 3.233525e+06
46901.000000 4.903641e+06
46712.400000 3.373062e+06

24835.200000 2.719374e+06
39530.600000 3.153685e+06
44673.200000 3.435620e+06
46646.200000 3.534172e+06
47575.200000 4.098865e+06
47580.600000 3.329989e+06
47649.000000 3.473179e+06
47824.200000 3.327673e+06

25378.600000 2.468083e+06
40170.000000 4.142881e+06
45547.400000 4.339945e+06
47692.400000 3.432670e+06
48457.800000 3.330873e+06
48408.000000 4.622518e+06
48513.600000 3.699361e+06
48812.400000 3.370687e+06

25787.000000 2.756628e+06
40920.600000 4.094475e+06
46500.400000 3.537697e+06
48499.000000 3.610841e+06
49373.400000 3.540160e+06
49293.200000 3.995143e+06
49552.200000 4.127466e+06
49625.200000 4.797909e+06

26343.600000 3.337899e+06
41630.800000 3.205228e+06
47236.200000 5.551273e+06
49387.800000 4.133647e+06
50440.800000 5.342162e+06
50152.600000 4.849144e+06
50378.600000 5.673872e+06
50591.600000 4.241847e+06

26847.600000 3.934168e+06
42347.000000 3.391280e+06
48055.000000 4.931895e+06
50210.800000 3.665851e+06
51269.000000 3.632914e+06
51093.400000 3.597287e+06
51264.200000 6.357036e+06
51428.400000 3.897920e+06

27368.600000 3.552763e+06
42989.400000 4.813257e+06
49008.200000 3.807992e+06
50926.400000 3.609942e+06
52124.600000 3.801132e+06
52075.200000 3.708253e+06
52214.000000 3.731326e+06
52386.600000 3.831199e+06

27864.800000 3.065018e+06
43597.600000 4.671197e+06
49976.600000 3.917136e+06
51801.600000 3.777415e+06
53020.800000 3.816465e+06
53105.400000 3.932693e+06
52933.600000 3.818034e+06
53591.600000 3.990121e+06

28369.200000 4.335423e+06
44172.800000 4.698366e+06
51104.800000 4.134869e+06
52636.000000 3.779852e+06
53753.800000 5.481053e+06
53892.800000 3.904274e+06
53886.800000 4.262426e+06
54348.200000 3.960058e+06

28690.400000 4.848382e+06
44902.800000 4.357117e+06
51803.200000 4.003339e+06
53822.200000 4.022739e+06
54570.400000 4.024009e+06
54781.400000 4.104163e+06
55045.400000 3.974878e+06
55107.400000 3.846251e+06

29182.000000 4.693870e+06
45892.000000 3.896439e+06
52364.800000 6.225900e+06
54863.000000 5.179071e+06
55371.200000 4.608217e+06
55691.000000 4.720866e+06
56071.000000 6.723560e+06
55713.000000 4.474704e+06

29712.200000 3.608692e+06
46640.800000 3.772153e+06
53377.400000 4.135797e+06
55627.800000 4.187401e+06
56322.400000 4.515731e+06
56621.600000 4.256554e+06
56702.800000 4.445413e+06
56922.200000 4.416613e+06

30284.600000 3.453576e+06
47141.800000 3.783447e+06
54229.000000 3.978504e+06
56629.000000 4.375284e+06
57038.800000 4.250052e+06
57441.600000 4.244735e+06
57822.400000 4.145917e+06
57670.200000 4.061672e+06

30755.400000 3.627294e+06
48050.800000 5.009667e+06
55048.400000 4.631972e+06
57502.200000 6.570520e+06
57955.600000 4.980376e+06
58261.600000 4.607755e+06
58806.000000 4.942077e+06
58312.000000 5.001684e+06

31167.000000 3.994002e+06
48921.400000 4.610562e+06
55849.400000 4.491938e+06
58302.800000 4.497714e+06
58863.800000 4.450674e+06
59235.400000 4.852867e+06
59646.800000 4.591625e+06
59034.000000 4.567675e+06

31639.000000 3.592583e+06
49638.600000 4.796303e+06
56595.800000 4.448756e+06
59186.400000 6.578457e+06
59914.000000 5.152934e+06
60077.600000 6.462286e+06
60540.800000 4.637549e+06
60171.600000 8.012280e+06

32291.000000 4.664918e+06
50101.000000 5.393195e+06
57736.200000 4.793279e+06
60191.400000 5.353835e+06
60635.000000 5.001958e+06
60870.000000 7.705848e+06
61390.200000 4.736461e+06
61357.200000 7.220628e+06

32757.000000 3.686653e+06
50844.600000 4.239633e+06
58347.000000 4.317889e+06
61188.600000 4.662022e+06
61610.200000 4.780125e+06
61988.000000 4.805214e+06
61967.800000 4.755986e+06
62336.600000 4.665546e+06

33159.800000 6.058412e+06
51694.400000 5.596515e+06
59015.800000 4.611052e+06
62083.000000 4.763723e+06
62506.600000 7.346357e+06
63012.200000 5.849379e+06
62853.200000 5.130135e+06
63313.800000 5.333610e+06

33588.600000 4.179982e+06
52634.600000 5.194115e+06
59833.200000 5.342786e+06
62968.200000 6.249367e+06
63336.000000 5.298843e+06
64107.200000 6.745171e+06
63920.400000 5.105631e+06
63870.400000 6.925655e+06

34072.000000 6.263232e+06
53239.000000 5.033642e+06
60737.600000 5.088553e+06
63903.600000 5.046061e+06
64258.200000 5.171143e+06
65069.200000 5.049061e+06
64653.600000 4.943165e+06
65018.000000 5.682923e+06

34594.400000 5.840764e+06
54002.400000 4.701145e+06
61683.800000 7.641075e+06
64462.400000 6.166623e+06
65203.800000 6.067981e+06
65770.800000 5.759469e+06
65549.400000 6.539442e+06
65944.200000 5.358244e+06

35120.200000 4.700244e+06
54709.400000 5.367634e+06
62564.800000 5.257543e+06
65378.200000 5.242050e+06
65932.800000 5.042829e+06
66782.600000 5.026061e+06
66195.200000 5.491052e+06
66945.600000 5.220901e+06

35600.200000 4.860177e+06
55508.400000 4.762224e+06
63622.400000 5.193651e+06
66123.600000 5.221605e+06
66911.600000 5.438233e+06
67778.600000 5.260850e+06
67128.000000 7.043194e+06
67646.600000 6.538521e+06

36186.200000 5.146908e+06
56160.400000 5.269454e+06
64323.600000 5.481304e+06
66917.000000 6.301853e+06
67636.800000 5.869365e+06
68654.400000 6.303868e+06
68436.200000 5.426969e+06
68501.600000 1.242656e+07

36567.600000 4.911683e+06
57060.000000 5.617631e+06
65168.000000 5.804304e+06
67707.800000 8.926013e+06
68440.800000 6.999118e+06
69593.400000 6.813279e+06
69459.800000 7.286380e+06
69477.200000 5.861762e+06

37034.400000 4.238477e+06
57632.000000 6.994381e+06
66305.200000 5.690156e+06
68710.000000 7.189872e+06
69608.800000 6.407608e+06
70349.600000 7.193444e+06
70183.400000 5.846382e+06
70310.800000 6.766908e+06

37379.200000 4.943662e+06
58642.200000 6.267530e+06
66893.600000 5.314070e+06
69508.600000 5.514387e+06
70655.000000 5.784565e+06
71135.000000 5.791023e+06
71070.200000 7.223334e+06
71386.200000 7.259267e+06

37977.800000 5.489085e+06
59296.600000 5.463380e+06
67779.600000 5.715457e+06
70200.600000 5.810712e+06
71487.200000 7.372532e+06
71842.800000 6.348515e+06
72175.200000 5.901625e+06
72439.200000 6.422552e+06

38392.600000 4.782490e+06
60131.000000 5.439395e+06
68442.400000 5.848150e+06
71048.600000 5.902445e+06
72411.000000 5.767929e+06
72865.000000 5.736485e+06
73180.400000 6.553141e+06
73109.200000 5.960222e+06

38869.200000 4.995990e+06
60802.000000 5.501913e+06
69600.400000 6.330273e+06
71992.000000 5.992707e+06
73347.400000 6.850684e+06
73560.600000 6.529835e+06
74255.600000 7.550163e+06
74256.800000 6.153883e+06

39363.400000 5.857106e+06
61475.600000 6.291574e+06
70324.400000 6.748767e+06
72906.600000 6.834466e+06
74253.600000 7.894006e+06
74304.200000 8.051543e+06
75105.200000 6.525131e+06
75135.600000 5.983277e+06

39778.200000 9.399846e+06
62240.800000 7.558816e+06
71161.400000 7.730275e+06
73762.400000 6.734226e+06
75284.000000 8.346190e+06
75213.600000 6.195806e+06
75748.800000 6.621204e+06
75968.800000 6.594338e+06

40285.400000 6.254171e+06
63039.400000 6.535412e+06
72115.200000 7.154976e+06
74718.400000 6.815430e+06
76183.000000 6.307284e+06
76157.600000 6.581505e+06
76842.400000 7.051431e+06
76798.200000 6.910843e+06

40775.600000 5.256469e+06
63666.800000 6.416179e+06
72884.000000 6.322738e+06
75264.000000 6.349917e+06
77061.200000 6.586228e+06
77143.200000 7.207984e+06
77497.200000 6.349166e+06
77939.600000 6.470830e+06

41235.600000 6.354021e+06
64474.600000 6.937741e+06
73761.000000 6.159002e+06
76266.600000 6.372511e+06
77883.800000 7.071825e+06
78316.000000 7.063122e+06
77931.600000 6.501158e+06
78909.000000 6.772657e+06

41595.000000 5.165843e+06
65118.800000 6.858173e+06
74795.600000 7.341821e+06
77462.600000 7.374667e+06
78542.200000 7.311503e+06
79258.000000 6.599439e+06
79128.400000 6.680595e+06
79670.200000 7.895732e+06

42083.000000 7.096595e+06
65772.200000 6.309610e+06
75576.400000 9.298453e+06
78193.000000 7.923224e+06
79586.000000 6.995980e+06
80256.000000 6.595343e+06
80153.400000 6.696959e+06
80662.000000 6.871690e+06

42642.600000 5.755682e+06
66423.000000 7.384392e+06
76228.400000 7.748040e+06
78896.400000 7.645628e+06
80939.400000 7.666332e+06
81016.800000 7.016248e+06
81365.000000 7.028658e+06
81136.200000 9.200067e+06

43145.000000 8.463074e+06
67305.400000 6.348951e+06
77278.000000 6.810931e+06
79804.400000 6.927065e+06
81623.000000 7.493279e+06
81876.200000 7.207358e+06
82151.000000 6.917453e+06
82031.400000 7.151019e+06

43719.600000 5.569423e+06
67916.400000 6.741400e+06
77973.400000 7.138907e+06
80757.800000 6.699583e+06
82420.200000 6.961005e+06
82724.600000 7.244437e+06
82852.200000 6.881917e+06
83193.600000 7.617310e+06

44132.800000 5.892461e+06
68784.400000 8.638705e+06
78783.200000 7.191388e+06
81877.800000 7.461804e+06
83164.200000 6.796789e+06
83730.800000 1.834221e+07
83701.600000 7.705652e+06
83983.400000 1.241160e+07

44674.400000 5.766474e+06
69560.400000 6.503250e+06
79533.800000 7.332356e+06
82742.600000 6.949850e+06
83862.200000 7.109620e+06
84743.000000 7.269858e+06
84903.000000 7.277227e+06
84915.400000 7.078308e+06

45095.600000 7.039455e+06
70202.000000 7.779434e+06
80359.800000 6.929099e+06
83746.400000 7.079654e+06
84530.200000 7.405889e+06
85658.200000 6.965917e+06
86014.800000 8.346667e+06
85973.800000 7.450434e+06

45638.800000 6.619529e+06
71191.400000 8.360993e+06
81072.800000 7.581730e+06
84751.400000 1.031934e+07
85591.000000 1.017170e+07
86456.800000 8.710549e+06
86652.400000 7.815858e+06
86625.400000 7.393655e+06

46113.000000 7.772484e+06
71941.400000 8.227238e+06
82093.800000 7.487064e+06
85663.000000 2.627596e+07
86247.600000 8.570375e+06
87178.200000 1.305079e+07
87775.200000 8.172965e+06
87435.200000 1.311570e+07

46518.000000 7.577332e+06
72803.200000 1.059064e+07
82610.400000 8.271241e+06
86633.000000 7.997452e+06
87303.200000 8.151280e+06
87980.200000 8.031566e+06
88807.000000 7.988310e+06
88375.800000 7.867976e+06

47097.200000 1.155251e+07
73646.200000 1.005242e+07
83443.000000 9.882567e+06
87401.800000 9.290938e+06
88333.600000 9.817110e+06
88953.000000 9.762882e+06
89705.400000 9.907805e+06
89288.400000 8.245282e+06

47570.400000 8.298432e+06
74152.000000 8.638563e+06
84201.200000 9.107928e+06
88416.400000 8.988976e+06
89355.600000 8.795171e+06
89807.000000 8.388388e+06
90668.000000 8.261602e+06
90258.200000 1.145008e+07

