564.000000 5.622278e+04
931.666667 6.056922e+04
1069.555556 5.801078e+04
1156.888889 8.281933e+04
1152.444444 5.786800e+04
1169.777778 5.647900e+04
1173.333333 5.801022e+04
1148.111111 5.382922e+04

1158.777778 9.752178e+04
1879.888889 1.066518e+05
2167.000000 1.185129e+05
2274.888889 1.045390e+05
2313.777778 9.914433e+04
2323.555556 1.128291e+05
2327.111111 1.061651e+05
2321.333333 1.138294e+05

1757.444444 1.696669e+05
2829.222222 1.736066e+05
3288.555556 1.866728e+05
3350.666667 1.742618e+05
3446.000000 1.672829e+05
3536.666667 1.652670e+05
3507.222222 1.701513e+05
3536.111111 1.773213e+05

2403.888889 2.311699e+05
3762.000000 2.225483e+05
4311.444444 2.185029e+05
4558.333333 1.944258e+05
4634.222222 1.843494e+05
4708.444444 1.940716e+05
4624.888889 1.878092e+05
4636.111111 2.435880e+05

3029.777778 2.362742e+05
4674.555556 2.092389e+06
5387.333333 1.109160e+06
5780.333333 3.892869e+05
5798.555556 3.502584e+05
5820.333333 6.163703e+05
5831.555556 3.054611e+05
5752.444444 3.260770e+05

3629.222222 3.592166e+05
5642.777778 4.955806e+05
6545.666667 4.185973e+05
6845.555556 6.555042e+05
6930.222222 4.466867e+05
6952.555556 6.160622e+05
6988.222222 5.400202e+05
7031.222222 4.943111e+05

4218.111111 3.882748e+05
6534.666667 5.182456e+05
7792.111111 5.005213e+05
7867.222222 4.495267e+05
8135.000000 4.283000e+05
8125.000000 6.330266e+05
8162.555556 3.665312e+05
8224.777778 6.938820e+05

4810.333333 4.957998e+05
7560.888889 5.564451e+05
8670.666667 4.450472e+05
9180.666667 4.357570e+05
9255.444444 6.268260e+05
9318.222222 4.399343e+05
9342.222222 7.398272e+05
9269.111111 5.599356e+05

5368.888889 6.155413e+05
8591.111111 6.064523e+05
9786.666667 5.768543e+05
10371.888889 8.237569e+05
10476.888889 6.692472e+05
10485.222222 9.829136e+05
10410.888889 6.247550e+05
10537.222222 6.270672e+05

6031.888889 6.532853e+05
9437.222222 5.643576e+05
10933.222222 6.101443e+05
11458.666667 8.082823e+05
11590.111111 7.392884e+05
11587.444444 8.530291e+05
11718.666667 7.281196e+05
11668.666667 9.340833e+05

6706.222222 8.484468e+05
10248.111111 9.353707e+05
12082.000000 9.044782e+05
12742.333333 7.298097e+05
12631.777778 9.685476e+05
12844.777778 8.875910e+05
12871.111111 1.009544e+06
12751.000000 7.785581e+05

7293.555556 8.639659e+05
11225.555556 7.837118e+05
13212.888889 7.680704e+05
13752.444444 9.087277e+05
13845.333333 9.279362e+05
14002.444444 1.054240e+06
13940.444444 8.747818e+05
13965.777778 9.923886e+05

7939.333333 1.007012e+06
12261.666667 1.073317e+06
14276.222222 9.312931e+05
14778.666667 3.889570e+06
15185.111111 8.575152e+05
15060.000000 8.473989e+05
15105.444444 1.001294e+06
15095.111111 9.576809e+05

8459.777778 8.874980e+05
13342.888889 9.615373e+05
15418.555556 9.363719e+05
15922.888889 1.180673e+06
16245.888889 1.110657e+06
16168.888889 3.081023e+06
16292.444444 1.053713e+06
16239.888889 1.085513e+06

8990.777778 1.152643e+06
14304.777778 1.032795e+06
16537.222222 1.025577e+06
17129.555556 1.347696e+06
17339.777778 1.140263e+06
17415.777778 1.243835e+06
17444.888889 1.156778e+06
17448.666667 1.608668e+06

9546.111111 1.099188e+06
15292.444444 1.224413e+06
17595.777778 1.129940e+06
18327.888889 3.988205e+06
18501.555556 1.088642e+06
18545.111111 1.167101e+06
18573.111111 1.617255e+06
18556.111111 1.506375e+06

10193.111111 1.037997e+06
16264.111111 1.241129e+06
18695.777778 1.162596e+06
19456.444444 1.652345e+06
19586.111111 1.569717e+06
19753.888889 1.508215e+06
19756.888889 1.338887e+06
19806.333333 1.403226e+06

10862.666667 1.380081e+06
17156.666667 1.401714e+06
19840.111111 1.690547e+06
20381.555556 1.606182e+06
20874.000000 1.702099e+06
20777.444444 1.622318e+06
20901.333333 1.630336e+06
21051.444444 1.484735e+06

11474.222222 1.480335e+06
18188.444444 1.688950e+06
20828.555556 1.543744e+06
21620.111111 1.619864e+06
22018.000000 1.386653e+06
22205.333333 3.697449e+06
21961.333333 1.752264e+06
22124.777778 1.504728e+06

12154.555556 1.643579e+06
18937.333333 1.357977e+06
21986.111111 1.447865e+06
22873.111111 1.879238e+06
23070.666667 1.932086e+06
23221.888889 1.522759e+06
23304.222222 1.416909e+06
23508.555556 1.849954e+06

12731.444444 1.728480e+06
20030.888889 1.564254e+06
23014.333333 1.551826e+06
23847.888889 1.809026e+06
24277.666667 1.782387e+06
24333.777778 6.561251e+06
24393.000000 1.810372e+06
24519.777778 1.633396e+06

13331.111111 1.890373e+06
21044.333333 1.586134e+06
24096.222222 3.509879e+06
25035.222222 1.669710e+06
25487.555556 1.732961e+06
25510.000000 1.913009e+06
25678.000000 1.662002e+06
25613.888889 1.885700e+06

13989.777778 1.760797e+06
22111.111111 1.826486e+06
25098.666667 1.737326e+06
26179.111111 2.250569e+06
26545.111111 2.104430e+06
26567.888889 8.572337e+06
26983.111111 2.676601e+06
26825.333333 1.897687e+06

14481.333333 2.391376e+06
23225.555556 2.519984e+06
26129.555556 2.379974e+06
27237.777778 2.312528e+06
27926.333333 2.169669e+06
27771.777778 1.904754e+06
28098.888889 1.932520e+06
28046.111111 2.509581e+06

15093.666667 1.880208e+06
24040.444444 2.396243e+06
27182.555556 2.551934e+06
28522.555556 2.750833e+06
29029.777778 2.624581e+06
29023.333333 2.658756e+06
29239.222222 2.075964e+06
29106.444444 2.477843e+06

15709.444444 1.921771e+06
24942.777778 2.195505e+06
28365.666667 2.339651e+06
29735.222222 2.061031e+06
30152.333333 2.604190e+06
30263.777778 2.246748e+06
30128.111111 2.590838e+06
30356.222222 2.453344e+06

16437.000000 1.825705e+06
25776.000000 2.880074e+06
29431.555556 2.669556e+06
30901.222222 2.875251e+06
30998.888889 2.782474e+06
31583.888889 2.747919e+06
31529.777778 2.522508e+06
31500.888889 2.173390e+06

17037.555556 3.036200e+06
26792.777778 2.963114e+06
30608.000000 2.933353e+06
32016.111111 3.110866e+06
32212.888889 2.582903e+06
32748.444444 2.651145e+06
32689.555556 2.419256e+06
32922.444444 2.725363e+06

17806.222222 1.961292e+06
27665.333333 2.917206e+06
31554.777778 2.490794e+06
33297.888889 3.036064e+06
33427.555556 2.409019e+06
33731.333333 3.090981e+06
33969.666667 2.796630e+06
34211.111111 2.909101e+06

18512.888889 2.065974e+06
28362.666667 2.300383e+06
32745.555556 2.794522e+06
34510.222222 2.507765e+06
34633.000000 3.000369e+06
34731.444444 2.584956e+06
35108.444444 3.142814e+06
35361.000000 3.038185e+06

19121.555556 2.238521e+06
29359.444444 2.503559e+06
33821.777778 3.075527e+06
35554.777778 2.727845e+06
35990.222222 2.694811e+06
36021.555556 2.740370e+06
36218.000000 3.386151e+06
36409.000000 2.683119e+06

19720.888889 3.332627e+06
30440.000000 3.903981e+06
34756.888889 3.183340e+06
36589.111111 3.444864e+06
37179.222222 3.413544e+06
37182.888889 2.923314e+06
37590.000000 3.110431e+06
37286.111111 2.643593e+06

20280.666667 2.359760e+06
31477.222222 3.203276e+06
35930.666667 2.903341e+06
37572.888889 3.064367e+06
38277.888889 3.005825e+06
38326.000000 3.436569e+06
38773.000000 2.858311e+06
38582.444444 3.572844e+06

20775.555556 2.427593e+06
32528.111111 2.691827e+06
37030.777778 2.661185e+06
38636.555556 3.515141e+06
39343.000000 3.104990e+06
39638.666667 3.553956e+06
39874.777778 2.880642e+06
39830.777778 3.547527e+06

21387.777778 2.389106e+06
33344.666667 2.567753e+06
38521.111111 2.998229e+06
39770.333333 2.864115e+06
40503.555556 3.621845e+06
40908.555556 3.083745e+06
40913.000000 1.240245e+07
40919.222222 3.459655e+06

22076.555556 3.053549e+06
34350.888889 3.211252e+06
39478.333333 3.248785e+06
40974.555556 1.555446e+07
41707.111111 3.615684e+06
41974.555556 3.490401e+06
41959.111111 3.545621e+06
42154.333333 3.348430e+06

22647.777778 2.654751e+06
35299.555556 3.358822e+06
40576.444444 2.900419e+06
42367.222222 2.987740e+06
42730.888889 3.145764e+06
43241.555556 3.220130e+06
43056.555556 3.032660e+06
43595.555556 3.998885e+06

23304.000000 2.943806e+06
36269.444444 4.504440e+06
41551.000000 3.357585e+06
43562.555556 4.423442e+06
43784.444444 3.326149e+06
44591.666667 3.968464e+06
44360.444444 3.266181e+06
44645.777778 4.340416e+06

23910.444444 3.205793e+06
37087.777778 3.266650e+06
42638.777778 3.541856e+06
44504.111111 3.401440e+06
45022.000000 4.153078e+06
45723.888889 3.567532e+06
45462.666667 4.986168e+06
45909.444444 4.106465e+06

24464.444444 3.741011e+06
38101.333333 3.979513e+06
43949.222222 5.429374e+06
45523.222222 3.932562e+06
46349.444444 4.050359e+06
46643.666667 4.538263e+06
47003.777778 4.252451e+06
46778.333333 4.593251e+06

25032.111111 6.661383e+06
39051.222222 3.235151e+06
45082.666667 7.670851e+06
46735.444444 3.668824e+06
47612.111111 3.810031e+06
47692.333333 4.817745e+06
48160.555556 3.306555e+06
47840.777778 4.636441e+06

25696.444444 2.898806e+06
39994.666667 3.349759e+06
46024.666667 3.459935e+06
48202.888889 4.253866e+06
48643.000000 4.004046e+06
48735.000000 5.226652e+06
49310.888889 3.949807e+06
48884.666667 5.153078e+06

26286.666667 3.250237e+06
41103.444444 4.383042e+06
47061.333333 3.844629e+06
49220.333333 4.675485e+06
49779.333333 3.996154e+06
50006.333333 4.974332e+06
50692.444444 3.969244e+06
49931.777778 5.354323e+06

26828.333333 4.158849e+06
42214.333333 3.652677e+06
48002.666667 4.227167e+06
50311.000000 4.158690e+06
51073.000000 3.966136e+06
51137.444444 3.756861e+06
51806.777778 5.413860e+06
51434.666667 4.075310e+06

27426.666667 3.586161e+06
43309.555556 4.354418e+06
49073.777778 4.188854e+06
51393.222222 9.765907e+06
52272.777778 4.980188e+06
52501.777778 4.778642e+06
52544.777778 4.838267e+06
52829.444444 4.581037e+06

28046.333333 3.532197e+06
44328.333333 4.672191e+06
50069.777778 3.837206e+06
52499.222222 4.012218e+06
53428.777778 4.066913e+06
53807.111111 4.404525e+06
53689.555556 4.047223e+06
53932.444444 4.913865e+06

28663.777778 3.355611e+06
45127.333333 4.601871e+06
51228.666667 4.134779e+06
53730.777778 4.715046e+06
54600.222222 4.175085e+06
55127.777778 5.976465e+06
54646.888889 4.647223e+06
55064.888889 5.420303e+06

29329.111111 3.579188e+06
46065.555556 5.551172e+06
52339.444444 4.738292e+06
54892.666667 1.681445e+07
55746.777778 4.698574e+06
56466.666667 4.626110e+06
55798.222222 4.513810e+06
56184.000000 4.207532e+06

29879.111111 3.791223e+06
47121.777778 4.708371e+06
53412.888889 4.281013e+06
55975.888889 6.449419e+06
56797.444444 6.255423e+06
57550.222222 6.659875e+06
57124.444444 4.649515e+06
57380.444444 5.367803e+06

30482.222222 3.917292e+06
48009.444444 4.253390e+06
54751.222222 5.615584e+06
57101.444444 4.914769e+06
57765.777778 5.056498e+06
58787.333333 6.012032e+06
58502.777778 5.051359e+06
58409.000000 6.667790e+06

31115.555556 5.724358e+06
48927.000000 4.478522e+06
55829.777778 4.701345e+06
58098.000000 4.890220e+06
58978.444444 5.230199e+06
59776.111111 6.519038e+06
59633.222222 5.611124e+06
59623.555556 6.561542e+06

31709.000000 4.313293e+06
50028.000000 4.789532e+06
56775.222222 5.314172e+06
59485.888889 5.712604e+06
60446.111111 5.100102e+06
60686.666667 4.964528e+06
60897.777778 5.101192e+06
60588.666667 5.223968e+06

32225.111111 4.209849e+06
51079.333333 4.817760e+06
57807.000000 4.894110e+06
60498.111111 6.395821e+06
61754.111111 6.376460e+06
61637.777778 5.769850e+06
61996.888889 5.271439e+06
61980.333333 5.097709e+06

32859.111111 5.627492e+06
52045.333333 4.716339e+06
58951.888889 4.917264e+06
61782.444444 6.246104e+06
62814.333333 5.674248e+06
62886.777778 6.597667e+06
62899.111111 5.300869e+06
63272.888889 5.301528e+06

33444.333333 4.464065e+06
53026.666667 5.944476e+06
60172.111111 5.172040e+06
62688.111111 6.646769e+06
64075.111111 5.495655e+06
63982.666667 6.817268e+06
64246.000000 5.389558e+06
64381.333333 7.076802e+06

34139.222222 4.510715e+06
53951.666667 5.173743e+06
61205.777778 5.241107e+06
63829.111111 5.435208e+06
65375.000000 5.730359e+06
65168.111111 5.859105e+06
65437.555556 5.552801e+06
65495.666667 6.626514e+06

34822.222222 1.068928e+07
54919.333333 6.943818e+06
62358.666667 6.633881e+06
64958.777778 6.946427e+06
66520.888889 6.831383e+06
66365.888889 5.828888e+06
66405.222222 5.645891e+06
66666.222222 7.271378e+06

35473.888889 6.309403e+06
55752.666667 6.520553e+06
63380.888889 7.370668e+06
66040.333333 7.039633e+06
67733.333333 6.600914e+06
67573.888889 6.108225e+06
67594.333333 6.481332e+06
68032.888889 6.130676e+06

36162.666667 1.265295e+07
56474.666667 6.435503e+06
64761.000000 6.746113e+06
67090.111111 5.948898e+06
68805.111111 6.328754e+06
68932.888889 6.209821e+06
68696.888889 5.862981e+06
69379.444444 6.787536e+06

36762.666667 1.845834e+07
57241.555556 6.180170e+06
66061.444444 9.849732e+06
68358.333333 9.708441e+06
69749.111111 8.308027e+06
69820.222222 6.553383e+06
70115.222222 6.167971e+06
70400.444444 7.051184e+06

37316.666667 5.931058e+06
58268.777778 5.843514e+06
67146.555556 8.604628e+06
69730.333333 7.954750e+06
70707.111111 9.138759e+06
71163.111111 7.419316e+06
71360.000000 8.040878e+06
71341.666667 7.447615e+06

37860.777778 5.509043e+06
59489.666667 7.452391e+06
67954.222222 7.070389e+06
71029.777778 7.566263e+06
71905.777778 6.857643e+06
72074.555556 6.987615e+06
72589.000000 6.675937e+06
72319.444444 8.078225e+06

38608.000000 6.584331e+06
60347.777778 7.207521e+06
69051.111111 7.317003e+06
72298.000000 8.102153e+06
73017.111111 7.915634e+06
73517.555556 8.322175e+06
73608.777778 7.905895e+06
73553.333333 8.180639e+06

39329.777778 5.984464e+06
61222.444444 6.935710e+06
70207.555556 6.848949e+06
73371.555556 7.115517e+06
74269.000000 7.534615e+06
74359.222222 7.062739e+06
74994.111111 6.866655e+06
74860.888889 1.319389e+07

39840.555556 5.756970e+06
62191.111111 6.555177e+06
71422.111111 6.819180e+06
74529.777778 7.297593e+06
75320.222222 7.977247e+06
75538.888889 8.265586e+06
76178.777778 7.744870e+06
75648.666667 8.082084e+06

40399.666667 6.695434e+06
63173.666667 6.506190e+06
72379.666667 1.003000e+07
75669.666667 8.658718e+06
76402.555556 8.141660e+06
76876.333333 7.385511e+06
77282.111111 9.734492e+06
76665.111111 8.884077e+06

40979.777778 6.459562e+06
64193.222222 7.126898e+06
73565.777778 9.970830e+06
76798.444444 7.635013e+06
77670.777778 8.972188e+06
77930.555556 8.145580e+06
78531.000000 1.028161e+07
77968.555556 7.954597e+06

41791.555556 7.451983e+06
64944.888889 9.103841e+06
74718.888889 8.253392e+06
78126.333333 1.396420e+07
78747.222222 9.905156e+06
79167.000000 9.386709e+06
79485.555556 8.845838e+06
79378.888889 8.765582e+06

42510.333333 6.466128e+06
65884.888889 7.961265e+06
75604.666667 8.061393e+06
79180.555556 8.309572e+06
79745.777778 8.306123e+06
80553.777778 8.549536e+06
80598.000000 7.915828e+06
80826.555556 7.911003e+06

43071.777778 1.217423e+07
67048.000000 1.037057e+07
76423.666667 1.458729e+07
80518.333333 9.048501e+06
81004.888889 9.304146e+06
81703.666667 8.396696e+06
81706.111111 7.973367e+06
81825.000000 8.713725e+06

43570.444444 8.059247e+06
68062.444444 8.643449e+06
77497.333333 1.590498e+07
81657.444444 1.006877e+07
82165.555556 1.013309e+07
82914.777778 8.848781e+06
82992.666667 8.408530e+06
82922.666667 8.614715e+06

44135.333333 7.736447e+06
69009.888889 8.527629e+06
78569.888889 8.800093e+06
82758.777778 8.926256e+06
83429.666667 9.140675e+06
84315.555556 8.881339e+06
83717.555556 8.907086e+06
84215.333333 8.742078e+06

44847.888889 7.940160e+06
69969.666667 8.338194e+06
79895.333333 8.579735e+06
83725.444444 9.219432e+06
84688.111111 9.127586e+06
85382.666667 9.918999e+06
84898.111111 1.006682e+07
85627.111111 1.027966e+07

45582.555556 8.583390e+06
70883.666667 8.717963e+06
80931.777778 1.438010e+07
84694.222222 9.642122e+06
85675.666667 9.711815e+06
86561.000000 9.554628e+06
85927.000000 9.601512e+06
86930.888889 9.938350e+06

46146.444444 8.787714e+06
71939.222222 9.269051e+06
82284.111111 9.036283e+06
85653.666667 9.223358e+06
86715.000000 1.022214e+07
87667.777778 9.821646e+06
87312.000000 1.230773e+07
87900.666667 9.479634e+06

46809.777778 8.626584e+06
72936.888889 9.342447e+06
83353.000000 9.032399e+06
86966.555556 9.660350e+06
87893.666667 1.063179e+07
88955.000000 1.015712e+07
88764.666667 9.584490e+06
88818.888889 9.938180e+06

47433.444444 1.109245e+07
73809.888889 1.152271e+07
84525.777778 1.260908e+07
87998.222222 1.092466e+07
88983.666667 1.168440e+07
89944.777778 1.042700e+07
89887.333333 1.284177e+07
90160.111111 1.078634e+07

47966.333333 1.026249e+07
74778.888889 9.615686e+06
85794.000000 1.002059e+07
89031.777778 1.005467e+07
90365.777778 1.350939e+07
90991.555556 1.089814e+07
91134.111111 1.154089e+07
91171.111111 1.009403e+07

48470.777778 8.966116e+06
75945.000000 9.520221e+06
86725.777778 9.862187e+06
90036.111111 1.206846e+07
91792.888889 1.249161e+07
92079.444444 1.023270e+07
92189.222222 9.884651e+06
92439.666667 1.032685e+07

49069.333333 1.018972e+07
76953.666667 9.908411e+06
87923.777778 1.288658e+07
91144.888889 1.059750e+07
92936.444444 1.064793e+07
93221.777778 1.118246e+07
93464.111111 1.103173e+07
93837.111111 1.050022e+07

49737.777778 1.756358e+07
77820.222222 1.068542e+07
89064.666667 1.406615e+07
92196.777778 1.248124e+07
94135.444444 1.305937e+07
94315.333333 1.033861e+07
94834.111111 1.013580e+07
94860.333333 1.200156e+07

50443.111111 9.403231e+06
78749.444444 1.095738e+07
90133.222222 1.080174e+07
93480.000000 1.061268e+07
95237.888889 1.082839e+07
95257.777778 1.081163e+07
96242.333333 1.065036e+07
96036.000000 1.049285e+07

51009.555556 1.239293e+07
79793.555556 1.243452e+07
91185.555556 1.218010e+07
94600.666667 1.080978e+07
96434.888889 1.170857e+07
96261.888889 1.118024e+07
97360.888889 1.100653e+07
97393.111111 1.137637e+07

51544.222222 1.078771e+07
80800.000000 1.056587e+07
92222.666667 1.350792e+07
95779.666667 1.243668e+07
97635.000000 1.182470e+07
97429.444444 1.220944e+07
98369.888889 1.202808e+07
98701.222222 1.165862e+07

52192.777778 1.179162e+07
81765.444444 1.128912e+07
93310.111111 1.435368e+07
96856.222222 1.211896e+07
98748.666667 1.233985e+07
98757.888889 1.241933e+07
99416.555556 1.206088e+07
99769.111111 1.146775e+07

52786.000000 1.627562e+07
82688.444444 1.133087e+07
94620.555556 1.506684e+07
97917.666667 1.139682e+07
99910.777778 1.204698e+07
100090.666667 1.161565e+07
100335.666667 1.149464e+07
101000.000000 1.171084e+07

53360.111111 1.276932e+07
83504.000000 1.119340e+07
95751.000000 1.178788e+07
99104.000000 1.169516e+07
101138.111111 1.221153e+07
101680.000000 1.243145e+07
101281.555556 1.178310e+07
102265.444444 1.179960e+07

54009.555556 2.381822e+07
84322.111111 1.184442e+07
96912.222222 2.200048e+07
100391.888889 1.221141e+07
101934.444444 1.257951e+07
102748.888889 1.253946e+07
102512.111111 1.212616e+07
103339.666667 1.233729e+07

54581.000000 1.260737e+07
85360.888889 1.228446e+07
97891.444444 2.973675e+07
101426.777778 1.323141e+07
103352.333333 1.299965e+07
103864.000000 1.252249e+07
104018.000000 1.228786e+07
104526.888889 1.238970e+07

55272.777778 1.343824e+07
86259.777778 1.400981e+07
99099.333333 1.413611e+07
102300.111111 1.430025e+07
104744.666667 1.533813e+07
104889.111111 1.345244e+07
105415.555556 1.445398e+07
105524.444444 1.270798e+07

55978.000000 1.112192e+07
87174.000000 1.248812e+07
100252.111111 1.343108e+07
103665.888889 1.320406e+07
105811.111111 1.393138e+07
106117.555556 1.318286e+07
106615.777778 1.413108e+07
106496.111111 1.330034e+07

56660.000000 1.378015e+07
88213.222222 1.361050e+07
100986.222222 1.583517e+07
104783.444444 1.359186e+07
106813.444444 1.564858e+07
107525.000000 1.354450e+07
107752.777778 1.481127e+07
107830.888889 1.404348e+07

57155.222222 1.236336e+07
89339.333333 1.281832e+07
102111.333333 1.293693e+07
106063.222222 1.303560e+07
107940.222222 1.305028e+07
108678.222222 1.456391e+07
108876.888889 1.424791e+07
109066.555556 1.468832e+07

57857.000000 1.188616e+07
90180.555556 1.223389e+07
103146.444444 1.397411e+07
107558.444444 1.449856e+07
108785.444444 1.423039e+07
109822.222222 1.344960e+07
110024.555556 1.580915e+07
110059.000000 1.460320e+07

58439.111111 1.355693e+07
91224.555556 1.350576e+07
104273.222222 1.357263e+07
108753.333333 1.348599e+07
109680.333333 1.514882e+07
110985.888889 1.342520e+07
111396.000000 1.547492e+07
111188.333333 1.569048e+07

59109.333333 1.262463e+07
92175.333333 1.915121e+07
105220.111111 1.464263e+07
109847.111111 4.340534e+07
110909.222222 1.489260e+07
112016.444444 1.432258e+07
112550.888889 1.442904e+07
112342.444444 1.431365e+07

59756.444444 1.283451e+07
93270.666667 1.391047e+07
106224.111111 1.407505e+07
111236.000000 1.383890e+07
111934.777778 1.399120e+07
113116.333333 1.574934e+07
114026.222222 1.455127e+07
113375.222222 1.407516e+07

60284.333333 1.292473e+07
94433.555556 1.372396e+07
107218.777778 1.465273e+07
112389.444444 1.425766e+07
113217.333333 1.506950e+07
114042.000000 1.431283e+07
115155.555556 1.521785e+07
114711.666667 1.463302e+07

61062.666667 1.267225e+07
95222.666667 1.374575e+07
108136.666667 1.618715e+07
113538.444444 1.493752e+07
114475.444444 1.547607e+07
115201.111111 1.444578e+07
116375.111111 2.302600e+07
115823.333333 1.505871e+07

61757.222222 1.301080e+07
96194.666667 1.483757e+07
109240.555556 1.535321e+07
114578.000000 1.548311e+07
115850.333333 1.564303e+07
116519.333333 1.531459e+07
117532.111111 1.530282e+07
116786.000000 1.623379e+07

