630.384615 8.204969e+04
1041.769231 7.117862e+04
1197.076923 7.725769e+04
1305.230769 7.058808e+04
1287.923077 6.811646e+04
1286.846154 6.665369e+04
1286.769231 7.138038e+04
1257.846154 5.944485e+04

1309.384615 1.268387e+05
2111.461538 1.369029e+05
2401.384615 1.424396e+05
2559.461538 1.604927e+05
2542.538462 1.186851e+05
2612.461538 1.250612e+05
2621.538462 1.118294e+05
2600.461538 1.162579e+05

1986.076923 1.833043e+05
3166.615385 2.021202e+05
3680.000000 1.657837e+05
3746.846154 2.253212e+05
3853.615385 1.610307e+05
3928.076923 1.829649e+05
3936.153846 1.685902e+05
3957.307692 1.712952e+05

2680.923077 2.819272e+05
4230.000000 2.539567e+05
4849.615385 2.267808e+05
5110.000000 2.341401e+05
5186.076923 2.196864e+05
5267.923077 2.276742e+05
5171.384615 2.184408e+05
5219.846154 2.256107e+05

3399.846154 3.364227e+05
5233.307692 5.571173e+05
6045.307692 3.104384e+05
6412.692308 7.838168e+05
6493.384615 3.862308e+05
6521.846154 3.498465e+05
6529.769231 3.599317e+05
6469.769231 3.236628e+05

4087.692308 3.546681e+05
6321.615385 4.864557e+05
7262.076923 3.837956e+05
7597.076923 4.321255e+05
7783.769231 4.138405e+05
7837.769231 4.126588e+05
7823.230769 5.880327e+05
7818.076923 4.142601e+05

4711.538462 5.551073e+05
7335.846154 5.238291e+05
8696.230769 6.001439e+05
8818.923077 4.662072e+05
9097.000000 6.597994e+05
9047.076923 5.203715e+05
9219.076923 2.409713e+06
9258.538462 5.312411e+05

5384.230769 4.595255e+05
8486.076923 6.502675e+05
9746.538462 6.071822e+05
10274.615385 8.361052e+05
10352.384615 5.862335e+05
10502.076923 6.020347e+05
10524.923077 6.932528e+05
10436.230769 6.007695e+05

5969.769231 7.115125e+05
9655.000000 8.751232e+05
10910.769231 6.530782e+05
11569.846154 6.272329e+05
11724.846154 6.275640e+05
11783.076923 6.463114e+05
11646.692308 7.798158e+05
11891.846154 8.060605e+05

6757.461538 7.980755e+05
10591.769231 7.506619e+05
12219.538462 7.882087e+05
12763.769231 6.670096e+05
12943.461538 9.566188e+05
13032.769231 7.417218e+05
13214.538462 2.724398e+06
13114.923077 9.207482e+05

7521.846154 8.078422e+05
11478.538462 9.705372e+05
13538.230769 8.197382e+05
14234.307692 1.351778e+06
14181.153846 9.695487e+05
14429.000000 9.522816e+05
14516.923077 8.539791e+05
14288.692308 8.472918e+05

8193.153846 1.097296e+06
12548.692308 1.299743e+06
14704.000000 9.154582e+05
15473.692308 8.230045e+05
15586.230769 1.133009e+06
15785.307692 9.184164e+05
15649.461538 9.629199e+05
15705.923077 8.075695e+05

8895.230769 1.035371e+06
13710.923077 1.142229e+06
15905.307692 1.249102e+06
16630.538462 9.850389e+05
17050.307692 1.362188e+06
16934.153846 1.133302e+06
16883.692308 1.694921e+06
16982.076923 1.348341e+06

9453.307692 1.078856e+06
14960.692308 1.242428e+06
17250.538462 1.280088e+06
17835.615385 1.233873e+06
18239.307692 1.083173e+06
18290.846154 1.218805e+06
18314.384615 1.182364e+06
18101.615385 1.680234e+06

10031.076923 1.138207e+06
16014.923077 1.073120e+06
18532.846154 1.425489e+06
19248.769231 1.236008e+06
19441.923077 3.769417e+06
19561.923077 1.330367e+06
19602.000000 1.351814e+06
19649.384615 1.450395e+06

10704.461538 1.403134e+06
17134.153846 1.296999e+06
19648.000000 1.418284e+06
20580.076923 1.503313e+06
20786.615385 1.118657e+06
20824.846154 1.781425e+06
20868.692308 1.666988e+06
20808.615385 5.428112e+06

11416.692308 1.390300e+06
18202.153846 1.593714e+06
20919.923077 1.725162e+06
21885.923077 1.532572e+06
22001.769231 4.897191e+06
22165.000000 1.566456e+06
22157.000000 1.608283e+06
22196.461538 1.733476e+06

12195.461538 1.540787e+06
19136.615385 1.386367e+06
22306.615385 1.349110e+06
22942.076923 2.355167e+06
23474.153846 1.739120e+06
23340.230769 1.786965e+06
23457.615385 1.620235e+06
23700.615385 1.335033e+06

12872.230769 1.602802e+06
20315.769231 2.152508e+06
23425.846154 1.959755e+06
24240.384615 5.145726e+06
24714.000000 1.722330e+06
24844.846154 1.584837e+06
24594.615385 1.670305e+06
24801.692308 1.622842e+06

13601.461538 1.916821e+06
21240.307692 2.901122e+06
24597.230769 1.714817e+06
25660.461538 6.043401e+06
25848.538462 1.683562e+06
26093.846154 1.564803e+06
26157.923077 1.929998e+06
26233.923077 1.924273e+06

14268.615385 1.551464e+06
22402.846154 2.489835e+06
25842.230769 2.103717e+06
26769.153846 2.398848e+06
27328.692308 1.949915e+06
27356.076923 1.773212e+06
27391.615385 2.155369e+06
27487.153846 1.903255e+06

14916.461538 2.041589e+06
23640.000000 2.451887e+06
26980.076923 2.054699e+06
28084.384615 8.587694e+06
28635.769231 2.670533e+06
28750.230769 1.948022e+06
28695.076923 2.346978e+06
28671.000000 1.804789e+06

15664.307692 2.008860e+06
24750.076923 2.384611e+06
28169.923077 1.858372e+06
29373.153846 2.593417e+06
29878.846154 2.451709e+06
29857.538462 1.871528e+06
30235.076923 2.742883e+06
30087.076923 2.498336e+06

16255.846154 1.753806e+06
25977.307692 2.068451e+06
29171.461538 1.986890e+06
30646.769231 2.237381e+06
31276.538462 2.023216e+06
31171.769231 1.112090e+07
31361.153846 2.037723e+06
31478.615385 1.836219e+06

16922.230769 2.160643e+06
26915.153846 1.994645e+06
30481.076923 1.834784e+06
32113.307692 3.049772e+06
32545.923077 2.307109e+06
32594.000000 3.112011e+06
32634.692308 2.670921e+06
32737.000000 2.309660e+06

17621.461538 2.420417e+06
27923.384615 2.088383e+06
31860.538462 1.956275e+06
33363.076923 2.626716e+06
33759.769231 2.154009e+06
33951.153846 2.320104e+06
33776.461538 2.268199e+06
34021.538462 2.767875e+06

18379.461538 2.395484e+06
28873.230769 2.250652e+06
33051.076923 2.657750e+06
34697.384615 2.365654e+06
34832.000000 2.862070e+06
35408.153846 2.621302e+06
35240.076923 2.501648e+06
35225.461538 2.935328e+06

19091.000000 4.174519e+06
29957.615385 3.928356e+06
34284.923077 3.963373e+06
35972.076923 3.081803e+06
36125.538462 2.583179e+06
36773.076923 3.486407e+06
36532.692308 2.796731e+06
36824.923077 3.101820e+06

19927.307692 2.424690e+06
30980.615385 3.390130e+06
35403.692308 3.737779e+06
37328.846154 8.854687e+06
37427.769231 2.664887e+06
37810.153846 2.683907e+06
37958.307692 3.276487e+06
38265.923077 2.337477e+06

20709.307692 2.917556e+06
31843.538462 2.234377e+06
36695.538462 2.457853e+06
38795.538462 3.563851e+06
38739.846154 2.979344e+06
38900.230769 4.397999e+06
39351.000000 3.002564e+06
39546.692308 2.650731e+06

21432.153846 3.160574e+06
32845.461538 2.823769e+06
37989.153846 2.751761e+06
39788.000000 2.690634e+06
40344.230769 2.809860e+06
40342.923077 3.122524e+06
40607.307692 2.523061e+06
40678.307692 7.845892e+06

22074.153846 2.500998e+06
34092.538462 2.406787e+06
38935.230769 2.998174e+06
41102.769231 2.874329e+06
41782.384615 3.301720e+06
41690.153846 2.879191e+06
42109.000000 2.670099e+06
41588.692308 3.593130e+06

22733.769231 2.545278e+06
35242.384615 3.698164e+06
40261.076923 2.726264e+06
42252.076923 3.051525e+06
42939.615385 2.820976e+06
42981.000000 3.713578e+06
43425.384615 3.042340e+06
43098.923077 3.650418e+06

23283.846154 3.084230e+06
36431.153846 2.946523e+06
41615.769231 3.453741e+06
43367.230769 3.115359e+06
44117.692308 3.100586e+06
44411.538462 2.945491e+06
44637.769231 3.933592e+06
44407.307692 3.941066e+06

24001.384615 2.725919e+06
37217.076923 2.992307e+06
43141.615385 3.384236e+06
44630.769231 3.527455e+06
45391.461538 4.221155e+06
45874.000000 3.372479e+06
45849.307692 3.894900e+06
45824.538462 3.685920e+06

24704.461538 3.613268e+06
38483.692308 3.725017e+06
44228.230769 3.706014e+06
46135.153846 3.193471e+06
46718.230769 7.995198e+06
47045.538462 3.937486e+06
47050.153846 3.453350e+06
47205.384615 4.858566e+06

25358.615385 8.364754e+06
39576.538462 4.191661e+06
45444.230769 4.613987e+06
47447.230769 3.207446e+06
47934.846154 3.305712e+06
48442.538462 4.749719e+06
48337.000000 3.530558e+06
48522.923077 4.504376e+06

26164.769231 4.076813e+06
40526.769231 3.683488e+06
46575.615385 3.778953e+06
48805.000000 3.557603e+06
49266.000000 4.682823e+06
49906.846154 3.615461e+06
49578.538462 4.338836e+06
50011.230769 4.059325e+06

26762.846154 4.446351e+06
41650.923077 4.382874e+06
47825.153846 4.653394e+06
50108.076923 4.328046e+06
50420.846154 4.799082e+06
51260.923077 4.220796e+06
50880.538462 3.670608e+06
51381.538462 4.915061e+06

27424.076923 3.671335e+06
42690.307692 1.701439e+07
49284.538462 4.289251e+06
51032.307692 1.066120e+07
51998.769231 5.281401e+06
52261.923077 4.761834e+06
52464.307692 4.274888e+06
52391.461538 4.503611e+06

28031.846154 3.859761e+06
43775.846154 5.024879e+06
50481.538462 4.484188e+06
52476.153846 9.233153e+06
53365.692308 4.229988e+06
53380.230769 4.024160e+06
53897.461538 5.526808e+06
53636.769231 4.085661e+06

28780.461538 4.699055e+06
44845.230769 4.793928e+06
51561.692308 4.245680e+06
54023.615385 5.307944e+06
54533.153846 4.436320e+06
54681.769231 4.364021e+06
55325.615385 8.120349e+06
54745.769231 6.254108e+06

29486.076923 4.057045e+06
46022.461538 4.841199e+06
52709.307692 4.335759e+06
55320.384615 5.144525e+06
55858.384615 4.592292e+06
55952.538462 4.744435e+06
56753.307692 5.289919e+06
56046.230769 4.595951e+06

30072.769231 4.485967e+06
47338.153846 6.273570e+06
53823.846154 5.332105e+06
56352.846154 7.207386e+06
57248.692308 5.477231e+06
57232.923077 4.760573e+06
58022.230769 6.916239e+06
57709.307692 5.177961e+06

30739.769231 4.829206e+06
48451.769231 5.437095e+06
55042.923077 5.147474e+06
57648.692308 6.464518e+06
58521.230769 5.865533e+06
58823.923077 5.423829e+06
58947.846154 5.879527e+06
59164.846154 5.027815e+06

31415.153846 4.216638e+06
49631.307692 5.626148e+06
56035.692308 5.168528e+06
58990.461538 9.428221e+06
59952.153846 5.931458e+06
60375.692308 5.524299e+06
59895.461538 6.423800e+06
60549.230769 5.595388e+06

32156.384615 4.905916e+06
50603.846154 5.651147e+06
57421.461538 5.044268e+06
60132.538462 6.558666e+06
61102.461538 5.591776e+06
61874.153846 1.742766e+07
61317.615385 5.548082e+06
61688.615385 5.262298e+06

32854.846154 5.522923e+06
51636.000000 5.891134e+06
58710.923077 5.292488e+06
61590.461538 6.832107e+06
62398.923077 5.622912e+06
63158.538462 6.318542e+06
62350.153846 6.188859e+06
63017.384615 6.548703e+06

33492.307692 6.875765e+06
52789.230769 5.648388e+06
60042.230769 7.780233e+06
62827.153846 6.899734e+06
63551.076923 1.704054e+07
64529.307692 5.750340e+06
64071.384615 5.625950e+06
64227.615385 6.412431e+06

34193.923077 5.090164e+06
53710.000000 5.933740e+06
61478.692308 6.181740e+06
64112.076923 6.770491e+06
64570.461538 5.872226e+06
65776.846154 5.938415e+06
65570.384615 6.891029e+06
65420.846154 6.179147e+06

34894.692308 6.710706e+06
54903.538462 7.073399e+06
62527.461538 6.163801e+06
65379.461538 7.117732e+06
66067.615385 7.120799e+06
66889.076923 2.315859e+07
66937.153846 6.876096e+06
66687.307692 6.189429e+06

35525.615385 8.332819e+06
56163.076923 6.464937e+06
63581.461538 6.350959e+06
66692.000000 6.780666e+06
67538.307692 6.455058e+06
68020.461538 7.187996e+06
68225.076923 7.023743e+06
67848.615385 8.265630e+06

36066.384615 6.105034e+06
57397.307692 6.006847e+06
64799.769231 8.651215e+06
67835.538462 7.321799e+06
69101.923077 6.869752e+06
69138.769231 6.731850e+06
69262.153846 1.211306e+07
69295.846154 6.843824e+06

36773.000000 6.981304e+06
58370.076923 7.167956e+06
66155.384615 7.620222e+06
69240.769231 6.799170e+06
70349.692308 8.172630e+06
70331.538462 7.515344e+06
70627.230769 6.963300e+06
70792.384615 7.396105e+06

37462.846154 6.669001e+06
59323.923077 6.467309e+06
67553.615385 8.816194e+06
70341.769231 7.942798e+06
71853.538462 8.967323e+06
71744.461538 7.171747e+06
71995.461538 6.794845e+06
72060.076923 8.041731e+06

38264.384615 8.701770e+06
60379.923077 7.730937e+06
68595.076923 1.454619e+07
71598.615385 7.244662e+06
73353.076923 7.555656e+06
72850.461538 7.480420e+06
73315.692308 7.176353e+06
73368.307692 7.923424e+06

38935.538462 7.100227e+06
61529.230769 8.937879e+06
69932.076923 7.883911e+06
72961.076923 2.719987e+07
74529.846154 7.746564e+06
74298.230769 7.879828e+06
74397.153846 8.274974e+06
74521.846154 7.447352e+06

39731.000000 6.820906e+06
62532.307692 9.415388e+06
71028.692308 9.278027e+06
73989.461538 8.596900e+06
75820.538462 8.233009e+06
75722.153846 9.492355e+06
75759.307692 7.472250e+06
76187.769231 7.514877e+06

40478.615385 7.107869e+06
63321.153846 7.924857e+06
72626.692308 8.026652e+06
75259.769231 1.037726e+07
77034.230769 8.308011e+06
77188.307692 9.580535e+06
76898.769231 8.117623e+06
77733.538462 2.729882e+07

41138.538462 8.655736e+06
64280.153846 8.170532e+06
74121.000000 9.527888e+06
76568.000000 8.522634e+06
78076.153846 8.411250e+06
78350.153846 9.106209e+06
78545.615385 8.131229e+06
79015.461538 8.454190e+06

41873.153846 7.498456e+06
65317.384615 9.800254e+06
75251.307692 9.429647e+06
78234.307692 9.267280e+06
79106.076923 8.482815e+06
79612.846154 8.688167e+06
79894.230769 9.172934e+06
80018.153846 8.778133e+06

42401.076923 8.546881e+06
66688.153846 1.007657e+07
76299.769231 8.674777e+06
79621.538462 9.012604e+06
80525.000000 8.766085e+06
80865.846154 1.746440e+07
81411.615385 8.769160e+06
81032.923077 8.776076e+06

43161.307692 8.462632e+06
67721.538462 9.716060e+06
77569.307692 9.255074e+06
80957.230769 1.157249e+07
81776.615385 9.684705e+06
82141.923077 1.154368e+07
82488.769231 9.292963e+06
82558.692308 1.434616e+07

44073.615385 8.595059e+06
68564.000000 8.600498e+06
78775.923077 9.706564e+06
82208.692308 9.074427e+06
83156.615385 9.119493e+06
83281.846154 9.901010e+06
83932.000000 9.022331e+06
83876.153846 9.588394e+06

44639.307692 8.086849e+06
69755.230769 9.000719e+06
79974.076923 9.031908e+06
83642.615385 9.235182e+06
84270.076923 1.071333e+07
84588.384615 9.878591e+06
85414.307692 1.011467e+07
84748.615385 9.299493e+06

45273.153846 8.755662e+06
70999.000000 9.127004e+06
81155.846154 9.460296e+06
84787.769231 9.636971e+06
85528.692308 1.057071e+07
86119.461538 9.566625e+06
86678.461538 1.287813e+07
85915.230769 9.577247e+06

45966.846154 9.459424e+06
71976.461538 9.685233e+06
82418.615385 1.106011e+07
86220.538462 9.589035e+06
86941.846154 1.124292e+07
87305.153846 9.681537e+06
87877.153846 9.890597e+06
87280.692308 1.067595e+07

46856.461538 2.621262e+07
72773.000000 9.977115e+06
83763.000000 3.113911e+07
87400.923077 9.677083e+06
88324.230769 1.000818e+07
88578.153846 1.042851e+07
89131.692308 1.012082e+07
88816.076923 1.046627e+07

47640.846154 9.085254e+06
73901.538462 1.563788e+07
84775.307692 1.331843e+07
88812.461538 1.530791e+07
89395.769231 1.079659e+07
90195.384615 1.136968e+07
90297.846154 1.326464e+07
90558.846154 1.099360e+07

48266.923077 9.346751e+06
75091.846154 1.148127e+07
85794.923077 1.039136e+07
90250.230769 1.842481e+07
90691.692308 1.663457e+07
91651.692308 1.485055e+07
91474.615385 1.038644e+07
91729.076923 1.038783e+07

48894.538462 1.073900e+07
76240.846154 1.104401e+07
86955.923077 1.055847e+07
91432.153846 1.112784e+07
91960.692308 1.061008e+07
92963.000000 3.133633e+07
92778.769231 1.083860e+07
93058.076923 1.088627e+07

49480.615385 1.008717e+07
77272.538462 1.071622e+07
88286.615385 1.093529e+07
92631.538462 1.104786e+07
93518.307692 1.102260e+07
94274.384615 1.223801e+07
93909.384615 1.115457e+07
94394.923077 1.442513e+07

50287.769231 1.213622e+07
78452.692308 1.083587e+07
89459.538462 2.891322e+07
93817.615385 1.178160e+07
94760.461538 1.155513e+07
95497.615385 1.173947e+07
95256.307692 1.183696e+07
95896.230769 1.266621e+07

51016.692308 1.046377e+07
79503.076923 1.270486e+07
90901.461538 1.159311e+07
94882.846154 1.352057e+07
95894.692308 1.141418e+07
97090.000000 1.156210e+07
96282.000000 1.198849e+07
97320.538462 1.165246e+07

51744.461538 1.118037e+07
80538.615385 1.318529e+07
92275.461538 1.144734e+07
96060.846154 1.366695e+07
97171.846154 1.194909e+07
98389.384615 3.788980e+07
97680.153846 1.217460e+07
98436.538462 1.216870e+07

52488.384615 1.104971e+07
81595.230769 1.236949e+07
93559.076923 1.202567e+07
97520.846154 1.352747e+07
98460.692308 1.190680e+07
99426.076923 1.338462e+07
99565.538462 1.204284e+07
99517.384615 1.356233e+07

53196.384615 1.162195e+07
82673.307692 1.175641e+07
94723.153846 1.354915e+07
98542.307692 1.225347e+07
99659.846154 1.419514e+07
100836.461538 1.244835e+07
100771.923077 1.260014e+07
100857.615385 1.247178e+07

53755.307692 1.131816e+07
83844.230769 1.390246e+07
96136.000000 1.308942e+07
99722.615385 4.113037e+07
101178.461538 1.573244e+07
101942.307692 1.473631e+07
102055.615385 1.518332e+07
102263.461538 1.317837e+07

54351.076923 1.174890e+07
85088.692308 1.291967e+07
97269.923077 1.261756e+07
100888.384615 1.375961e+07
102829.846154 1.307069e+07
103058.615385 1.431028e+07
103369.846154 1.303024e+07
103576.846154 1.287504e+07

54996.307692 2.620511e+07
86194.769231 1.241222e+07
98616.153846 2.821276e+07
102091.076923 1.316792e+07
104088.923077 1.316419e+07
104451.692308 1.333759e+07
104585.846154 1.303976e+07
105133.923077 1.321329e+07

55761.000000 1.271918e+07
87276.846154 1.431452e+07
99802.000000 1.327021e+07
103296.153846 4.841147e+07
105205.769231 1.356803e+07
105617.769231 1.371185e+07
106293.615385 1.343240e+07
106302.846154 1.350680e+07

56537.230769 1.253643e+07
88291.692308 1.459616e+07
100954.461538 1.331868e+07
104628.307692 1.456921e+07
106563.769231 1.362696e+07
106682.000000 1.496679e+07
107915.076923 1.351465e+07
107720.538462 1.363811e+07

57163.076923 1.358669e+07
89435.769231 1.355258e+07
102266.538462 3.433941e+07
105880.153846 1.379677e+07
108007.615385 1.366481e+07
107896.384615 1.391697e+07
109050.461538 1.384244e+07
109200.230769 1.384048e+07

57869.692308 1.259259e+07
90435.692308 1.415004e+07
103445.307692 1.413702e+07
107424.692308 3.769663e+07
109252.769231 1.419378e+07
109195.615385 1.450487e+07
110188.384615 1.439005e+07
110666.461538 1.411863e+07

58449.538462 1.293706e+07
91663.153846 1.446434e+07
104624.923077 1.394062e+07
108526.307692 1.515204e+07
110575.538462 1.482451e+07
110644.923077 1.701083e+07
111361.230769 1.518260e+07
111770.769231 1.405427e+07

59187.923077 1.330691e+07
92562.769231 1.371804e+07
105999.000000 1.383734e+07
109695.230769 1.506010e+07
112036.692308 1.439435e+07
112269.923077 1.845935e+07
112497.846154 1.417660e+07
113157.000000 2.391778e+07

59833.384615 1.552669e+07
93547.307692 1.439951e+07
107346.230769 3.923625e+07
111018.615385 1.488907e+07
113151.769231 1.518615e+07
113901.923077 1.456350e+07
113555.846154 1.432748e+07
114327.384615 1.451148e+07

60566.384615 1.360464e+07
94505.615385 1.627455e+07
108603.076923 1.493506e+07
112560.769231 1.713304e+07
114215.076923 1.506266e+07
115184.000000 3.055685e+07
114956.000000 1.503588e+07
115994.307692 1.510983e+07

61149.615385 1.371456e+07
95649.153846 1.512085e+07
109899.846154 1.496615e+07
113601.692308 1.634399e+07
115684.384615 1.542616e+07
116570.307692 1.896020e+07
116623.923077 1.560384e+07
117154.769231 1.869303e+07

61952.307692 1.582016e+07
96568.230769 1.520181e+07
111135.153846 3.638090e+07
114662.846154 1.546229e+07
117293.230769 1.556041e+07
117659.000000 1.583197e+07
118334.923077 1.595509e+07
118045.230769 1.504907e+07

62763.769231 1.408270e+07
97638.153846 1.551455e+07
112298.153846 1.519854e+07
116084.153846 1.724615e+07
118550.769231 1.528985e+07
118964.769231 1.555182e+07
119333.076923 1.586975e+07
119548.615385 1.580663e+07

63485.769231 1.457779e+07
98823.230769 1.575150e+07
113271.846154 1.556781e+07
117676.846154 1.666597e+07
119714.538462 1.592936e+07
120191.538462 3.299204e+07
120512.307692 1.618985e+07
120818.538462 1.628849e+07

64114.846154 1.499910e+07
100019.461538 1.505814e+07
114534.538462 1.556446e+07
118952.923077 1.632982e+07
120991.615385 1.610729e+07
121587.230769 1.689402e+07
121974.615385 1.584073e+07
122205.307692 1.756964e+07

64803.153846 1.529024e+07
101152.000000 1.620636e+07
115699.384615 1.635083e+07
120307.230769 1.637138e+07
121878.307692 1.621313e+07
123062.692308 1.945572e+07
123387.461538 1.630556e+07
123448.076923 5.116634e+07

65535.923077 1.604728e+07
102260.461538 1.584093e+07
116809.076923 1.876190e+07
121792.538462 1.677306e+07
122853.846154 1.986772e+07
124397.692308 1.634901e+07
124748.076923 1.643951e+07
124676.153846 1.698502e+07

66265.769231 1.601555e+07
103381.307692 1.742225e+07
118002.461538 1.609241e+07
123190.615385 1.640802e+07
124138.846154 1.718639e+07
125695.692308 1.659930e+07
125936.923077 1.901192e+07
125870.538462 1.738904e+07

66934.769231 1.574343e+07
104525.923077 1.786712e+07
119186.692308 1.718041e+07
124490.692308 1.739653e+07
125408.692308 1.655326e+07
126832.615385 4.200749e+07
127705.692308 1.711062e+07
126939.230769 1.692359e+07

67573.923077 1.582871e+07
105915.615385 1.965522e+07
120158.461538 2.341866e+07
125900.692308 1.715716e+07
126850.846154 1.719437e+07
128006.307692 1.894860e+07
129111.076923 1.682177e+07
128261.769231 2.014090e+07

68475.923077 1.892983e+07
106757.153846 1.647212e+07
121287.000000 1.929653e+07
127187.923077 1.732239e+07
128258.076923 1.873783e+07
129252.923077 1.719044e+07
130460.307692 1.735219e+07
129658.461538 1.771519e+07

69176.538462 2.369517e+07
107896.769231 1.649654e+07
122492.307692 4.287610e+07
128209.923077 2.106408e+07
129791.538462 1.925661e+07
130531.384615 1.832543e+07
131726.076923 1.767475e+07
130976.846154 1.757616e+07

