706.437500 8.435606e+04
1177.000000 9.453225e+04
1346.937500 8.308788e+04
1455.062500 8.555294e+04
1457.125000 8.735162e+04
1440.562500 7.100719e+04
1447.937500 6.547456e+04
1434.812500 8.837394e+04

1457.437500 1.401651e+05
2371.125000 1.372830e+05
2701.250000 1.624978e+05
2858.375000 1.422613e+05
2878.062500 1.337284e+05
2947.250000 1.382986e+05
2953.750000 1.377405e+05
2917.750000 1.389929e+05

2224.000000 2.492502e+05
3547.250000 2.430176e+05
4140.312500 2.975941e+05
4198.562500 2.620894e+05
4359.250000 2.420249e+05
4420.875000 2.363498e+05
4447.937500 2.998802e+05
4413.500000 2.246771e+05

3016.312500 2.584109e+05
4719.437500 2.443626e+05
5439.250000 2.991194e+05
5736.000000 2.391326e+05
5815.875000 2.549535e+05
5904.937500 3.084718e+05
5852.250000 3.207260e+05
5844.562500 3.528976e+05

3821.437500 5.248478e+05
5888.000000 4.134911e+05
6762.500000 6.011434e+05
7235.937500 4.035040e+05
7296.312500 4.303894e+05
7331.625000 4.035367e+05
7311.625000 3.993834e+05
7225.500000 5.072843e+05

4580.562500 4.041784e+05
7076.062500 6.481544e+05
8212.062500 4.556481e+05
8589.937500 4.505486e+05
8709.687500 7.064106e+05
8780.937500 4.781316e+05
8710.687500 6.891234e+05
8814.187500 4.865171e+05

5286.125000 6.099657e+05
8225.312500 5.707744e+05
9794.125000 1.347189e+06
9952.250000 5.946565e+05
10205.062500 5.773616e+05
10170.937500 6.347728e+05
10292.500000 5.971561e+05
10358.312500 8.659271e+05

6052.812500 6.288079e+05
9507.375000 8.156756e+05
10919.187500 6.462489e+05
11564.125000 6.379944e+05
11575.812500 7.547734e+05
11747.875000 6.324508e+05
11812.312500 7.498767e+05
11637.000000 6.725273e+05

6698.250000 6.933206e+05
10867.750000 7.185699e+05
12258.562500 9.924287e+05
12997.562500 8.025833e+05
13154.625000 1.985527e+06
13202.437500 7.431477e+05
13087.500000 7.359601e+05
13332.687500 8.204397e+05

7598.187500 8.566644e+05
11855.312500 9.066922e+05
13733.812500 1.017242e+06
14376.750000 8.157918e+05
14569.750000 1.078061e+06
14577.937500 8.650406e+05
14803.312500 3.249550e+06
14742.687500 8.113804e+05

8419.062500 8.319984e+05
12880.875000 1.080656e+06
15245.187500 9.135211e+05
15926.562500 1.428986e+06
15928.375000 8.801089e+05
16191.125000 8.215104e+05
16219.000000 1.199494e+06
16057.187500 1.002758e+06

9196.375000 1.074276e+06
14135.187500 1.098614e+06
16542.750000 1.239824e+06
17350.312500 1.087013e+06
17431.625000 1.422273e+06
17670.500000 1.197546e+06
17538.000000 3.983683e+06
17637.812500 1.004421e+06

9976.187500 1.220162e+06
15414.562500 1.254160e+06
17981.250000 1.131523e+06
18585.312500 1.943387e+06
19076.250000 1.343527e+06
18967.000000 3.581131e+06
18942.937500 1.258657e+06
18999.500000 1.284555e+06

10615.812500 1.177783e+06
16828.250000 1.362107e+06
19325.687500 1.262449e+06
20014.250000 1.828853e+06
20467.187500 1.431852e+06
20466.125000 1.477331e+06
20497.937500 1.517831e+06
20308.187500 1.296821e+06

11266.125000 1.237594e+06
18027.187500 1.341543e+06
20744.000000 1.356881e+06
21590.875000 1.259849e+06
21829.187500 1.623037e+06
21835.375000 1.456539e+06
21907.250000 2.226025e+06
21999.562500 1.739219e+06

12030.812500 1.352960e+06
19273.750000 1.607525e+06
22052.500000 1.444127e+06
23084.062500 1.840007e+06
23304.375000 1.582786e+06
23420.000000 2.037808e+06
23356.125000 1.672916e+06
23388.875000 1.629494e+06

12806.937500 1.527654e+06
20424.062500 1.465204e+06
23519.000000 1.463889e+06
24519.875000 2.025870e+06
24644.062500 1.756900e+06
24850.187500 1.742044e+06
24872.875000 1.783862e+06
24905.125000 1.674056e+06

13660.062500 1.753059e+06
21545.687500 1.758574e+06
25051.562500 2.194159e+06
25724.562500 1.804315e+06
26239.250000 2.489317e+06
26117.000000 1.935060e+06
26340.250000 3.887482e+06
26538.250000 1.965772e+06

14438.812500 1.654722e+06
22804.062500 1.554746e+06
26264.750000 1.740205e+06
27174.187500 2.046598e+06
27713.687500 2.018370e+06
27835.250000 2.155866e+06
27601.125000 2.087804e+06
27856.000000 2.159181e+06

15289.687500 1.876958e+06
23816.062500 2.165760e+06
27642.500000 1.850062e+06
28742.937500 2.304504e+06
28967.000000 2.046755e+06
29255.500000 1.783083e+06
29340.625000 2.539745e+06
29403.687500 2.045741e+06

15997.625000 2.144834e+06
25179.687500 3.716832e+06
28962.125000 1.992304e+06
30064.937500 2.025363e+06
30635.812500 2.218547e+06
30622.937500 1.893880e+06
30768.187500 2.640082e+06
30807.312500 2.014487e+06

16716.062500 1.850346e+06
26493.000000 1.899607e+06
30350.687500 2.517076e+06
31470.875000 2.562057e+06
32122.375000 2.525467e+06
32151.687500 2.101187e+06
32221.000000 6.767741e+06
32213.250000 2.388194e+06

17602.687500 6.499539e+06
27790.500000 2.671505e+06
31624.500000 3.304429e+06
32931.125000 2.110846e+06
33396.250000 1.887757e+06
33480.687500 2.398426e+06
33933.500000 2.342574e+06
33693.062500 2.969511e+06

18238.125000 1.880140e+06
29152.000000 2.409115e+06
32869.062500 6.219645e+06
34259.062500 2.494830e+06
35035.625000 2.513078e+06
34985.375000 2.632018e+06
35193.875000 2.306674e+06
35235.937500 2.860827e+06

19031.375000 2.267960e+06
30260.312500 2.286650e+06
34231.312500 2.760189e+06
35883.312500 2.789267e+06
36445.187500 3.122895e+06
36575.500000 2.613369e+06
36641.937500 2.647822e+06
36605.125000 2.769171e+06

19781.437500 2.233960e+06
31295.437500 2.780859e+06
35739.375000 2.389091e+06
37333.937500 3.125772e+06
37900.750000 2.714371e+06
38058.187500 2.638662e+06
37886.250000 2.514938e+06
38165.562500 2.311731e+06

20643.375000 2.687882e+06
32370.875000 3.137277e+06
37080.812500 2.494426e+06
38920.812500 2.536178e+06
39039.812500 3.397453e+06
39672.187500 3.167737e+06
39516.125000 3.195143e+06
39607.937500 2.501692e+06

21416.062500 2.514658e+06
33631.500000 2.465736e+06
38523.687500 3.214548e+06
40280.375000 3.023650e+06
40435.937500 3.464932e+06
41193.187500 2.925725e+06
41108.125000 3.557595e+06
41284.125000 3.048225e+06

22360.500000 2.901864e+06
34760.625000 3.118032e+06
39745.812500 3.481503e+06
41824.500000 3.287165e+06
41984.937500 2.629575e+06
42421.000000 4.273233e+06
42564.062500 2.917174e+06
42947.750000 3.033959e+06

23305.625000 2.566094e+06
35677.937500 3.779666e+06
41141.375000 3.392791e+06
43427.625000 3.401397e+06
43517.875000 3.142178e+06
43633.312500 3.460036e+06
44055.500000 3.616132e+06
44451.187500 3.868857e+06

24068.062500 3.006942e+06
36872.312500 3.040962e+06
42578.375000 3.399034e+06
44667.500000 3.337525e+06
45200.812500 5.702708e+06
45190.812500 3.434437e+06
45539.125000 3.078838e+06
45724.750000 3.954620e+06

24810.312500 8.153949e+06
38283.500000 4.101210e+06
43668.312500 4.698082e+06
46041.500000 3.930857e+06
46854.687500 3.658240e+06
46729.437500 5.146656e+06
47218.375000 4.429484e+06
46830.812500 3.562363e+06

25504.375000 8.399870e+06
39653.062500 4.188809e+06
45198.812500 9.394080e+06
47294.312500 3.814586e+06
48122.625000 3.322610e+06
48269.250000 4.669468e+06
48736.062500 3.360292e+06
48468.562500 3.877787e+06

26127.625000 3.824758e+06
40891.000000 3.821204e+06
46676.625000 4.532955e+06
48709.375000 4.338773e+06
49501.812500 4.184851e+06
49895.625000 3.636974e+06
50071.875000 3.615404e+06
50062.875000 4.320834e+06

26928.812500 4.973868e+06
41928.812500 3.837918e+06
48364.500000 5.359161e+06
50041.875000 4.722061e+06
50842.125000 3.855564e+06
51429.062500 5.354798e+06
51426.437500 4.130820e+06
51541.500000 5.118603e+06

27716.187500 7.571798e+06
43179.687500 4.970518e+06
49678.750000 5.492504e+06
51701.062500 4.730203e+06
52353.750000 4.152926e+06
52891.437500 5.594522e+06
52764.812500 5.470190e+06
53146.687500 5.411003e+06

28548.750000 3.827304e+06
44400.375000 3.760992e+06
51007.250000 4.918695e+06
53172.500000 4.129107e+06
53739.937500 5.108015e+06
54327.625000 4.290895e+06
54193.500000 9.098629e+06
54676.375000 5.099306e+06

29345.000000 1.021072e+07
45578.125000 4.356059e+06
52258.625000 1.094346e+07
54678.312500 4.506253e+06
55094.625000 4.785042e+06
55998.437500 6.068916e+06
55697.312500 5.711058e+06
56218.812500 4.664347e+06

30045.812500 7.994443e+06
46781.062500 5.605929e+06
53595.687500 6.539417e+06
56103.437500 4.475310e+06
56582.125000 4.615409e+06
57444.500000 5.954673e+06
57204.312500 4.766753e+06
57757.625000 4.937280e+06

30747.500000 4.767552e+06
47945.500000 5.199178e+06
55229.875000 5.056850e+06
57310.062500 4.884642e+06
58307.312500 6.087900e+06
58683.062500 5.363080e+06
58927.000000 5.248925e+06
58919.562500 7.485373e+06

31509.250000 4.109613e+06
49111.687500 6.193033e+06
56635.500000 5.175444e+06
58880.125000 5.953349e+06
59819.750000 5.397872e+06
59963.687500 1.377078e+07
60486.500000 6.017704e+06
60251.000000 5.453927e+06

32273.125000 5.002632e+06
50335.875000 5.877341e+06
57885.500000 5.786556e+06
60542.875000 6.649104e+06
61227.312500 5.492495e+06
61343.625000 6.588839e+06
62185.125000 5.427629e+06
61456.312500 5.502195e+06

33180.687500 5.060692e+06
51625.000000 6.362473e+06
59139.375000 5.673142e+06
61796.687500 6.798707e+06
62683.687500 6.271791e+06
62819.062500 8.187000e+06
63813.437500 7.023483e+06
63014.437500 6.091710e+06

33764.625000 5.032531e+06
53198.750000 6.488244e+06
60359.000000 6.378744e+06
63285.687500 6.365761e+06
64165.437500 6.162808e+06
64356.375000 2.017844e+07
65213.187500 6.078819e+06
64733.125000 6.008734e+06

34516.937500 8.818951e+06
54447.312500 7.645260e+06
61702.312500 6.647303e+06
64560.812500 7.661022e+06
65734.250000 7.513179e+06
66050.437500 7.878282e+06
66234.500000 6.804193e+06
66556.062500 6.815662e+06

35314.250000 5.697845e+06
55776.625000 7.828516e+06
62915.000000 6.791973e+06
66034.750000 8.472965e+06
67259.812500 7.279195e+06
67793.125000 6.936068e+06
67488.375000 6.929404e+06
67950.875000 6.877897e+06

36084.500000 6.111880e+06
56796.562500 7.366555e+06
64455.687500 6.769027e+06
67500.687500 7.922971e+06
68472.875000 7.131589e+06
69456.125000 2.396651e+07
68847.812500 7.116506e+06
69306.625000 6.893757e+06

36875.750000 6.169384e+06
57957.312500 7.672085e+06
65792.625000 7.218694e+06
69051.937500 8.120566e+06
70049.750000 7.661382e+06
70864.375000 1.239272e+07
70204.000000 7.743150e+06
70818.187500 7.483582e+06

37593.562500 6.686841e+06
59292.437500 7.583686e+06
67262.750000 7.294042e+06
70455.437500 7.964827e+06
71284.937500 7.178228e+06
72400.875000 2.759359e+07
71924.812500 7.774670e+06
72150.500000 7.340722e+06

38398.062500 8.720393e+06
60361.875000 8.723594e+06
68824.875000 7.593864e+06
71932.125000 8.670335e+06
72434.875000 7.938816e+06
73906.937500 1.287632e+07
73671.187500 8.348418e+06
73507.937500 7.750075e+06

39214.437500 6.753934e+06
61552.750000 9.006884e+06
70269.750000 7.872116e+06
73224.062500 8.357295e+06
74124.312500 8.307541e+06
75137.187500 1.583934e+07
75063.687500 8.549439e+06
74893.125000 8.545706e+06

39898.000000 7.580540e+06
62998.187500 8.811717e+06
71310.812500 7.572130e+06
74774.562500 1.020712e+07
75876.500000 8.272846e+06
76388.875000 2.895959e+07
76654.562500 8.330204e+06
76226.687500 8.035219e+06

40478.750000 7.420512e+06
64406.000000 1.047687e+07
72723.562500 8.212983e+06
76080.437500 9.349713e+06
77513.000000 8.498994e+06
77717.562500 1.766179e+07
77830.562500 9.650677e+06
77912.625000 9.440463e+06

41332.000000 7.540000e+06
65477.937500 1.057913e+07
74150.812500 8.281590e+06
77660.062500 9.896700e+06
79003.500000 8.631791e+06
79107.437500 8.509897e+06
79266.250000 9.321197e+06
79506.375000 8.462910e+06

42072.187500 7.816258e+06
66657.312500 9.907819e+06
75692.625000 9.026271e+06
78979.937500 3.108836e+07
80638.500000 9.493234e+06
80582.562500 9.485794e+06
80796.687500 9.772219e+06
81011.750000 9.131067e+06

42941.562500 8.152378e+06
67906.562500 1.164492e+07
77000.375000 9.960949e+06
80339.500000 3.058361e+07
82248.250000 9.269967e+06
81911.562500 9.087753e+06
82232.125000 9.775666e+06
82357.625000 9.349362e+06

43768.750000 8.806366e+06
69100.562500 9.371503e+06
78382.125000 9.747146e+06
81751.187500 9.030423e+06
83689.687500 1.047634e+07
83398.000000 1.031380e+07
83651.750000 1.027276e+07
83808.250000 9.431523e+06

44660.062500 9.422572e+06
70098.375000 9.090576e+06
79850.500000 1.902982e+07
82936.937500 1.125404e+07
85187.375000 1.105826e+07
85076.500000 1.085684e+07
85128.250000 1.145712e+07
85620.187500 1.057246e+07

45473.250000 9.320126e+06
71099.312500 9.806380e+06
81482.812500 1.151437e+07
84422.312500 1.047593e+07
86458.812500 1.187391e+07
86647.562500 9.785006e+06
86452.875000 1.367058e+07
87332.812500 1.096363e+07

46218.375000 1.037413e+07
72212.437500 1.118458e+07
83073.000000 1.067013e+07
85935.000000 1.135842e+07
87767.125000 1.023773e+07
87996.750000 1.149736e+07
88172.937500 1.025453e+07
88727.437500 3.601414e+07

46950.000000 2.310372e+07
73330.062500 1.064462e+07
84397.875000 3.140112e+07
87665.562500 1.390823e+07
88976.250000 1.286007e+07
89493.812500 1.162643e+07
89698.187500 1.041745e+07
89895.625000 1.280031e+07

47574.562500 9.442505e+06
74845.937500 1.215712e+07
85654.000000 1.118724e+07
89350.625000 1.090624e+07
90316.750000 1.049210e+07
90834.625000 1.221615e+07
91368.312500 1.119349e+07
91094.125000 1.114228e+07

48454.750000 1.026202e+07
76037.312500 1.114086e+07
86858.875000 1.047844e+07
90765.687500 1.205253e+07
91905.937500 1.200932e+07
92416.000000 3.673254e+07
92663.125000 1.042464e+07
92758.812500 1.112129e+07

49451.437500 9.744758e+06
76962.062500 1.444812e+07
88259.437500 1.222823e+07
92287.500000 1.397267e+07
93381.875000 1.132879e+07
93520.687500 1.161343e+07
94236.312500 1.310078e+07
94283.437500 1.145557e+07

50170.437500 1.163984e+07
78331.875000 1.265839e+07
89640.875000 1.132854e+07
93735.625000 2.243740e+07
94772.375000 1.207806e+07
95071.312500 1.222557e+07
95879.437500 1.215600e+07
95308.062500 1.221084e+07

50891.437500 1.112298e+07
79656.375000 1.222031e+07
91000.000000 1.201276e+07
95184.125000 1.158946e+07
96151.625000 1.338664e+07
96578.187500 1.121000e+07
97364.625000 1.463473e+07
96651.375000 1.149595e+07

51575.375000 1.098711e+07
80840.312500 1.756309e+07
92396.625000 1.254083e+07
96739.000000 1.437745e+07
97625.375000 1.260487e+07
98097.687500 1.280389e+07
98711.125000 1.344909e+07
98132.125000 1.290839e+07

52600.437500 1.165844e+07
81778.187500 3.342782e+07
93954.937500 1.224054e+07
98037.000000 1.283734e+07
99019.625000 1.349050e+07
99648.562500 1.356534e+07
100054.937500 1.501579e+07
99825.375000 1.197645e+07

53493.062500 1.196473e+07
82935.937500 1.249455e+07
95166.687500 1.430803e+07
99654.187500 1.252385e+07
100316.375000 1.513149e+07
101187.187500 1.232584e+07
101406.375000 4.035629e+07
101684.000000 1.283103e+07

54230.812500 2.858214e+07
84251.250000 1.445397e+07
96251.562500 2.021529e+07
101154.812500 1.291996e+07
101836.875000 1.301438e+07
102891.187500 1.311059e+07
102797.750000 1.301920e+07
103174.937500 1.398264e+07

54838.312500 1.355385e+07
85616.187500 1.277058e+07
97544.750000 1.438312e+07
102648.062500 1.403371e+07
103409.250000 1.783973e+07
104321.250000 1.260186e+07
104353.687500 1.297497e+07
104435.437500 1.458453e+07

55570.125000 1.136684e+07
86814.000000 1.385969e+07
99017.187500 1.278329e+07
103970.375000 1.356573e+07
104987.437500 1.318139e+07
105894.812500 4.344382e+07
105594.937500 1.429209e+07
106029.375000 1.311816e+07

56454.937500 1.234965e+07
88011.750000 1.390094e+07
100513.562500 1.360459e+07
105180.312500 1.644433e+07
106343.437500 1.398923e+07
107308.437500 1.796132e+07
107004.125000 1.526068e+07
107742.187500 1.381879e+07

57338.375000 1.246229e+07
89217.312500 1.476858e+07
102003.500000 1.372544e+07
106391.937500 1.559108e+07
107794.062500 1.376852e+07
108972.437500 1.901579e+07
108247.187500 1.378269e+07
109415.625000 1.366865e+07

58061.937500 1.304874e+07
90377.000000 1.543660e+07
103517.125000 1.407113e+07
107820.937500 1.463463e+07
109113.750000 1.404981e+07
110495.437500 2.243169e+07
109853.687500 1.384306e+07
110538.312500 1.434794e+07

58932.375000 1.327573e+07
91606.250000 1.497137e+07
104844.500000 1.381856e+07
109300.500000 1.719876e+07
110674.000000 1.468226e+07
111669.812500 1.950625e+07
111672.187500 1.518411e+07
111813.562500 1.422076e+07

59662.375000 1.253469e+07
92828.437500 1.621423e+07
106319.437500 1.482794e+07
110641.312500 1.563733e+07
111991.625000 1.521641e+07
113303.875000 4.614319e+07
113281.187500 1.577692e+07
113395.062500 1.575608e+07

60345.875000 1.430071e+07
94192.375000 1.644507e+07
107743.750000 1.484231e+07
111823.875000 1.527657e+07
113665.375000 1.432586e+07
114490.437500 1.763197e+07
114719.312500 1.453570e+07
114807.687500 4.904825e+07

61015.750000 3.320800e+07
95554.125000 1.485698e+07
109185.625000 4.450773e+07
113269.062500 1.574151e+07
115424.687500 1.556601e+07
115770.875000 1.570318e+07
116074.000000 1.501110e+07
116405.625000 1.492529e+07

61796.562500 1.946979e+07
96698.375000 1.472918e+07
110566.687500 1.944864e+07
114668.000000 1.492477e+07
116844.437500 1.513952e+07
117358.062500 1.604296e+07
117618.625000 1.579485e+07
117991.875000 1.760262e+07

62656.187500 1.568827e+07
97867.875000 1.448006e+07
111951.250000 1.508575e+07
115905.687500 1.531917e+07
118232.250000 1.856540e+07
118811.750000 1.661287e+07
119368.437500 5.050707e+07
119463.000000 1.575580e+07

63507.375000 1.529565e+07
99097.125000 1.608470e+07
113335.750000 1.578939e+07
117396.812500 1.700588e+07
119679.812500 1.561021e+07
119909.625000 1.693009e+07
121151.000000 1.573757e+07
120915.312500 5.570034e+07

64224.562500 1.646995e+07
100411.375000 1.534967e+07
114632.125000 4.126075e+07
118962.125000 1.567416e+07
121316.687500 1.606553e+07
121229.625000 1.637045e+07
122537.937500 1.597002e+07
122550.625000 1.647427e+07

64946.375000 3.733461e+07
101598.000000 1.559995e+07
116015.312500 1.750656e+07
120436.875000 1.650684e+07
122721.562500 1.611931e+07
122616.875000 1.803875e+07
123879.125000 1.767814e+07
124116.250000 1.730108e+07

65641.500000 1.708830e+07
102925.687500 1.630422e+07
117349.500000 1.711371e+07
121861.687500 1.628764e+07
124216.812500 2.013085e+07
124322.375000 1.746613e+07
125082.437500 1.671172e+07
125610.125000 1.804943e+07

66412.062500 1.492904e+07
103975.312500 1.676184e+07
118998.375000 1.638791e+07
123046.875000 1.617798e+07
125787.000000 1.646061e+07
126068.562500 1.838603e+07
126388.750000 1.659920e+07
126993.125000 1.622704e+07

67110.187500 1.507387e+07
105108.750000 1.612648e+07
120476.250000 1.673757e+07
124661.875000 2.085649e+07
127123.687500 1.814525e+07
127959.312500 2.048699e+07
127654.062500 1.826072e+07
128618.187500 1.920836e+07

67967.625000 1.535275e+07
106137.125000 1.855721e+07
121939.000000 1.633976e+07
126208.750000 1.927958e+07
128418.687500 1.719214e+07
129458.187500 2.766720e+07
129081.875000 1.874065e+07
130289.500000 1.803418e+07

68680.937500 1.562682e+07
107350.375000 1.716624e+07
123278.875000 1.678411e+07
127609.562500 1.976214e+07
129886.375000 1.760450e+07
130869.187500 5.612762e+07
131005.437500 1.796518e+07
131572.375000 1.788655e+07

69532.937500 1.633031e+07
108466.937500 1.820885e+07
124704.875000 1.698684e+07
128693.187500 2.070339e+07
131737.062500 1.747495e+07
132036.812500 2.088395e+07
132937.937500 1.887988e+07
132676.812500 1.810134e+07

70466.000000 1.612223e+07
109605.812500 1.818321e+07
125951.187500 1.759679e+07
130233.437500 1.988779e+07
133139.500000 1.793650e+07
133533.937500 5.480272e+07
134052.812500 1.850714e+07
134163.062500 1.880115e+07

71317.562500 1.661304e+07
110942.687500 1.849762e+07
127059.937500 1.764098e+07
132045.437500 2.068556e+07
134432.312500 1.821866e+07
135094.687500 2.745500e+07
135498.187500 1.834841e+07
135851.187500 1.778622e+07

71973.000000 1.654996e+07
112269.500000 1.847478e+07
128471.562500 1.825508e+07
133533.125000 2.395448e+07
135686.125000 1.885658e+07
136731.062500 5.373507e+07
136938.437500 1.869148e+07
137331.375000 1.823766e+07

72736.875000 1.853544e+07
113541.500000 1.999333e+07
129689.875000 1.819793e+07
135155.187500 2.016860e+07
136883.687500 1.926464e+07
138143.062500 2.341788e+07
138575.625000 1.902245e+07
138672.687500 1.832382e+07

73601.562500 1.719000e+07
114742.062500 2.005877e+07
131029.937500 1.848919e+07
136800.562500 2.307697e+07
137935.312500 1.974050e+07
139730.437500 6.219291e+07
140080.062500 1.858260e+07
139944.375000 1.890203e+07

74401.875000 1.735830e+07
116068.875000 1.937490e+07
132337.812500 1.865925e+07
138294.437500 2.011137e+07
139341.062500 1.936646e+07
141203.562500 2.788773e+07
141571.187500 2.048445e+07
141339.000000 1.973076e+07

75180.812500 1.913773e+07
117356.062500 2.081606e+07
133727.750000 1.899515e+07
139810.375000 2.110244e+07
140788.312500 1.952035e+07
142473.625000 4.855011e+07
143501.687500 2.006409e+07
142716.250000 1.974292e+07

75903.250000 1.823104e+07
118811.625000 1.929242e+07
134826.312500 1.882377e+07
141365.062500 1.897543e+07
142390.812500 1.925330e+07
143908.562500 2.545942e+07
144941.312500 1.995466e+07
144074.125000 1.931265e+07

76865.437500 1.782484e+07
119814.875000 1.953915e+07
136129.812500 1.956801e+07
142790.625000 2.010771e+07
144033.437500 2.039313e+07
145158.062500 2.051825e+07
146409.250000 1.971914e+07
145658.375000 3.230018e+07

77671.125000 2.517578e+07
121084.812500 1.885442e+07
137504.875000 4.851856e+07
144070.500000 2.180554e+07
145764.437500 2.072804e+07
146450.000000 2.067731e+07
147862.000000 2.023175e+07
147106.500000 1.948259e+07

