700.941176 8.622706e+04
1153.411765 7.448529e+04
1320.529412 6.810647e+04
1437.176471 7.306382e+04
1412.705882 6.825688e+04
1443.470588 6.778424e+04
1439.470588 6.491753e+04
1406.176471 6.371247e+04

1436.000000 1.228799e+05
2328.470588 1.346981e+05
2662.352941 1.263778e+05
2830.470588 1.229835e+05
2841.823529 1.199261e+05
2855.470588 1.242822e+05
2906.176471 1.306402e+05
2868.294118 1.338811e+05

2188.470588 2.283049e+05
3492.294118 2.865764e+05
4050.000000 3.040813e+05
4163.823529 1.024972e+07
4261.117647 5.482155e+05
4302.058824 1.758614e+06
4336.647059 2.656862e+05
4392.352941 2.681469e+05

2966.470588 9.736037e+05
4648.117647 4.109684e+05
5356.058824 1.467750e+06
5608.705882 4.095766e+05
5700.117647 3.910632e+05
5844.529412 6.246516e+05
5721.058824 4.475888e+05
5769.058824 8.129334e+05

3756.882353 4.349868e+05
5782.588235 6.107610e+05
6643.470588 4.909576e+05
7098.000000 8.470627e+05
7177.588235 4.997939e+05
7204.588235 5.188354e+05
7209.000000 6.101482e+05
7135.764706 4.288968e+05

4490.941176 5.515968e+05
7001.588235 6.250316e+05
8040.117647 7.218637e+05
8447.470588 6.467485e+05
8566.588235 8.375759e+05
8706.823529 5.807195e+05
8625.294118 5.401112e+05
8665.823529 8.886586e+05

5199.705882 6.693276e+05
8095.235294 7.757134e+05
9612.882353 1.015412e+06
9760.882353 6.966405e+05
10053.882353 2.911223e+06
10006.941176 6.771041e+05
10144.411765 6.709781e+05
10159.117647 8.790951e+05

5947.705882 7.489539e+05
9372.411765 2.525212e+06
10745.705882 9.297180e+05
11328.529412 9.108534e+05
11419.764706 9.879690e+05
11596.235294 7.870602e+05
11573.470588 1.042661e+06
11396.058824 7.821101e+05

6588.058824 7.737805e+05
10677.058824 8.604527e+05
12052.764706 1.230907e+06
12777.647059 1.019534e+06
12950.117647 3.141556e+06
12979.176471 1.001620e+06
12822.294118 9.054527e+05
13066.235294 1.068049e+06

7468.058824 8.916449e+05
11645.000000 2.654555e+06
13531.058824 1.273716e+06
14092.352941 4.484913e+06
14321.235294 1.098457e+06
14321.705882 1.069919e+06
14468.823529 1.234376e+06
14391.058824 1.052538e+06

8280.058824 1.312274e+06
12699.705882 3.496946e+06
14943.352941 1.227757e+06
15691.705882 1.157516e+06
15624.058824 1.401558e+06
15841.176471 1.114494e+06
15885.705882 1.604843e+06
15763.823529 1.230737e+06

9024.823529 1.275099e+06
13879.529412 1.285072e+06
16252.882353 1.638712e+06
17061.941176 1.191841e+06
17140.764706 3.082395e+06
17290.588235 1.460303e+06
17129.470588 1.392827e+06
17315.352941 1.539727e+06

9786.764706 1.451562e+06
15146.235294 4.183164e+06
17595.058824 1.650894e+06
18301.647059 1.300945e+06
18814.235294 1.896724e+06
18583.647059 1.513079e+06
18597.588235 1.758401e+06
18675.117647 1.359840e+06

10421.882353 1.359276e+06
16503.294118 1.422804e+06
19038.941176 2.119159e+06
19642.588235 1.622675e+06
20135.705882 2.143621e+06
19967.705882 1.706251e+06
20231.764706 1.656943e+06
20005.647059 1.677593e+06

11059.823529 1.416688e+06
17686.588235 1.551069e+06
20419.411765 1.832974e+06
21226.882353 1.581943e+06
21360.588235 2.020668e+06
21466.000000 1.777255e+06
21509.117647 1.892512e+06
21643.705882 1.601383e+06

11816.882353 3.038932e+06
18901.529412 1.573269e+06
21713.176471 4.517213e+06
22668.352941 1.741299e+06
22820.470588 1.698892e+06
22904.764706 2.197530e+06
23013.294118 1.875535e+06
22927.882353 1.872572e+06

12586.176471 1.962822e+06
20069.882353 1.751982e+06
23090.411765 1.585057e+06
24096.235294 3.626390e+06
24186.823529 2.054279e+06
24427.176471 2.041688e+06
24449.882353 2.128678e+06
24476.411765 1.919202e+06

13438.058824 1.867882e+06
21134.470588 2.062971e+06
24566.647059 2.540545e+06
25305.470588 2.390788e+06
25704.647059 3.013990e+06
25692.823529 2.155032e+06
25894.823529 5.338597e+06
26080.117647 2.046537e+06

14179.176471 4.660149e+06
22427.000000 2.261266e+06
25832.058824 6.575978e+06
26673.294118 1.985293e+06
27136.705882 1.979641e+06
27417.058824 2.615404e+06
27125.176471 2.406696e+06
27352.529412 2.741112e+06

15033.000000 2.207327e+06
23429.470588 2.139843e+06
27132.705882 2.343202e+06
28260.117647 3.017119e+06
28460.647059 2.382838e+06
28732.411765 2.362184e+06
28802.058824 2.758667e+06
29005.470588 2.325291e+06

15718.411765 2.226222e+06
24749.941176 2.047098e+06
28514.588235 2.784037e+06
29468.352941 2.392122e+06
30031.647059 3.022863e+06
30070.117647 2.398652e+06
30312.058824 5.778868e+06
30359.882353 2.740429e+06

16430.235294 6.684596e+06
26050.235294 2.793944e+06
29818.235294 7.104303e+06
30922.235294 3.025253e+06
31497.764706 2.657852e+06
31600.117647 3.175122e+06
31743.941176 2.678843e+06
31689.176471 3.337079e+06

17250.588235 2.422185e+06
27295.647059 3.133222e+06
31098.588235 3.016777e+06
32316.294118 3.424159e+06
32904.529412 2.502135e+06
32870.235294 6.723615e+06
33353.058824 2.767792e+06
33222.823529 2.285751e+06

17958.294118 2.392978e+06
28595.705882 2.948172e+06
32262.352941 2.762901e+06
33627.764706 3.496378e+06
34397.764706 2.966793e+06
34367.941176 2.710501e+06
34693.235294 2.716142e+06
34763.764706 2.257470e+06

18695.294118 2.896430e+06
29700.882353 2.803375e+06
33653.764706 3.047866e+06
35271.058824 3.095201e+06
35851.352941 3.806923e+06
35956.352941 3.361680e+06
36021.764706 3.877803e+06
36117.647059 3.072355e+06

19447.176471 3.217027e+06
30771.411765 3.362867e+06
35132.764706 2.620829e+06
36673.411765 3.431054e+06
37225.235294 3.156126e+06
37368.705882 3.913758e+06
37318.117647 3.113788e+06
37569.705882 2.656182e+06

20277.588235 2.688559e+06
31870.647059 3.548899e+06
36392.705882 3.194836e+06
38206.058824 4.283190e+06
38329.529412 3.390985e+06
39016.235294 4.212438e+06
38957.411765 3.827816e+06
38955.294118 2.841623e+06

21055.705882 2.725590e+06
33042.176471 3.512086e+06
37826.647059 3.234322e+06
39562.000000 3.970522e+06
39772.882353 3.843278e+06
40542.941176 3.509961e+06
40472.235294 4.204901e+06
40649.117647 3.218835e+06

22011.529412 3.166665e+06
34109.411765 2.996957e+06
39013.647059 3.862866e+06
41047.176471 3.685094e+06
41358.176471 4.572846e+06
41642.705882 3.820049e+06
41912.411765 4.457915e+06
42157.941176 4.474103e+06

22859.235294 3.527908e+06
35084.941176 3.473254e+06
40431.647059 4.118278e+06
42701.235294 3.852154e+06
42766.235294 4.456883e+06
42911.117647 3.932231e+06
43483.058824 3.412381e+06
43610.352941 4.380696e+06

23648.647059 3.514162e+06
36227.588235 4.682227e+06
41812.882353 4.010845e+06
43848.941176 4.910649e+06
44482.529412 4.031152e+06
44527.882353 1.204549e+07
44753.235294 4.458393e+06
44864.058824 4.258213e+06

24402.470588 3.727631e+06
37597.764706 4.107644e+06
42915.882353 3.757670e+06
45212.235294 5.089063e+06
46020.941176 4.762889e+06
45988.647059 4.572710e+06
46388.235294 4.858658e+06
46034.235294 3.725446e+06

25053.529412 4.482301e+06
38935.000000 5.780044e+06
44384.529412 5.324229e+06
46505.882353 5.638010e+06
47298.941176 4.381578e+06
47440.823529 3.987283e+06
47996.000000 5.594961e+06
47542.000000 3.961109e+06

25652.000000 3.599963e+06
40177.529412 3.789990e+06
45839.823529 4.698538e+06
47748.705882 4.307000e+06
48717.235294 5.546727e+06
49121.176471 5.210810e+06
49260.764706 5.231534e+06
49025.882353 4.678442e+06

26461.588235 4.135037e+06
41136.058824 4.201001e+06
47536.529412 4.960161e+06
49181.705882 4.605213e+06
50002.000000 1.281274e+07
50637.588235 4.951715e+06
50550.352941 4.405784e+06
50488.176471 5.485581e+06

27217.882353 3.938822e+06
42460.941176 5.104849e+06
48739.764706 5.203719e+06
50740.941176 1.986954e+07
51463.823529 5.117382e+06
52105.529412 4.476989e+06
51848.823529 6.170097e+06
52074.411765 5.632487e+06

28021.882353 5.249089e+06
43567.235294 6.769400e+06
50118.882353 6.184401e+06
52255.882353 1.928034e+07
52938.000000 5.217704e+06
53374.352941 4.716935e+06
53350.882353 6.046966e+06
53585.235294 6.058247e+06

28823.823529 4.708074e+06
44758.647059 6.239832e+06
51286.941176 5.475189e+06
53757.176471 2.254837e+07
54259.764706 5.712463e+06
55016.764706 5.612608e+06
54759.882353 5.765917e+06
55122.411765 5.014609e+06

29535.176471 5.660138e+06
45872.588235 6.122264e+06
52731.352941 6.292229e+06
55054.647059 2.063539e+07
55628.941176 5.752102e+06
56557.705882 6.099049e+06
56174.764706 6.542259e+06
56660.764706 6.127512e+06

30196.176471 5.449179e+06
47142.823529 7.973986e+06
54253.470588 7.322119e+06
56212.352941 2.314019e+07
57476.411765 5.583109e+06
57718.352941 5.646983e+06
57868.647059 6.678639e+06
57757.588235 5.873673e+06

30919.352941 6.561273e+06
48285.882353 7.235549e+06
55574.764706 6.792109e+06
57923.117647 6.098132e+06
58883.588235 7.854011e+06
58914.352941 6.175439e+06
59451.882353 8.531196e+06
59157.588235 6.062609e+06

31732.588235 5.981296e+06
49465.176471 7.660858e+06
56785.470588 7.061730e+06
59515.117647 1.888989e+07
60289.235294 6.312126e+06
60231.764706 6.216878e+06
61027.235294 8.840611e+06
60348.058824 6.888696e+06

32519.764706 7.629159e+06
50732.411765 8.051144e+06
58051.823529 7.508066e+06
60856.294118 6.667675e+06
61638.764706 8.652047e+06
61849.411765 6.545575e+06
62526.000000 8.188354e+06
61796.000000 6.867754e+06

33133.764706 6.047173e+06
52192.823529 7.283566e+06
59315.058824 6.749114e+06
62126.941176 7.775935e+06
63189.176471 7.518082e+06
63174.470588 9.100550e+06
63859.705882 7.444976e+06
63537.764706 2.803424e+07

33891.647059 1.059812e+07
53472.294118 7.236087e+06
60578.294118 1.441492e+07
63383.882353 7.182028e+06
64689.176471 7.079661e+06
64900.588235 8.944238e+06
64918.941176 9.006164e+06
65253.000000 8.208167e+06

34660.941176 7.482045e+06
54711.235294 8.715706e+06
61798.294118 7.650663e+06
64922.941176 8.436223e+06
66106.117647 7.729392e+06
66507.941176 9.757562e+06
66152.411765 8.919497e+06
66644.588235 2.959570e+07

35459.470588 8.374126e+06
55742.647059 8.845789e+06
63240.705882 1.085154e+07
66280.058824 9.034883e+06
67371.588235 8.205009e+06
68251.588235 9.005242e+06
67500.823529 8.617423e+06
68034.352941 9.438983e+06

36180.176471 7.377965e+06
56950.176471 1.287999e+07
64585.705882 8.272672e+06
67831.529412 2.992685e+07
68963.529412 8.978236e+06
69644.000000 8.838810e+06
68784.235294 9.423015e+06
69490.117647 8.764198e+06

36911.470588 9.116604e+06
58205.176471 9.447149e+06
66120.058824 8.753891e+06
69202.470588 1.585610e+07
70118.823529 8.749278e+06
70996.705882 8.825528e+06
70630.000000 8.863548e+06
70811.882353 8.590645e+06

37683.352941 7.829093e+06
59334.647059 1.034411e+07
67686.882353 9.913321e+06
70643.117647 2.964480e+07
71201.705882 1.022450e+07
72604.705882 9.530802e+06
72195.117647 9.643805e+06
72186.705882 9.081115e+06

38461.470588 8.787553e+06
60462.000000 1.227712e+07
68923.117647 1.022968e+07
72074.176471 1.808909e+07
72883.117647 1.099136e+07
73764.588235 1.050911e+07
73713.000000 9.809208e+06
73574.764706 9.648461e+06

39154.352941 1.044789e+07
61942.941176 1.220546e+07
70096.058824 9.855765e+06
73426.941176 3.318403e+07
74586.411765 1.038406e+07
74924.176471 9.961732e+06
75226.117647 1.159708e+07
74749.823529 1.005318e+07

39771.882353 9.489244e+06
63174.058824 1.405967e+07
71486.529412 1.002911e+07
74890.117647 9.773128e+06
76242.882353 1.151069e+07
76237.235294 1.015340e+07
76392.941176 1.217079e+07
76433.058824 1.003049e+07

40565.470588 1.065886e+07
64330.235294 1.011461e+07
72870.411765 2.667724e+07
76385.588235 1.085918e+07
77567.647059 1.091134e+07
77655.470588 1.127914e+07
77825.705882 1.084486e+07
78125.588235 1.226354e+07

41308.294118 1.122599e+07
65445.529412 1.178204e+07
74317.941176 1.189075e+07
77688.823529 1.072211e+07
79228.058824 2.462612e+07
79026.823529 1.064426e+07
79355.823529 1.059489e+07
79450.705882 1.212116e+07

42164.000000 1.147303e+07
66661.823529 1.124174e+07
75568.647059 1.194818e+07
79061.294118 1.125694e+07
80837.470588 3.357668e+07
80403.647059 1.165272e+07
80687.823529 1.103786e+07
80989.176471 1.323670e+07

42922.117647 1.152939e+07
67836.941176 1.140849e+07
76889.176471 1.485632e+07
80459.764706 1.138235e+07
82287.882353 1.168935e+07
81922.058824 1.221981e+07
81950.294118 1.140263e+07
82222.000000 1.260908e+07

43772.470588 1.258581e+07
68917.117647 1.429713e+07
78388.117647 1.171563e+07
81699.352941 1.205569e+07
83620.176471 1.280277e+07
83465.235294 1.294446e+07
83603.764706 1.273255e+07
83973.647059 1.177224e+07

44627.176471 1.132218e+07
69757.176471 1.424466e+07
79998.882353 1.201495e+07
83007.941176 3.737915e+07
84932.941176 1.372956e+07
85089.352941 1.338070e+07
84853.588235 1.498935e+07
85708.000000 1.292852e+07

45378.470588 1.344695e+07
70821.588235 1.647690e+07
81542.705882 1.332060e+07
84496.352941 3.664299e+07
86216.235294 1.317721e+07
86402.588235 1.387615e+07
86491.764706 1.406745e+07
87109.058824 1.308698e+07

46092.470588 1.159971e+07
72035.882353 1.611005e+07
82825.411765 1.289315e+07
86191.529412 4.021968e+07
87317.529412 1.284939e+07
87869.764706 1.328199e+07
88032.352941 1.316549e+07
88171.470588 1.269695e+07

46724.058824 1.281591e+07
73468.529412 1.752262e+07
84015.294118 1.320780e+07
87871.176471 3.990066e+07
88799.705882 1.447405e+07
89135.000000 1.398960e+07
89630.588235 1.351306e+07
89361.117647 1.267902e+07

47630.470588 1.231211e+07
74596.764706 1.513644e+07
85344.294118 1.368687e+07
89208.411765 4.300696e+07
90198.764706 1.409578e+07
90636.411765 1.350070e+07
90953.117647 1.397291e+07
90995.470588 1.313828e+07

48580.235294 1.282179e+07
75517.000000 1.557877e+07
86823.411765 1.389382e+07
90742.529412 4.262379e+07
91760.588235 1.409297e+07
91831.470588 1.378501e+07
92497.647059 1.631312e+07
92344.941176 1.514748e+07

49207.235294 1.449322e+07
76929.647059 1.568384e+07
88048.058824 1.406738e+07
92307.470588 4.058051e+07
92956.352941 1.377420e+07
93267.176471 1.399350e+07
94135.176471 1.485417e+07
93449.470588 1.412336e+07

49933.058824 1.304427e+07
78117.941176 2.423701e+07
89425.235294 1.534792e+07
93619.411765 2.565418e+07
94453.235294 1.560880e+07
94962.411765 1.538889e+07
95493.411765 1.542482e+07
94846.764706 1.508119e+07

50629.352941 1.483007e+07
79322.000000 1.580905e+07
90770.764706 1.449535e+07
95029.647059 4.386213e+07
95857.823529 1.589102e+07
96181.882353 1.489431e+07
96969.588235 1.610652e+07
96259.294118 1.488753e+07

51639.235294 1.501176e+07
80306.588235 1.524968e+07
92277.294118 1.580049e+07
96416.705882 1.459772e+07
97211.705882 1.775226e+07
97701.176471 1.626090e+07
98229.294118 1.932180e+07
97924.470588 1.605595e+07

52534.588235 1.312548e+07
81407.588235 1.435604e+07
93446.764706 1.861782e+07
97966.294118 1.536857e+07
98420.764706 1.663428e+07
99383.411765 1.489256e+07
99469.823529 1.889874e+07
99865.117647 1.518056e+07

53224.647059 1.782533e+07
82720.000000 1.555299e+07
94565.941176 1.880351e+07
99662.823529 1.591676e+07
99974.352941 1.599733e+07
100959.882353 1.947440e+07
100814.000000 1.611827e+07
101247.294118 1.693827e+07

53834.529412 1.820743e+07
84018.176471 1.545747e+07
95849.705882 1.915236e+07
100916.470588 1.602824e+07
101446.117647 1.617608e+07
102371.470588 1.679551e+07
102295.000000 1.595787e+07
102509.823529 1.627496e+07

54568.764706 3.548820e+07
85212.235294 1.951413e+07
97284.588235 1.700217e+07
102124.823529 1.611508e+07
103005.941176 1.673837e+07
103902.352941 1.697348e+07
103571.705882 1.611153e+07
104168.176471 1.884127e+07

55381.823529 1.763035e+07
86432.176471 1.584105e+07
98685.235294 1.888848e+07
103309.235294 1.683666e+07
104571.705882 4.125292e+07
105330.235294 1.740754e+07
104996.235294 1.633264e+07
105761.823529 1.652223e+07

56243.529412 3.593039e+07
87628.941176 1.656147e+07
100185.000000 2.410865e+07
104597.411765 1.859849e+07
105862.529412 1.801895e+07
107001.823529 1.772396e+07
106209.882353 1.780286e+07
107333.705882 1.947685e+07

57086.000000 1.542029e+07
88834.705882 1.584189e+07
101609.588235 1.816387e+07
105997.647059 1.760446e+07
107097.058824 1.905593e+07
108382.235294 1.760696e+07
107694.823529 2.005800e+07
108540.529412 1.942020e+07

57832.882353 1.789496e+07
89953.647059 1.702193e+07
103008.941176 2.038570e+07
107435.000000 1.739559e+07
108518.058824 5.212832e+07
109681.882353 1.733362e+07
109715.117647 1.742926e+07
109748.176471 1.911739e+07

58597.823529 2.980528e+07
91030.117647 1.880695e+07
104483.764706 3.805954e+07
108698.647059 1.857345e+07
109978.294118 1.864970e+07
111111.941176 1.878694e+07
111210.058824 1.756667e+07
111344.235294 1.840871e+07

59209.411765 3.946178e+07
92416.529412 2.017452e+07
105905.294118 2.317019e+07
109935.882353 1.792338e+07
111657.000000 1.827699e+07
112302.705882 1.910500e+07
112550.941176 1.820841e+07
112799.294118 1.937236e+07

59865.058824 1.732498e+07
93760.529412 1.704268e+07
107288.823529 1.931040e+07
111235.941176 1.826619e+07
113331.823529 2.285847e+07
113703.647059 1.950567e+07
113963.352941 1.815015e+07
114257.411765 1.849630e+07

60656.176471 1.771405e+07
94999.176471 1.885091e+07
108612.294118 1.827565e+07
112569.705882 1.907311e+07
114706.647059 1.945773e+07
115234.411765 2.115329e+07
115445.764706 1.937604e+07
116000.941176 5.332816e+07

61470.529412 1.858223e+07
96031.647059 1.858151e+07
110034.000000 2.233536e+07
113986.764706 1.876868e+07
116061.941176 2.333339e+07
116537.529412 1.888269e+07
117221.294118 1.916066e+07
117447.588235 2.109472e+07

62289.882353 1.820891e+07
97279.647059 2.009792e+07
111372.647059 1.883884e+07
115313.411765 2.126430e+07
117629.647059 2.037309e+07
117659.235294 2.707129e+07
118927.764706 2.192659e+07
118832.529412 1.989865e+07

62996.823529 1.909925e+07
98585.176471 1.914402e+07
112704.411765 1.890070e+07
116796.470588 2.160243e+07
119143.117647 2.019411e+07
118975.823529 4.567636e+07
120329.000000 2.086257e+07
120406.764706 2.153847e+07

63729.058824 1.949552e+07
99700.823529 1.944798e+07
114015.823529 1.914685e+07
118321.647059 2.006095e+07
120523.294118 2.005865e+07
120341.117647 2.284087e+07
121592.058824 1.957314e+07
121919.235294 5.708298e+07

64415.352941 2.075594e+07
101046.176471 1.952448e+07
115281.823529 2.206117e+07
119792.941176 2.055299e+07
121981.294118 3.597841e+07
122088.823529 1.966396e+07
122741.705882 1.990780e+07
123327.058824 2.065064e+07

65178.000000 1.992383e+07
102076.235294 1.907056e+07
116814.411765 2.230818e+07
120986.941176 2.063446e+07
123407.529412 3.172046e+07
123758.176471 2.103609e+07
124085.117647 2.015064e+07
124845.705882 2.064728e+07

65852.176471 3.010662e+07
103172.411765 2.025043e+07
118470.823529 2.008651e+07
122403.000000 1.986097e+07
124677.941176 2.027722e+07
125573.941176 2.243008e+07
125220.176471 2.107012e+07
126361.176471 2.336490e+07

66669.588235 4.307991e+07
104180.823529 2.045827e+07
119791.352941 5.660716e+07
124034.000000 2.066936e+07
125927.058824 2.134525e+07
127107.823529 2.295352e+07
126745.000000 2.196383e+07
127996.470588 2.139931e+07

67450.235294 3.396077e+07
105413.529412 2.136124e+07
121116.294118 3.082542e+07
125216.647059 2.117909e+07
127512.647059 2.198980e+07
128402.764706 2.229199e+07
128520.058824 2.144889e+07
129264.294118 2.215153e+07

68242.529412 2.323439e+07
106547.647059 2.031273e+07
122459.000000 2.275215e+07
126307.411765 2.105066e+07
129278.588235 2.236763e+07
129647.470588 2.268566e+07
130412.294118 2.146700e+07
130295.000000 2.318389e+07

69188.823529 4.609222e+07
107589.823529 2.321593e+07
123769.058824 2.761069e+07
128010.117647 2.206733e+07
130780.117647 2.240127e+07
131245.352941 2.339792e+07
131617.176471 2.230064e+07
131817.058824 2.383245e+07

69957.764706 2.083060e+07
108965.058824 2.980719e+07
124834.000000 2.231844e+07
129686.294118 6.154506e+07
131999.823529 2.133389e+07
132649.647059 2.188203e+07
132906.588235 2.321490e+07
133402.588235 2.256573e+07

70642.352941 2.085200e+07
110232.176471 2.506672e+07
126100.470588 2.217626e+07
131106.294118 6.456153e+07
133170.000000 2.194885e+07
134148.647059 2.235355e+07
134530.529412 2.362553e+07
134810.411765 2.296858e+07

71373.352941 2.190283e+07
111422.411765 2.715613e+07
127450.058824 2.294249e+07
132706.411765 2.326025e+07
134419.176471 2.448650e+07
135675.764706 2.298827e+07
136090.764706 2.307196e+07
136214.411765 2.240235e+07

72177.058824 2.214879e+07
112643.764706 2.246256e+07
128759.352941 2.275990e+07
134345.705882 2.253853e+07
135463.294118 2.538965e+07
137162.235294 2.306197e+07
137679.705882 4.509318e+07
137545.764706 2.411594e+07

72957.588235 2.144435e+07
114007.470588 2.183184e+07
130060.470588 2.294236e+07
135784.882353 2.276008e+07
136905.294118 2.452044e+07
138551.294118 2.349786e+07
139026.941176 2.931697e+07
139021.823529 2.370656e+07

73810.235294 2.228034e+07
115169.705882 2.220194e+07
131332.588235 2.571616e+07
137219.941176 2.332189e+07
138222.705882 2.869392e+07
139888.294118 2.348019e+07
140791.823529 2.379091e+07
140205.764706 2.343018e+07

74473.000000 2.217513e+07
116576.470588 2.417492e+07
132515.588235 2.437863e+07
138640.058824 2.590931e+07
139968.000000 2.357374e+07
141004.176471 7.263359e+07
142422.470588 2.520897e+07
141499.529412 2.360615e+07

75394.588235 2.179984e+07
117664.764706 2.757013e+07
133633.058824 2.342744e+07
140224.000000 2.534912e+07
141325.823529 2.404227e+07
142519.941176 3.355298e+07
143900.588235 2.396698e+07
143207.588235 2.425580e+07

76248.941176 2.249518e+07
118841.058824 2.465787e+07
135061.117647 2.298336e+07
141316.352941 2.749204e+07
143057.294118 2.418564e+07
143890.294118 2.500307e+07
145238.411765 2.505935e+07
144754.705882 2.457518e+07

