694.684211 5.460592e+05
1153.105263 1.065707e+05
1326.263158 1.034295e+05
1439.684211 1.162313e+05
1429.947368 7.662100e+04
1435.263158 7.437900e+04
1430.421053 8.191058e+04
1407.789474 7.600074e+04

1451.052632 1.928933e+05
2324.210526 1.993867e+05
2676.315789 2.434523e+05
2829.631579 1.737324e+05
2830.210526 2.561028e+05
2879.947368 2.386064e+05
2908.368421 1.959188e+05
2875.421053 2.255456e+05

2195.736842 3.522066e+05
3502.368421 2.611158e+05
4102.052632 2.790603e+05
4136.578947 2.871778e+05
4252.578947 2.913854e+05
4360.684211 2.846755e+05
4355.210526 2.983280e+05
4371.578947 2.786366e+05

2970.368421 3.106087e+05
4674.315789 3.146854e+05
5370.736842 3.423935e+05
5613.842105 2.954717e+05
5747.842105 3.117695e+05
5833.684211 3.026641e+05
5737.052632 3.368518e+05
5758.368421 3.357586e+05

3783.105263 3.676712e+05
5788.736842 4.466830e+05
6664.368421 5.315605e+05
7125.263158 5.926852e+05
7188.052632 6.309237e+05
7250.578947 6.130943e+05
7218.736842 5.452550e+06
7114.526316 1.122276e+06

4513.210526 5.692373e+05
7008.052632 1.856645e+06
8086.263158 5.657525e+05
8436.526316 5.722447e+05
8610.473684 7.266613e+05
8651.315789 5.828781e+05
8644.263158 8.010204e+05
8705.947368 5.434846e+05

5226.368421 6.971259e+05
8117.631579 7.101162e+05
9642.842105 8.863737e+05
9781.947368 6.995908e+05
10046.210526 1.341775e+06
10052.263158 6.872971e+05
10168.473684 6.556744e+05
10239.105263 8.581090e+05

5968.421053 8.087803e+05
9386.000000 8.378755e+05
10773.789474 7.352345e+05
11359.473684 7.505223e+05
11411.578947 1.027100e+06
11594.842105 7.979339e+05
11669.473684 2.946560e+06
11483.789474 8.255131e+05

6627.105263 2.054982e+06
10708.000000 9.588203e+05
12044.947368 2.787687e+06
12838.157895 9.219443e+05
12956.421053 9.366397e+05
13017.421053 1.003488e+06
12921.842105 7.550641e+05
13206.842105 1.116805e+06

7493.947368 1.000612e+06
11674.157895 9.771993e+05
13568.263158 8.966935e+05
14126.368421 1.513450e+06
14388.736842 1.076592e+06
14446.315789 1.053564e+06
14583.263158 1.026171e+06
14554.368421 9.471556e+05

8306.473684 1.198379e+06
12721.052632 1.156051e+06
14975.210526 1.709993e+06
15718.578947 1.278752e+06
15715.052632 3.494063e+06
15955.368421 1.151572e+06
16050.052632 1.172126e+06
15848.368421 1.633087e+06

9069.105263 1.424574e+06
13927.368421 1.268775e+06
16280.947368 1.633719e+06
17131.473684 1.376614e+06
17175.000000 1.977043e+06
17477.000000 1.404335e+06
17333.894737 1.475579e+06
17490.000000 1.619038e+06

9831.526316 1.434247e+06
15202.789474 1.503805e+06
17672.421053 1.738578e+06
18322.894737 1.348920e+06
18849.421053 1.952149e+06
18751.421053 1.398294e+06
18754.736842 1.438064e+06
18833.526316 1.979765e+06

10476.157895 1.630020e+06
16555.947368 1.515665e+06
19062.578947 2.223897e+06
19706.947368 1.845931e+06
20199.894737 5.812714e+06
20193.789474 1.777447e+06
20334.210526 1.554269e+06
20191.684211 2.069308e+06

11116.789474 1.519517e+06
17734.000000 2.011300e+06
20487.368421 1.765934e+06
21225.684211 1.998300e+06
21548.894737 1.676999e+06
21612.842105 5.662475e+06
21732.947368 1.822228e+06
21773.578947 1.705046e+06

11857.789474 1.703199e+06
19002.105263 2.237792e+06
21709.105263 1.989224e+06
22753.947368 5.086721e+06
23002.368421 1.608426e+06
23081.736842 1.520431e+06
23114.684211 2.365791e+06
23072.631579 1.979563e+06

12634.894737 1.696797e+06
20136.000000 1.705376e+06
23108.421053 2.676013e+06
24247.368421 1.969647e+06
24301.894737 6.480973e+06
24607.368421 2.426954e+06
24613.105263 2.139379e+06
24541.526316 2.385047e+06

13461.157895 1.750198e+06
21207.684211 1.805766e+06
24649.631579 1.716623e+06
25414.684211 2.540312e+06
25932.894737 2.133691e+06
25875.000000 7.658878e+06
26031.736842 1.959154e+06
26216.947368 1.806621e+06

14237.263158 1.918772e+06
22479.473684 2.338424e+06
25933.421053 2.079151e+06
26815.052632 2.229712e+06
27378.105263 2.058554e+06
27585.736842 1.856607e+06
27318.210526 2.248079e+06
27486.263158 2.177155e+06

15076.421053 2.158067e+06
23529.368421 1.782672e+06
27184.947368 2.141333e+06
28425.000000 2.230449e+06
28657.842105 3.337198e+06
28924.578947 2.579408e+06
28967.578947 2.599370e+06
29076.947368 2.568697e+06

15796.526316 2.614348e+06
24819.368421 1.985148e+06
28563.947368 2.864910e+06
29691.842105 2.440466e+06
30264.421053 3.231714e+06
30322.789474 2.579550e+06
30343.263158 2.276778e+06
30460.526316 2.819036e+06

16522.368421 2.224596e+06
26142.210526 3.147291e+06
29945.947368 2.804446e+06
31057.894737 1.115748e+07
31737.578947 2.990496e+06
31769.263158 2.484819e+06
31811.263158 3.049726e+06
31816.105263 2.764614e+06

17342.052632 2.575138e+06
27389.789474 2.788874e+06
31168.105263 3.351102e+06
32524.578947 2.855412e+06
33003.842105 3.825573e+06
33128.526316 3.362037e+06
33489.263158 3.295643e+06
33275.052632 3.095987e+06

17994.368421 2.660021e+06
28709.473684 2.568930e+06
32356.473684 3.197944e+06
33852.578947 3.083765e+06
34629.157895 3.110847e+06
34557.105263 2.869063e+06
34773.578947 5.866873e+06
34785.000000 2.922529e+06

18759.210526 2.916453e+06
29783.000000 4.023072e+06
33758.000000 3.692512e+06
35468.947368 3.616419e+06
36115.736842 3.956461e+06
36059.052632 2.894951e+06
36121.105263 3.998251e+06
36197.263158 3.438256e+06

19517.736842 3.103328e+06
30888.684211 3.103531e+06
35215.684211 4.648845e+06
36915.631579 4.158483e+06
37386.210526 8.549535e+06
37606.684211 3.271297e+06
37472.157895 3.241200e+06
37658.789474 3.997252e+06

20375.684211 8.046990e+06
31998.578947 3.331448e+06
36539.421053 4.601035e+06
38348.263158 3.753041e+06
38680.157895 3.521403e+06
39151.789474 4.205567e+06
38997.368421 3.302408e+06
39027.842105 5.055134e+06

21127.894737 3.120995e+06
33159.105263 3.735640e+06
37944.052632 3.529464e+06
39852.315789 5.070016e+06
39973.368421 3.935345e+06
40719.315789 4.980076e+06
40512.947368 3.734146e+06
40759.894737 3.359637e+06

22070.578947 3.543895e+06
34227.052632 4.188300e+06
39201.578947 4.470316e+06
41348.631579 7.373514e+06
41569.368421 4.258815e+06
41859.368421 4.069813e+06
42035.315789 4.981678e+06
42318.578947 3.514967e+06

22955.368421 3.669795e+06
35202.631579 3.626748e+06
40617.684211 4.045767e+06
42902.368421 3.722092e+06
42976.105263 6.340361e+06
43041.842105 4.990622e+06
43549.578947 4.204567e+06
43811.157895 5.030359e+06

23735.947368 4.110299e+06
36294.947368 1.265437e+07
42036.105263 4.463757e+06
44131.894737 4.339874e+06
44703.473684 4.653450e+06
44683.684211 4.573421e+06
44906.789474 5.544096e+06
45057.578947 4.790492e+06

24432.789474 4.142000e+06
37736.894737 4.631548e+06
43122.210526 5.496714e+06
45488.789474 4.722402e+06
46256.842105 5.423567e+06
46209.736842 4.490857e+06
46628.368421 6.207228e+06
46184.736842 4.851543e+06

25140.578947 4.353962e+06
39074.105263 8.410916e+06
44504.052632 5.390696e+06
46800.000000 4.576553e+06
47603.052632 5.385033e+06
47522.578947 5.278163e+06
48106.000000 5.877323e+06
47778.421053 5.277244e+06

25744.210526 4.467089e+06
40346.894737 5.001942e+06
46029.105263 4.878128e+06
48074.263158 4.905853e+06
48857.473684 6.003632e+06
49249.526316 5.827556e+06
49484.000000 1.099006e+07
49279.000000 5.134928e+06

26550.473684 4.821235e+06
41342.315789 7.137862e+06
47736.421053 6.114060e+06
49425.736842 6.135163e+06
50259.368421 5.128779e+06
50779.105263 5.340106e+06
50722.052632 6.140268e+06
50809.315789 5.867424e+06

27326.315789 6.796504e+06
42613.842105 6.700593e+06
48962.052632 6.501864e+06
51022.315789 5.232383e+06
51741.473684 9.502097e+06
52190.157895 6.818963e+06
52087.210526 6.767490e+06
52242.894737 7.315836e+06

28143.789474 5.068030e+06
43705.263158 1.805112e+07
50341.000000 7.024142e+06
52501.210526 6.826642e+06
53123.789474 5.832648e+06
53582.684211 5.459142e+06
53486.263158 6.613153e+06
53892.473684 6.237699e+06

28961.473684 5.689817e+06
44882.473684 8.121342e+06
51478.105263 6.045908e+06
54118.315789 2.246589e+07
54432.578947 6.181071e+06
55241.210526 6.663962e+06
54969.894737 6.573285e+06
55403.789474 6.180463e+06

29650.473684 5.749038e+06
46109.842105 6.486597e+06
52860.789474 6.748268e+06
55458.210526 8.145948e+06
55897.000000 6.915774e+06
56698.157895 6.779285e+06
56477.210526 7.195777e+06
56888.421053 6.555104e+06

30350.842105 7.277315e+06
47209.947368 7.504642e+06
54544.894737 6.959129e+06
56596.842105 7.179721e+06
57554.105263 7.900258e+06
57847.736842 6.648568e+06
58173.578947 2.494675e+07
57949.736842 7.099727e+06

31040.210526 6.091943e+06
48440.578947 6.431882e+06
55841.789474 7.040656e+06
58178.368421 6.877518e+06
59032.473684 8.890471e+06
59105.894737 6.878247e+06
59685.684211 8.289078e+06
59373.947368 9.310291e+06

31832.105263 6.668390e+06
49648.473684 7.148481e+06
57073.842105 8.759123e+06
59863.052632 8.429540e+06
60430.210526 9.812862e+06
60591.526316 8.442238e+06
61234.578947 8.761488e+06
60599.578947 7.184904e+06

32641.421053 7.072738e+06
50921.842105 6.732065e+06
58361.263158 8.436868e+06
61222.631579 7.409074e+06
61889.052632 9.216558e+06
62003.894737 7.295311e+06
62799.947368 7.420904e+06
62055.526316 1.034940e+07

33300.052632 6.888613e+06
52407.684211 1.013577e+07
59600.052632 8.278014e+06
62462.263158 1.950299e+07
63353.947368 8.862617e+06
63444.631579 8.690663e+06
64191.000000 9.549520e+06
63809.052632 8.126256e+06

34022.368421 8.378410e+06
53691.526316 8.030154e+06
60936.368421 9.736466e+06
63769.421053 8.647667e+06
64912.684211 1.023661e+07
65135.736842 8.956186e+06
65226.947368 1.204349e+07
65485.105263 1.020464e+07

34805.894737 7.810638e+06
54962.000000 1.127716e+07
62160.684211 9.214051e+06
65183.578947 2.888402e+07
66336.368421 9.306261e+06
66851.789474 8.615612e+06
66406.315789 1.035173e+07
66929.000000 9.998285e+06

35605.842105 8.103026e+06
55989.157895 8.772403e+06
63567.842105 1.078594e+07
66673.315789 9.498764e+06
67553.842105 9.393537e+06
68467.105263 8.940721e+06
67817.842105 1.175527e+07
68423.473684 1.067263e+07

36360.210526 8.600941e+06
57211.105263 1.117888e+07
64927.631579 9.714382e+06
68174.210526 1.098720e+07
69091.947368 9.920759e+06
69907.052632 9.569285e+06
69159.894737 1.221476e+07
69642.526316 1.097843e+07

37071.526316 9.083935e+06
58448.052632 1.250228e+07
66363.052632 1.017111e+07
69646.052632 3.142297e+07
70456.736842 1.021994e+07
71356.736842 1.085278e+07
70885.000000 1.132080e+07
71128.315789 1.003572e+07

37825.105263 9.605186e+06
59565.526316 1.303899e+07
67968.210526 1.156887e+07
70943.210526 3.084823e+07
71567.894737 1.075785e+07
72835.210526 1.031365e+07
72613.473684 1.034243e+07
72397.263158 1.006413e+07

38627.157895 1.031963e+07
60697.789474 2.260932e+07
69304.263158 1.066716e+07
72365.210526 3.297041e+07
73146.157895 1.076635e+07
74054.789474 1.052498e+07
73982.421053 1.154854e+07
73858.000000 1.054901e+07

39333.842105 9.943197e+06
62111.368421 1.053694e+07
70447.000000 1.175691e+07
73786.210526 1.086427e+07
74941.105263 1.281989e+07
75262.157895 1.196305e+07
75499.684211 1.238079e+07
75151.947368 1.096173e+07

39914.789474 1.026090e+07
63467.526316 1.506563e+07
71858.421053 1.133438e+07
75134.684211 3.254693e+07
76449.157895 1.246288e+07
76591.157895 1.168601e+07
76691.263158 1.228460e+07
76829.421053 1.170243e+07

40757.157895 1.065769e+07
64566.052632 1.362162e+07
73329.578947 1.125598e+07
76566.105263 3.371847e+07
77920.631579 1.206767e+07
77956.105263 1.229110e+07
78146.736842 1.287538e+07
78473.473684 1.165063e+07

41499.947368 1.122324e+07
65745.842105 1.181539e+07
74755.000000 1.363694e+07
77930.631579 1.223825e+07
79516.842105 1.474104e+07
79420.421053 1.264554e+07
79704.578947 1.489745e+07
79811.473684 1.312515e+07

42348.157895 1.166591e+07
66842.052632 1.321041e+07
76108.105263 1.213745e+07
79332.052632 1.397784e+07
81203.210526 1.288182e+07
80741.368421 1.552773e+07
81091.368421 1.290313e+07
81218.105263 1.239645e+07

43134.789474 1.167237e+07
68093.210526 1.372926e+07
77422.263158 1.238102e+07
80719.684211 1.647894e+07
82580.263158 1.415105e+07
82266.000000 1.347500e+07
82455.947368 1.263295e+07
82645.578947 1.248513e+07

43991.684211 1.208425e+07
69159.578947 1.280605e+07
78777.263158 1.370803e+07
81946.263158 1.303884e+07
83972.263158 1.725924e+07
83842.736842 1.348233e+07
83869.789474 1.335751e+07
84239.526316 1.363611e+07

44820.842105 1.241414e+07
70112.578947 1.452299e+07
80393.421053 1.317548e+07
83236.105263 1.635766e+07
85271.631579 1.397503e+07
85378.210526 1.367363e+07
85339.578947 1.520553e+07
86053.052632 1.323000e+07

45538.789474 1.598993e+07
71141.157895 1.460973e+07
82006.842105 1.712846e+07
84853.789474 1.580168e+07
86566.368421 1.582153e+07
86775.894737 1.357698e+07
86935.210526 4.466480e+07
87438.421053 1.596953e+07

46325.684211 1.436328e+07
72352.526316 2.041110e+07
83318.684211 1.502929e+07
86518.210526 1.384669e+07
87685.421053 1.431435e+07
88144.842105 1.450784e+07
88525.157895 1.440986e+07
88504.842105 1.444515e+07

46931.263158 1.408375e+07
73705.473684 1.426262e+07
84509.368421 1.514070e+07
88208.789474 1.443881e+07
89208.105263 1.540813e+07
89548.421053 1.549952e+07
90226.421053 1.803020e+07
89735.157895 1.412984e+07

47795.684211 1.479842e+07
74909.894737 1.473386e+07
85829.684211 1.511256e+07
89653.894737 1.452083e+07
90560.052632 1.591296e+07
91006.105263 1.576041e+07
91398.263158 1.666249e+07
91259.789474 1.440027e+07

48733.684211 1.922729e+07
75919.789474 1.777308e+07
87212.894737 1.874913e+07
91063.421053 1.621266e+07
92103.947368 1.791922e+07
92227.157895 1.634593e+07
92841.105263 1.562043e+07
92782.473684 1.594604e+07

49433.210526 1.565746e+07
77179.526316 1.473619e+07
88494.736842 1.661463e+07
92659.315789 1.570951e+07
93408.263158 1.882713e+07
93672.157895 1.577304e+07
94577.368421 1.503613e+07
93829.263158 1.623082e+07

50145.947368 1.656056e+07
78514.421053 1.646032e+07
89901.526316 1.612399e+07
93989.052632 1.819833e+07
94826.578947 1.557010e+07
95263.894737 2.270642e+07
96010.263158 1.610584e+07
95138.526316 1.538074e+07

50875.947368 1.656563e+07
79702.210526 1.820551e+07
91196.894737 1.567909e+07
95293.263158 4.226243e+07
96219.789474 1.779307e+07
96656.526316 1.644766e+07
97397.473684 1.646101e+07
96661.315789 1.573622e+07

51858.842105 1.556360e+07
80583.368421 2.357946e+07
92751.842105 1.780321e+07
96840.105263 3.630582e+07
97683.315789 1.763373e+07
98203.105263 1.670352e+07
98573.842105 1.754395e+07
98393.105263 1.633471e+07

52711.263158 1.529423e+07
81748.578947 2.026268e+07
94009.473684 1.726282e+07
98366.315789 4.700265e+07
98966.052632 1.747551e+07
99883.000000 1.700709e+07
99940.526316 1.763721e+07
100185.263158 1.628687e+07

53412.315789 1.600440e+07
83064.000000 1.624866e+07
94953.578947 1.716108e+07
100003.473684 1.643214e+07
100409.000000 1.864356e+07
101432.736842 1.723051e+07
101211.157895 2.200205e+07
101599.578947 1.739196e+07

54046.368421 1.612648e+07
84526.157895 1.613940e+07
96269.315789 1.761806e+07
101369.263158 1.729008e+07
101873.421053 1.956879e+07
102864.210526 1.707249e+07
102797.894737 1.922750e+07
102875.684211 1.837850e+07

54787.631579 1.684668e+07
85678.368421 1.699753e+07
97718.473684 1.996552e+07
102557.000000 1.773092e+07
103490.578947 1.877930e+07
104405.473684 1.798530e+07
104060.789474 1.712913e+07
104565.631579 1.944882e+07

55625.263158 1.693781e+07
86789.842105 2.066749e+07
99203.578947 1.768550e+07
103873.631579 1.907335e+07
104880.842105 1.829792e+07
105805.263158 4.473696e+07
105420.736842 1.811051e+07
106103.947368 1.742878e+07

56516.894737 1.750445e+07
87954.000000 1.921896e+07
100677.315789 1.826349e+07
105084.842105 2.289860e+07
106118.947368 1.786812e+07
107476.473684 1.784784e+07
106588.947368 2.086628e+07
107810.105263 2.006489e+07

57258.736842 1.711548e+07
89184.526316 1.798734e+07
102119.789474 1.877227e+07
106396.105263 1.881945e+07
107556.684211 2.064796e+07
108864.631579 1.896836e+07
108213.157895 2.207969e+07
108921.210526 1.895201e+07

58051.631579 1.836557e+07
90379.526316 1.970435e+07
103479.315789 1.816887e+07
107885.578947 1.958772e+07
108918.421053 1.967013e+07
110127.368421 2.386534e+07
110034.105263 1.863656e+07
110086.473684 1.825620e+07

58820.368421 1.752593e+07
91501.000000 1.986836e+07
105007.526316 1.847578e+07
109038.052632 2.385456e+07
110394.947368 1.896426e+07
111610.473684 4.423676e+07
111654.947368 1.949972e+07
111657.526316 2.007620e+07

59485.315789 1.747671e+07
92830.105263 2.012634e+07
106345.052632 1.891965e+07
110413.894737 2.270494e+07
112055.052632 2.052878e+07
112788.210526 2.094861e+07
112950.421053 2.093121e+07
113196.105263 1.964967e+07

60112.473684 1.860373e+07
94224.421053 1.969597e+07
107754.842105 2.090400e+07
111714.842105 2.141330e+07
113767.631579 2.150504e+07
114155.421053 2.002378e+07
114423.000000 4.936743e+07
114591.210526 1.980961e+07

60934.473684 1.822864e+07
95419.947368 2.143814e+07
109064.157895 2.060657e+07
112996.631579 5.611844e+07
115226.263158 2.024435e+07
115605.421053 2.006543e+07
115886.631579 2.126681e+07
116163.263158 2.034268e+07

61707.473684 1.863192e+07
96603.947368 2.179292e+07
110437.473684 2.041156e+07
114434.736842 5.775774e+07
116705.842105 2.273909e+07
117094.315789 2.027368e+07
117571.052632 2.162972e+07
117700.000000 2.148688e+07

62577.368421 1.916922e+07
97718.052632 1.984953e+07
111855.736842 2.188942e+07
115872.894737 2.128868e+07
118021.736842 2.326503e+07
118175.789474 2.023296e+07
119411.368421 5.704503e+07
119088.631579 2.165900e+07

63276.157895 1.877000e+07
98960.684211 2.005121e+07
113234.842105 2.115930e+07
117288.263158 2.102931e+07
119625.368421 2.411291e+07
119339.157895 2.224989e+07
120778.894737 2.789448e+07
120723.842105 2.040215e+07

64010.894737 1.975654e+07
100141.368421 2.139282e+07
114611.736842 2.167389e+07
118757.631579 2.071885e+07
121076.894737 2.434543e+07
120871.368421 2.145374e+07
121784.000000 2.360120e+07
122374.315789 2.060084e+07

64675.789474 1.973770e+07
101439.842105 2.221871e+07
115861.842105 2.262556e+07
120195.263158 2.414694e+07
122536.315789 2.183436e+07
122529.947368 2.196946e+07
123245.578947 2.287884e+07
123759.947368 2.229838e+07

65502.315789 2.056913e+07
102495.578947 2.195395e+07
117399.736842 2.356783e+07
121440.473684 2.288613e+07
124044.789474 2.618855e+07
124212.947368 2.406261e+07
124519.263158 5.833729e+07
125176.157895 2.541616e+07

66150.684211 2.009280e+07
103679.947368 2.073786e+07
118879.842105 2.311233e+07
122949.789474 2.331283e+07
125240.473684 2.191915e+07
126035.263158 2.179902e+07
125679.736842 2.477911e+07
126603.368421 2.198445e+07

66983.842105 4.657215e+07
104630.631579 2.226931e+07
120167.947368 2.776598e+07
124584.263158 2.201454e+07
126462.684211 2.190412e+07
127500.368421 2.304197e+07
127161.368421 2.382919e+07
128291.105263 2.478532e+07

67683.263158 2.051754e+07
105911.526316 2.888695e+07
121589.052632 2.472800e+07
125717.368421 6.016946e+07
128163.421053 2.232730e+07
128938.684211 2.235301e+07
129011.105263 2.406258e+07
129635.842105 2.321891e+07

68525.052632 2.095146e+07
107004.157895 2.662118e+07
123048.736842 2.351001e+07
127018.263158 6.602110e+07
129795.736842 2.383831e+07
130128.263158 2.278137e+07
130926.263158 2.337556e+07
130815.263158 2.391132e+07

69473.000000 2.148251e+07
108074.000000 2.242224e+07
124239.578947 2.418097e+07
128534.210526 2.328015e+07
131332.947368 2.584159e+07
131620.736842 2.364282e+07
132258.894737 2.909774e+07
132097.105263 2.413495e+07

70264.052632 2.267249e+07
109370.947368 2.968203e+07
125389.789474 2.373186e+07
130229.684211 6.567836e+07
132547.105263 2.519872e+07
133205.578947 2.430927e+07
133473.105263 2.415103e+07
133951.368421 2.364878e+07

70973.315789 2.450091e+07
110694.473684 2.742841e+07
126736.947368 2.397311e+07
131678.368421 6.508716e+07
133837.578947 2.538669e+07
134687.263158 2.348840e+07
134926.578947 2.629480e+07
135357.157895 2.422085e+07

71662.789474 2.395069e+07
111924.894737 3.207807e+07
128081.157895 2.367498e+07
133338.789474 6.843574e+07
134841.157895 2.432747e+07
136160.631579 2.389935e+07
136498.842105 2.672330e+07
136648.315789 2.594427e+07

72472.947368 2.279858e+07
113163.157895 2.388094e+07
129326.368421 2.545079e+07
134906.421053 2.420931e+07
136127.578947 2.859618e+07
137749.263158 2.501157e+07
138066.052632 3.263573e+07
137848.684211 2.543433e+07

73328.473684 2.277740e+07
114436.210526 3.065458e+07
130538.368421 2.596760e+07
136380.736842 6.891372e+07
137437.684211 2.596203e+07
139115.473684 2.497543e+07
139495.842105 2.544690e+07
139245.736842 2.485655e+07

74092.578947 2.302889e+07
115710.368421 2.987663e+07
131808.684211 2.522909e+07
137943.631579 6.886774e+07
138788.368421 2.495577e+07
140316.210526 2.523277e+07
141218.789474 2.934269e+07
140608.315789 2.530611e+07

74812.315789 2.359880e+07
117103.578947 2.452054e+07
133059.315789 2.584364e+07
139372.842105 2.483462e+07
140370.473684 2.623928e+07
141634.894737 2.521099e+07
142898.631579 2.994725e+07
142052.684211 2.501808e+07

75754.105263 2.536826e+07
118165.842105 2.610652e+07
134310.263158 2.574525e+07
140753.684211 2.524807e+07
142038.473684 3.253050e+07
142954.473684 2.803531e+07
144263.526316 4.526964e+07
143544.263158 2.601502e+07

76558.789474 2.595188e+07
119390.263158 2.507162e+07
135595.894737 2.519767e+07
142094.315789 2.568596e+07
143732.631579 2.835261e+07
144322.473684 2.549803e+07
145691.736842 7.155571e+07
145073.684211 2.559449e+07

