315.333333 3.515867e+04
530.000000 3.051633e+04
629.333333 3.675000e+04
648.666667 3.078533e+04
666.666667 3.489367e+04
637.333333 2.989367e+04
648.000000 3.575433e+04
660.666667 3.722603e+05

674.000000 5.347433e+04
1047.333333 3.827567e+05
1226.666667 6.459500e+04
1309.333333 6.971033e+04
1315.333333 6.219400e+04
1342.666667 7.580333e+04
1333.333333 7.047533e+04
1348.000000 7.871833e+04

1016.000000 1.032553e+05
1610.666667 1.116940e+05
1878.000000 4.754300e+05
1918.000000 1.226427e+05
1966.666667 1.152190e+05
1996.666667 1.370877e+05
1963.333333 1.218257e+05
2014.000000 1.722783e+05

1377.333333 1.655730e+05
2182.000000 1.629830e+05
2454.000000 1.635317e+05
2641.333333 1.514997e+05
2658.666667 1.021077e+05
2693.333333 1.711447e+05
2616.000000 1.328743e+05
2638.000000 1.702740e+05

1745.333333 1.787567e+05
2703.333333 2.152583e+05
3019.333333 1.750000e+05
3292.000000 2.301403e+05
3306.000000 1.898460e+05
3346.000000 2.244803e+05
3323.333333 2.080230e+05
3337.333333 1.087967e+05

2101.333333 1.433080e+05
3216.666667 2.548393e+05
3718.000000 2.328113e+05
3906.000000 3.782917e+05
3971.333333 2.573640e+05
4008.000000 1.596427e+05
3975.333333 3.021153e+05
3992.000000 2.039393e+05

2427.333333 2.246890e+05
3738.000000 2.482747e+05
4410.000000 2.645703e+05
4490.000000 3.031917e+05
4667.333333 1.753477e+05
4600.000000 6.072247e+05
4626.000000 1.964450e+05
4767.333333 1.587473e+05

2749.333333 8.458123e+05
4327.333333 2.707557e+05
4955.333333 2.289863e+05
5166.666667 2.498950e+05
5329.333333 2.378247e+05
5416.666667 3.668270e+05
5387.333333 2.654133e+05
5241.333333 3.572950e+05

3053.333333 3.930293e+05
4928.666667 3.289003e+05
5542.000000 1.343719e+06
5902.666667 3.278203e+05
5936.000000 1.214195e+06
6060.666667 3.064390e+05
5903.333333 3.146717e+05
6075.333333 3.210920e+05

3486.000000 4.068967e+05
5400.000000 3.005597e+05
6235.333333 3.429763e+05
6502.666667 3.835030e+05
6585.333333 3.122637e+05
6641.333333 3.024353e+05
6679.333333 3.268833e+05
6600.666667 4.881417e+05

3775.333333 4.679540e+05
5906.666667 3.661390e+05
6891.333333 4.460313e+05
7257.333333 3.631450e+05
7254.666667 1.647592e+06
7251.333333 3.343600e+05
7379.333333 3.481183e+05
7260.000000 3.254607e+05

4207.333333 4.708610e+05
6420.000000 4.241110e+05
7509.333333 5.850477e+05
7866.666667 4.570117e+05
8003.333333 5.595097e+05
8036.000000 2.847287e+05
7973.333333 5.672313e+05
7976.000000 3.820363e+05

4534.000000 3.671787e+05
6993.333333 4.260973e+05
8244.000000 3.619180e+05
8478.666667 3.424847e+05
8786.000000 6.129277e+05
8658.666667 6.090623e+05
8664.000000 5.640900e+05
8646.666667 4.676640e+05

4780.000000 4.764033e+05
7628.666667 6.398093e+05
8829.333333 5.643060e+05
9086.666667 2.169520e+06
9313.333333 3.713560e+05
9343.333333 3.466527e+05
9235.333333 6.985830e+05
9250.666667 6.688530e+05

5099.333333 6.620000e+05
8185.333333 4.263100e+05
9511.333333 1.681700e+06
9800.666667 6.603260e+05
9970.666667 2.127899e+06
9990.000000 4.767200e+05
9989.333333 5.555063e+05
10002.666667 3.960497e+05

5442.666667 7.400383e+05
8779.333333 4.633813e+05
9959.333333 6.594213e+05
10449.333333 4.483810e+05
10604.000000 8.813383e+05
10652.666667 6.156293e+05
10738.000000 6.778973e+05
10566.000000 5.435293e+05

5873.333333 5.206413e+05
9242.666667 5.793873e+05
10606.000000 8.388357e+05
11209.333333 7.629457e+05
11174.666667 5.367130e+05
11328.666667 5.057170e+05
11317.333333 8.522097e+05
11305.333333 6.002110e+05

6250.666667 6.791380e+05
9752.666667 9.481773e+05
11357.333333 6.721883e+05
11696.000000 9.145147e+05
11926.666667 7.827113e+05
11928.000000 9.155767e+05
12020.000000 5.688727e+05
11974.000000 9.016557e+05

6506.666667 7.127617e+05
10417.333333 7.760630e+05
11954.000000 5.551270e+05
12338.000000 5.145877e+05
12606.000000 6.952187e+05
12491.333333 5.646970e+05
12486.666667 7.018887e+05
12636.000000 5.881580e+05

6964.000000 5.455583e+05
10852.666667 6.939077e+05
12606.666667 6.517933e+05
13090.666667 6.007273e+05
13200.666667 6.281697e+05
13307.333333 6.285183e+05
13318.666667 6.210803e+05
13458.000000 9.267010e+05

7321.333333 8.022507e+05
11481.333333 6.967787e+05
13239.333333 6.442623e+05
13711.333333 7.242530e+05
13878.666667 6.977797e+05
13890.000000 7.503537e+05
14092.000000 7.623923e+05
14052.666667 8.845317e+05

7574.000000 8.343067e+05
11999.333333 7.111460e+05
13701.333333 8.314880e+05
14353.333333 9.150693e+05
14603.333333 7.320260e+05
14622.000000 1.030390e+06
14695.333333 6.403007e+05
14612.666667 1.106198e+06

8011.333333 8.086297e+05
12622.666667 6.556437e+05
14311.333333 8.790080e+05
15014.000000 8.929363e+05
15153.333333 7.553177e+05
15307.333333 7.328463e+05
15409.333333 7.018433e+05
15358.666667 6.706210e+05

8307.333333 6.679420e+05
13300.000000 1.249748e+06
14884.666667 1.072826e+06
15582.000000 9.255417e+05
15993.333333 8.059457e+05
15877.333333 7.770340e+05
16003.333333 7.730887e+05
16054.000000 9.145097e+05

8596.000000 6.717927e+05
13778.000000 7.426260e+05
15617.333333 9.358127e+05
16387.333333 8.250727e+05
16594.000000 7.996303e+05
16566.666667 7.179453e+05
16662.666667 1.255693e+06
16674.000000 1.083924e+06

9021.333333 1.350363e+06
14211.333333 9.558280e+05
16218.000000 1.040765e+06
17018.000000 1.208797e+06
17316.000000 9.188177e+05
17284.000000 8.879177e+05
17194.000000 8.599070e+05
17350.666667 8.897943e+05

9387.333333 1.031318e+06
14772.000000 8.470117e+05
16808.000000 9.151377e+05
17764.666667 9.828713e+05
17707.333333 9.331427e+05
17980.666667 9.010703e+05
18086.666667 1.052550e+06
17983.333333 8.803983e+05

9736.666667 8.067123e+05
15278.000000 1.138601e+06
17500.666667 1.156364e+06
18266.000000 1.113387e+06
18431.333333 9.582647e+05
18802.666667 1.162201e+06
18654.666667 9.715307e+05
18762.000000 1.100205e+06

10168.000000 8.415983e+05
15767.333333 1.397616e+06
18050.000000 9.626217e+05
19033.333333 9.726823e+05
19124.666667 9.966563e+05
19224.000000 1.158274e+06
19244.666667 1.011946e+06
19381.333333 1.046104e+06

10590.666667 8.556240e+05
16233.333333 9.436830e+05
18736.666667 1.034118e+06
19870.666667 1.281271e+06
19588.666667 1.869767e+06
19926.666667 1.234133e+06
20089.333333 1.159981e+06
20193.333333 1.218750e+06

10967.333333 1.323678e+06
16706.000000 1.144751e+06
19350.666667 1.206795e+06
20323.333333 1.295074e+06
20644.666667 1.152797e+06
20622.666667 1.056842e+06
20616.666667 1.150369e+06
20690.000000 1.087174e+06

11244.000000 1.247263e+06
17439.333333 1.058160e+06
19952.000000 1.038450e+06
20808.666667 1.334841e+06
21322.000000 1.131732e+06
21272.666667 1.371983e+06
21440.000000 1.351153e+06
21224.666667 1.776649e+06

11552.666667 1.507092e+06
18021.333333 1.367009e+06
20480.666667 1.645981e+06
21457.333333 1.181221e+06
21866.666667 1.473457e+06
21958.000000 1.194947e+06
22216.000000 1.396010e+06
21995.333333 1.191120e+06

11882.000000 1.082382e+06
18584.666667 1.213705e+06
21193.333333 1.902473e+06
22070.000000 1.311010e+06
22530.666667 1.401768e+06
22796.666667 1.295875e+06
22723.333333 1.283919e+06
22776.000000 1.313559e+06

12260.666667 1.351796e+06
18972.666667 1.174380e+06
22076.666667 2.045992e+06
22734.666667 1.504501e+06
23108.000000 1.521206e+06
23459.333333 1.376681e+06
23288.000000 1.341748e+06
23452.000000 1.441535e+06

12542.000000 1.136163e+06
19652.666667 2.045274e+06
22634.000000 1.379279e+06
23570.000000 1.343034e+06
23760.000000 1.338664e+06
24080.000000 1.618355e+06
23904.000000 1.497655e+06
24022.666667 1.406923e+06

12940.666667 1.149684e+06
20192.000000 1.231415e+06
23100.000000 1.378234e+06
24172.000000 1.438718e+06
24356.000000 1.408454e+06
24653.333333 1.586348e+06
24749.333333 1.612365e+06
24684.666667 1.368926e+06

13297.333333 1.328304e+06
20724.000000 1.310549e+06
23893.333333 2.315167e+06
24927.333333 2.165349e+06
25031.333333 1.568042e+06
25496.000000 1.419394e+06
25321.333333 1.534188e+06
25409.333333 1.444314e+06

13696.666667 1.307386e+06
21149.333333 1.581027e+06
24432.666667 1.640556e+06
25456.666667 1.778973e+06
25663.333333 1.457312e+06
26200.000000 1.877246e+06
26104.666667 1.811426e+06
26303.333333 1.626955e+06

14030.666667 1.916086e+06
21693.333333 1.475099e+06
25126.000000 1.550855e+06
25970.000000 1.564637e+06
26526.666667 1.587178e+06
26684.000000 1.670427e+06
26769.333333 1.590680e+06
26734.666667 1.602923e+06

14347.333333 2.257970e+06
22296.000000 1.580610e+06
25719.333333 1.611041e+06
26566.000000 1.650201e+06
27194.000000 1.726702e+06
27153.333333 1.655017e+06
27392.666667 1.735226e+06
27286.666667 1.620982e+06

14661.333333 1.610451e+06
22882.000000 1.495236e+06
26292.666667 1.770445e+06
27524.666667 1.698484e+06
27797.333333 1.779653e+06
27934.000000 1.640402e+06
28152.666667 1.926912e+06
27974.666667 1.690128e+06

15006.000000 1.429561e+06
23514.666667 1.676742e+06
26897.333333 1.611736e+06
28139.333333 1.850472e+06
28378.666667 1.746612e+06
28546.000000 2.104102e+06
29068.000000 1.706785e+06
28584.666667 1.832704e+06

15260.000000 1.524836e+06
24048.000000 1.626502e+06
27508.000000 1.643856e+06
28844.000000 1.766325e+06
29110.666667 1.853582e+06
29183.333333 2.092727e+06
29530.666667 1.765120e+06
29242.666667 2.232300e+06

15670.000000 1.879381e+06
24667.333333 1.939448e+06
28117.333333 1.716966e+06
29472.000000 2.098175e+06
29800.666667 2.092093e+06
29924.000000 1.793768e+06
29978.666667 1.867103e+06
30162.000000 1.886384e+06

16036.000000 1.535497e+06
25389.333333 1.910528e+06
28614.666667 1.881058e+06
30064.000000 2.211817e+06
30548.000000 1.950468e+06
30724.000000 1.958872e+06
30608.666667 2.026332e+06
30806.000000 2.039315e+06

16375.333333 1.985648e+06
25848.666667 1.710709e+06
29342.666667 2.227810e+06
30734.666667 1.912251e+06
31084.666667 2.294241e+06
31572.000000 2.070857e+06
31264.666667 2.415512e+06
31476.000000 1.954079e+06

16780.666667 2.071106e+06
26359.333333 4.796364e+06
29872.000000 2.040716e+06
31335.333333 2.461447e+06
31868.000000 2.010218e+06
32130.000000 2.369836e+06
31900.666667 2.121369e+06
32179.333333 2.373536e+06

17139.333333 1.891805e+06
26988.000000 1.916085e+06
30429.333333 1.944563e+06
32098.000000 2.090099e+06
32456.666667 2.099066e+06
32976.000000 3.075755e+06
32560.666667 1.856612e+06
32758.000000 3.207364e+06

17445.333333 2.063935e+06
27412.666667 1.773367e+06
31280.666667 1.830352e+06
32780.000000 3.146362e+06
33078.000000 2.419204e+06
33500.666667 3.434307e+06
33174.000000 2.089672e+06
33344.000000 2.277979e+06

17774.000000 2.978876e+06
27984.666667 2.100149e+06
31857.333333 3.560992e+06
33334.666667 2.196250e+06
33690.000000 2.517946e+06
34196.000000 2.332559e+06
33872.000000 2.546625e+06
34040.666667 2.232126e+06

18002.000000 2.223374e+06
28769.333333 2.145928e+06
32374.000000 2.249749e+06
33998.666667 2.576535e+06
34290.000000 2.286967e+06
34506.000000 2.536501e+06
34863.333333 2.227136e+06
34624.000000 2.336798e+06

18393.333333 2.244413e+06
29202.666667 2.186713e+06
32992.666667 2.684268e+06
34550.000000 2.501122e+06
35077.333333 2.874912e+06
35116.000000 2.453063e+06
35335.333333 3.225369e+06
35458.000000 2.691866e+06

18754.000000 1.916458e+06
29797.333333 2.649752e+06
33514.666667 2.629482e+06
35267.333333 2.651987e+06
35819.333333 2.479716e+06
35998.000000 2.665569e+06
35912.000000 2.118484e+06
36071.333333 2.381547e+06

19106.666667 2.400517e+06
30328.666667 2.235057e+06
34490.666667 2.843863e+06
35828.000000 2.281196e+06
36528.000000 2.450628e+06
36549.333333 3.829574e+06
36642.666667 2.646008e+06
36819.333333 2.781175e+06

19500.666667 1.928417e+06
30865.333333 2.443184e+06
34858.666667 2.593097e+06
36522.000000 2.692447e+06
37230.666667 2.900176e+06
37288.666667 2.934191e+06
37426.666667 2.850037e+06
37353.333333 4.592189e+06

19905.333333 2.466754e+06
31396.666667 2.721888e+06
35708.666667 2.849404e+06
37217.333333 2.575089e+06
37918.000000 2.744781e+06
37929.333333 1.000373e+07
37960.000000 2.756532e+06
37954.666667 3.116794e+06

20276.000000 2.225674e+06
31934.000000 2.690356e+06
36285.333333 2.253450e+06
37635.333333 2.750951e+06
38840.000000 2.837271e+06
38619.333333 2.990422e+06
38732.000000 2.360678e+06
38911.333333 2.878062e+06

20710.666667 2.481769e+06
32270.666667 4.135554e+06
37005.333333 3.004025e+06
38269.333333 4.271018e+06
39287.333333 2.921903e+06
39333.333333 3.155221e+06
39247.333333 3.144887e+06
39582.666667 2.638243e+06

20976.000000 2.195200e+06
32740.000000 2.577001e+06
37708.000000 2.973898e+06
38976.000000 2.762420e+06
39909.333333 3.177752e+06
39850.666667 5.668093e+06
40082.666667 3.146679e+06
40209.333333 4.760851e+06

21276.666667 2.786987e+06
33393.333333 2.841850e+06
38461.333333 2.702029e+06
39872.000000 3.292386e+06
40446.000000 2.804082e+06
40538.666667 3.261068e+06
40782.666667 3.161388e+06
40680.000000 2.846625e+06

21521.333333 2.561015e+06
34019.333333 2.822281e+06
38925.333333 3.027493e+06
40776.666667 2.548435e+06
41042.666667 2.703070e+06
41184.666667 2.564366e+06
41490.666667 2.734515e+06
41128.666667 3.014406e+06

22086.666667 2.743739e+06
34480.000000 2.962792e+06
39412.000000 3.194866e+06
41414.666667 4.880691e+06
41574.666667 4.296417e+06
41834.666667 3.502878e+06
42070.666667 2.980678e+06
42144.000000 5.473237e+06

22528.666667 2.840388e+06
34949.333333 3.042033e+06
40096.000000 3.126431e+06
42064.000000 3.235996e+06
42312.000000 2.995171e+06
42592.666667 3.393832e+06
42820.666667 3.128216e+06
42625.333333 4.329503e+06

22747.333333 2.784365e+06
35672.000000 2.542383e+06
40652.666667 3.043307e+06
42635.333333 2.946870e+06
43070.666667 2.835408e+06
43030.666667 3.001086e+06
43630.666667 3.044257e+06
43214.666667 3.502016e+06

23136.000000 2.832603e+06
36128.000000 3.245662e+06
41217.333333 3.336256e+06
43322.666667 3.230799e+06
43660.000000 3.514781e+06
43986.000000 3.632749e+06
44063.333333 2.837084e+06
43560.666667 3.308983e+06

23379.333333 2.500498e+06
36747.333333 3.683318e+06
41982.000000 3.503683e+06
43900.000000 3.485911e+06
44398.666667 3.577760e+06
44424.666667 3.921700e+06
44935.333333 3.468520e+06
44596.666667 3.610959e+06

23953.333333 2.784680e+06
37022.666667 3.292195e+06
42695.333333 3.446217e+06
44648.000000 3.747584e+06
45055.333333 3.663388e+06
45076.666667 3.581724e+06
45478.000000 3.279911e+06
45424.000000 3.393685e+06

24238.666667 3.064536e+06
37644.666667 3.444739e+06
43234.666667 3.573416e+06
45172.666667 3.487724e+06
45535.333333 3.199679e+06
45919.333333 3.321744e+06
45968.666667 3.181067e+06
46175.333333 4.431041e+06

24612.000000 2.650324e+06
38248.666667 2.909396e+06
43682.000000 3.058526e+06
45958.666667 4.728078e+06
46244.666667 3.178722e+06
46697.333333 3.289817e+06
46617.333333 2.932508e+06
46712.666667 3.463502e+06

24966.666667 3.311324e+06
38802.000000 3.628151e+06
44352.000000 3.769468e+06
46474.666667 3.585042e+06
46962.000000 3.462220e+06
47416.000000 3.836263e+06
47385.333333 3.458703e+06
47396.666667 3.582900e+06

25244.000000 3.083372e+06
39504.666667 2.751585e+06
45082.666667 3.313394e+06
47200.000000 3.489782e+06
47558.666667 5.447208e+06
48127.333333 3.425150e+06
47881.333333 3.292441e+06
48170.000000 3.414533e+06

25649.333333 3.489982e+06
39979.333333 3.520035e+06
45671.333333 3.420117e+06
47732.666667 3.610551e+06
48364.000000 3.882743e+06
48681.333333 3.638787e+06
48598.666667 3.550444e+06
48814.000000 3.988254e+06

25978.000000 3.319767e+06
40520.000000 3.476003e+06
46359.333333 4.020568e+06
48472.000000 3.693228e+06
48854.666667 3.804390e+06
49431.333333 3.837257e+06
49234.666667 3.908979e+06
49674.666667 3.785012e+06

26458.000000 3.082795e+06
40960.000000 3.483135e+06
46994.666667 4.085148e+06
49036.000000 9.953326e+06
49592.666667 3.600482e+06
50391.333333 4.457623e+06
49884.666667 3.918113e+06
50024.666667 3.636040e+06

26696.000000 3.308673e+06
41685.333333 5.249108e+06
47700.000000 3.466981e+06
49666.666667 3.883123e+06
50038.000000 3.921906e+06
50818.000000 3.755101e+06
50667.333333 3.443607e+06
50766.000000 4.116379e+06

27060.000000 3.111827e+06
42242.000000 3.417502e+06
48428.666667 3.348631e+06
50308.666667 5.240425e+06
50786.666667 4.291418e+06
51660.000000 6.037567e+06
51298.666667 4.548271e+06
51400.666667 4.450946e+06

27394.666667 2.983147e+06
42770.666667 4.037764e+06
48994.666667 4.293608e+06
50708.666667 4.155522e+06
51662.000000 3.552847e+06
52095.333333 3.728034e+06
52207.333333 3.538552e+06
52062.666667 3.996039e+06

27627.333333 7.687296e+06
43363.333333 4.144585e+06
49374.000000 4.148520e+06
51385.333333 3.897077e+06
52521.333333 4.027395e+06
52710.000000 4.080278e+06
52772.000000 3.987353e+06
52770.666667 4.030060e+06

27984.666667 2.972925e+06
43941.333333 5.595640e+06
50398.000000 3.791576e+06
52006.666667 4.401014e+06
53306.000000 3.694132e+06
53330.666667 6.452483e+06
53362.666667 4.207214e+06
53522.000000 4.089641e+06

28459.333333 3.919315e+06
44490.666667 3.615719e+06
51033.333333 3.771238e+06
52673.333333 3.576667e+06
53517.333333 4.073326e+06
53806.000000 4.027289e+06
54167.333333 3.788870e+06
54129.333333 4.451333e+06

28850.666667 3.146077e+06
44926.666667 3.429546e+06
51706.666667 3.748766e+06
53168.666667 3.628920e+06
54423.333333 6.510169e+06
54410.000000 4.616050e+06
55063.333333 4.171038e+06
54855.333333 4.043066e+06

29144.000000 2.995673e+06
45583.333333 3.851209e+06
52240.000000 4.177413e+06
53799.333333 6.045743e+06
54999.333333 3.939663e+06
55113.333333 5.815487e+06
55722.000000 3.913395e+06
55656.666667 3.723656e+06

29446.000000 3.510698e+06
46150.666667 5.940158e+06
52622.000000 4.058925e+06
54694.000000 4.266973e+06
55656.666667 4.047614e+06
55514.666667 4.167112e+06
56060.666667 4.022411e+06
56518.666667 3.941863e+06

29841.333333 3.869250e+06
46488.666667 3.293984e+06
53312.000000 3.791608e+06
55512.000000 3.797187e+06
56474.666667 4.281076e+06
56243.333333 4.205397e+06
56805.333333 4.156640e+06
56932.666667 4.264015e+06

30180.666667 3.587046e+06
47235.333333 3.703550e+06
54139.333333 4.309026e+06
55846.000000 4.403591e+06
56883.333333 4.490457e+06
57230.666667 4.401120e+06
57358.000000 4.575970e+06
57646.000000 4.424410e+06

30525.333333 3.392391e+06
47778.000000 3.803863e+06
54687.333333 3.729291e+06
56714.000000 4.452289e+06
57757.333333 4.261134e+06
57984.000000 4.246166e+06
58000.000000 4.154148e+06
58355.333333 4.529809e+06

30848.000000 3.459399e+06
48145.333333 4.082882e+06
55572.000000 4.644018e+06
57421.333333 3.800554e+06
58255.333333 4.139633e+06
58954.666667 4.585441e+06
58278.000000 4.681580e+06
58998.000000 4.220347e+06

31105.333333 3.393859e+06
48756.666667 4.487043e+06
56091.333333 4.837998e+06
57906.666667 7.312482e+06
59078.000000 4.611096e+06
59143.333333 4.348038e+06
59646.000000 4.506807e+06
59569.333333 6.298057e+06

31490.666667 3.604100e+06
49434.666667 3.716342e+06
56701.333333 4.128271e+06
58498.000000 4.294224e+06
59674.000000 6.816660e+06
59928.000000 4.564340e+06
60422.000000 4.348835e+06
60066.666667 4.400686e+06

32045.333333 3.719760e+06
49687.333333 5.687964e+06
57191.333333 4.339835e+06
59238.000000 4.129555e+06
60498.000000 4.043738e+06
60532.666667 4.261989e+06
60790.000000 4.667512e+06
60949.333333 4.078370e+06

32407.333333 3.897491e+06
50414.000000 4.475249e+06
57785.333333 4.802859e+06
60032.000000 4.971284e+06
61063.333333 4.989997e+06
61404.666667 4.795238e+06
61383.333333 4.874795e+06
61499.333333 4.210674e+06

32590.666667 3.263546e+06
50934.000000 3.773382e+06
58405.333333 4.386159e+06
60795.333333 3.977738e+06
61505.333333 4.210794e+06
62098.000000 4.960446e+06
62164.666667 4.789841e+06
62092.666667 4.272973e+06

33022.000000 4.596249e+06
51546.000000 4.559669e+06
58778.666667 4.390046e+06
61524.000000 4.324771e+06
62044.000000 4.772073e+06
62667.333333 4.732546e+06
62944.000000 4.619693e+06
62969.333333 4.774891e+06

33410.000000 4.553589e+06
52183.333333 4.332544e+06
59453.333333 4.509193e+06
62396.666667 3.819663e+06
62616.666667 4.705625e+06
63482.000000 4.630967e+06
63874.666667 4.340244e+06
63398.666667 4.252518e+06

33802.000000 3.580613e+06
52684.000000 4.056617e+06
60057.333333 4.622740e+06
63184.000000 4.398688e+06
63196.000000 4.445444e+06
64150.666667 5.015535e+06
64118.000000 4.907381e+06
64298.000000 4.930868e+06

34056.000000 3.372499e+06
53328.666667 3.891325e+06
60732.000000 5.214742e+06
63486.666667 5.305645e+06
64009.333333 4.604588e+06
64588.666667 6.206851e+06
65070.666667 5.355439e+06
64948.000000 5.118455e+06

34452.666667 3.752949e+06
53993.333333 4.270367e+06
61198.666667 4.583881e+06
64099.333333 4.399830e+06
64678.666667 4.585837e+06
65391.333333 6.944159e+06
65939.333333 4.553185e+06
65050.666667 5.126059e+06

35032.666667 5.119273e+06
54336.666667 4.598010e+06
62031.333333 4.356155e+06
64954.000000 5.127488e+06
65292.000000 5.307161e+06
65746.000000 4.564044e+06
66584.666667 4.650599e+06
66257.333333 4.620469e+06

35404.666667 4.115313e+06
54917.333333 5.230715e+06
62517.333333 4.643130e+06
65444.666667 4.498648e+06
66186.000000 4.680213e+06
66582.000000 4.557933e+06
67058.666667 4.681859e+06
66897.333333 5.453259e+06

