816.354839 1.620183e+05
1359.903226 1.429380e+05
1566.451613 1.375159e+05
1691.741935 1.085725e+05
1670.483871 1.380746e+05
1685.645161 1.102596e+05
1690.483871 1.208704e+05
1663.354839 1.062007e+05

1693.032258 2.863786e+05
2725.387097 3.070077e+05
3131.032258 2.646245e+05
3329.870968 2.851030e+05
3333.806452 2.781203e+05
3354.193548 2.775482e+05
3412.580645 2.836885e+05
3359.967742 3.034269e+05

2566.935484 4.237714e+05
4102.161290 4.391422e+07
4793.967742 4.092751e+06
4872.709677 1.434915e+06
5015.741935 2.506821e+06
5118.774194 6.590151e+05
5114.838710 2.298900e+06
5153.774194 6.332257e+05

3490.709677 6.096302e+05
5444.580645 2.119031e+06
6296.258065 6.728362e+05
6613.677419 2.230771e+06
6725.709677 8.394500e+05
6867.258065 8.264129e+05
6741.806452 9.260703e+05
6746.741935 7.640910e+05

4421.064516 9.085448e+05
6800.032258 1.228930e+06
7801.967742 9.279225e+05
8349.645161 2.642460e+06
8437.322581 1.040568e+06
8484.064516 2.844008e+06
8468.354839 1.052638e+06
8343.967742 1.094378e+06

5278.645161 2.070394e+06
8219.580645 1.117289e+06
9481.193548 3.269449e+06
9896.870968 1.386637e+06
10088.677419 1.426256e+06
10169.161290 1.509039e+06
10108.322581 1.335527e+06
10154.709677 2.739924e+06

6104.322581 9.965693e+05
9508.096774 2.990776e+06
11278.838710 1.323667e+06
11496.645161 1.433237e+06
11818.322581 1.742299e+06
11757.064516 1.490180e+06
11897.483871 1.838621e+06
11969.838710 1.514062e+06

6992.935484 1.328845e+06
10983.741935 1.565651e+06
12651.161290 2.110480e+06
13324.451613 1.722653e+06
13392.419355 3.795947e+06
13577.387097 1.784902e+06
13607.258065 1.777803e+06
13427.000000 2.468357e+06

7742.548387 1.743095e+06
12541.806452 1.613336e+06
14182.838710 3.429779e+06
15053.806452 2.089005e+06
15182.258065 4.913495e+06
15228.516129 2.008684e+06
15095.258065 2.004452e+06
15374.032258 2.114191e+06

8760.903226 3.278864e+06
13697.225806 1.948722e+06
15869.774194 4.714977e+06
16635.354839 2.368405e+06
16842.580645 2.450853e+06
16840.935484 2.355157e+06
17041.161290 2.368394e+06
16952.032258 3.278470e+06

9718.967742 1.786534e+06
14905.161290 4.385365e+06
17590.935484 2.424179e+06
18437.322581 6.287536e+06
18330.903226 2.520369e+06
18652.032258 2.677683e+06
18677.645161 3.020663e+06
18501.225806 2.729848e+06

10612.870968 2.022983e+06
16324.129032 5.564649e+06
19109.258065 2.942594e+06
20054.387097 2.950990e+06
20129.064516 2.816018e+06
20362.387097 2.879153e+06
20230.096774 3.555652e+06
20372.677419 3.083962e+06

11497.967742 2.377748e+06
17797.419355 3.015367e+06
20743.838710 3.687420e+06
21489.419355 3.243784e+06
22030.548387 7.145390e+06
21885.193548 3.156970e+06
21894.451613 3.288850e+06
21956.387097 4.304607e+06

12261.064516 2.409909e+06
19416.677419 5.467043e+06
22349.870968 3.248405e+06
23114.387097 8.128658e+06
23661.838710 3.552817e+06
23510.935484 3.465844e+06
23696.451613 3.871703e+06
23539.870968 3.436357e+06

12997.935484 2.699416e+06
20793.580645 3.616383e+06
24006.709677 4.060216e+06
24931.483871 3.990841e+06
25150.290323 9.258074e+06
25264.677419 3.989160e+06
25323.000000 9.292222e+06
25374.677419 3.710439e+06

13871.741935 2.814129e+06
22280.741935 3.939248e+06
25424.096774 4.176723e+06
26647.774194 8.462942e+06
26869.645161 4.253798e+06
26933.354839 1.070045e+07
26987.225806 4.040470e+06
26926.387097 3.997989e+06

14790.483871 3.176609e+06
23611.741935 4.976337e+06
27117.387097 4.332658e+06
28342.580645 1.033568e+07
28408.967742 4.505407e+06
28700.096774 1.142425e+07
28702.903226 4.589207e+06
28684.741935 4.618049e+06

15793.612903 3.472004e+06
24832.129032 5.026674e+06
28905.516129 5.088987e+06
29701.677419 1.043447e+07
30241.129032 5.033067e+06
30192.354839 1.266241e+07
30357.870968 5.006079e+06
30546.806452 4.863291e+06

16662.129032 3.926197e+06
26341.806452 5.485658e+06
30333.258065 5.272887e+06
31353.935484 1.250502e+07
31983.967742 5.556957e+06
32120.290323 5.486392e+06
31815.096774 5.443774e+06
32143.032258 5.210357e+06

17638.741935 4.194659e+06
27532.580645 5.495844e+06
31880.935484 6.218540e+06
33206.677419 5.814727e+06
33507.612903 1.406399e+07
33776.483871 6.017065e+06
33839.741935 5.563611e+06
33972.709677 6.882249e+06

18484.322581 4.567204e+06
29064.935484 8.851455e+06
33474.774194 6.204787e+06
34676.741935 1.481551e+07
35388.838710 6.021756e+06
35295.225806 6.271194e+06
35501.096774 6.085118e+06
35570.193548 6.254746e+06

19336.935484 5.970196e+06
30603.096774 6.024195e+06
34997.322581 9.149290e+06
36354.483871 6.631198e+06
37039.838710 6.534412e+06
37065.645161 6.772551e+06
37120.741935 6.844447e+06
37185.516129 1.045191e+07

20290.419355 5.433973e+06
32093.387097 6.097257e+06
36499.225806 7.243225e+06
37997.322581 7.011788e+06
38605.161290 1.651492e+07
38559.096774 7.282711e+06
39096.354839 6.791329e+06
38938.225806 7.761009e+06

21043.709677 5.548229e+06
33625.580645 1.114943e+07
37893.322581 7.055467e+06
39566.709677 1.317287e+07
40470.096774 7.633787e+06
40331.451613 7.315250e+06
40622.580645 7.997328e+06
40634.677419 7.454521e+06

21927.161290 7.130609e+06
34930.548387 7.678831e+06
39551.516129 9.259044e+06
41450.096774 7.963154e+06
42069.677419 1.883434e+07
42137.612903 7.976371e+06
42225.129032 8.220596e+06
42259.741935 8.510087e+06

22828.161290 1.234752e+07
36146.032258 7.604198e+06
41310.290323 1.523662e+07
43120.322581 8.583567e+06
43662.935484 8.418903e+06
43911.322581 9.214862e+06
43759.774194 8.023890e+06
44058.064516 1.267182e+07

23831.193548 7.625330e+06
37419.451613 1.779486e+07
42798.612903 8.537105e+06
44889.161290 8.973089e+06
45009.096774 1.016949e+07
45862.451613 9.101710e+06
45655.806452 1.999927e+07
45669.451613 9.346655e+06

24727.741935 7.672758e+06
38802.483871 9.536873e+06
44441.580645 9.244260e+06
46542.354839 1.414962e+07
46714.483871 9.802755e+06
47567.419355 9.446680e+06
47363.096774 1.072824e+07
47670.032258 9.407554e+06

25824.000000 8.352039e+06
40160.612903 8.980072e+06
45806.451613 1.115941e+07
48308.451613 1.015483e+07
48477.645161 2.245907e+07
48920.129032 1.052627e+07
49155.645161 1.021748e+07
49503.516129 1.073396e+07

26859.612903 8.365967e+06
41219.903226 1.177309e+07
47513.709677 1.024388e+07
50168.354839 2.317864e+07
50205.967742 1.053565e+07
50303.290323 1.032444e+07
50922.741935 1.070500e+07
51270.774194 1.052746e+07

27735.290323 9.323896e+06
42544.903226 1.005502e+07
49150.645161 1.115188e+07
51580.354839 1.110058e+07
52200.419355 2.432911e+07
52194.322581 1.081066e+07
52538.516129 1.089408e+07
52761.677419 1.387170e+07

28618.967742 1.035864e+07
44180.548387 1.514267e+07
50429.064516 1.089712e+07
53197.129032 2.469470e+07
53914.000000 1.183490e+07
53983.258065 1.136455e+07
54410.774194 1.259521e+07
54105.774194 1.242407e+07

29428.096774 1.073064e+07
45718.096774 1.200591e+07
52144.806452 1.252842e+07
54640.387097 1.200532e+07
55582.967742 2.570746e+07
55589.903226 1.277938e+07
56311.741935 1.279251e+07
55959.387097 1.199445e+07

30135.516129 1.790283e+07
47203.129032 1.209968e+07
53867.677419 2.530569e+07
56133.483871 1.282094e+07
57088.774194 1.305933e+07
57530.161290 1.220590e+07
57843.000000 1.226582e+07
57720.225806 1.992755e+07

31060.129032 1.208427e+07
48310.483871 1.151978e+07
55886.580645 1.319300e+07
57756.967742 1.284476e+07
58738.967742 1.780782e+07
59354.516129 1.302678e+07
59363.516129 1.285300e+07
59341.935484 1.508977e+07

31954.451613 1.886876e+07
49857.419355 1.268858e+07
57397.290323 2.687734e+07
59591.193548 1.347995e+07
60402.322581 1.336392e+07
61007.387097 1.420654e+07
60885.290323 1.341616e+07
61260.225806 2.800135e+07

32893.516129 1.260903e+07
51254.000000 1.225691e+07
58874.032258 1.562801e+07
61393.161290 1.369080e+07
61997.419355 2.692425e+07
62725.838710 1.445594e+07
62616.774194 1.338191e+07
63083.419355 1.534187e+07

33884.548387 1.232902e+07
52540.548387 2.642291e+07
60323.612903 1.433814e+07
63122.870968 1.397534e+07
63595.516129 1.504303e+07
64601.387097 1.398277e+07
64319.774194 2.033908e+07
64859.483871 1.500597e+07

34706.935484 1.656836e+07
53938.225806 1.460770e+07
61966.806452 1.440665e+07
64732.193548 2.801110e+07
65222.161290 1.494220e+07
66327.000000 1.516089e+07
66046.064516 1.524809e+07
66569.225806 1.504393e+07

35488.806452 1.357347e+07
55316.225806 1.494794e+07
63797.870968 1.672060e+07
66041.258065 1.564739e+07
67322.000000 3.207753e+07
67659.483871 1.551622e+07
68092.935484 1.510847e+07
67907.548387 1.619429e+07

36320.774194 1.428054e+07
56728.516129 2.847132e+07
65320.483871 1.592632e+07
67962.741935 1.553462e+07
68993.000000 1.685761e+07
69171.870968 1.519752e+07
69903.451613 1.740422e+07
69464.967742 1.674334e+07

37267.741935 1.536703e+07
58081.129032 1.616099e+07
66761.838710 1.684270e+07
69953.161290 1.699694e+07
70654.483871 3.537145e+07
70887.000000 1.693407e+07
71649.096774 1.601409e+07
70959.645161 1.825739e+07

38207.419355 1.644448e+07
59587.096774 3.092298e+07
68317.161290 1.710389e+07
71470.903226 1.626724e+07
72269.741935 1.675772e+07
72588.838710 1.649535e+07
73557.677419 3.397980e+07
72599.032258 1.682230e+07

38948.193548 2.397196e+07
61338.870968 1.667606e+07
69714.096774 3.173145e+07
72984.516129 1.648090e+07
74072.354839 1.648469e+07
74224.419355 1.792445e+07
75112.935484 1.704941e+07
74679.064516 1.874464e+07

39805.129032 2.574470e+07
62857.838710 1.682979e+07
71226.806452 1.650218e+07
74558.741935 1.871813e+07
75830.290323 1.777719e+07
76243.806452 3.715503e+07
76353.032258 1.772956e+07
76620.806452 1.737865e+07

40717.032258 1.616491e+07
64314.741935 3.265628e+07
72628.032258 1.825115e+07
76275.451613 3.837374e+07
77526.774194 1.803848e+07
78205.064516 1.817863e+07
77678.193548 1.883361e+07
78353.451613 1.900106e+07

41629.000000 1.717044e+07
65553.419355 1.966233e+07
74417.387097 1.845073e+07
77921.709677 2.508842e+07
79007.548387 1.895134e+07
80104.290323 1.854272e+07
79369.258065 2.043520e+07
80023.903226 1.881811e+07

42532.806452 1.797540e+07
66886.193548 1.872780e+07
76001.774194 2.099998e+07
79591.580645 1.918291e+07
80861.516129 4.076113e+07
81820.741935 1.895227e+07
81013.677419 1.881488e+07
81592.580645 1.992727e+07

43377.387097 1.698124e+07
68432.580645 1.962461e+07
77617.548387 1.903709e+07
81309.741935 4.047556e+07
82276.903226 1.919960e+07
83462.774194 1.975114e+07
82950.677419 2.234454e+07
83209.612903 1.877627e+07

44260.870968 1.822214e+07
69703.516129 1.918978e+07
79520.483871 2.135427e+07
82911.967742 2.041900e+07
83647.193548 4.315843e+07
85294.387097 2.100687e+07
84941.838710 2.061712e+07
84726.838710 2.310985e+07

45202.548387 2.735923e+07
71102.935484 1.942412e+07
81082.516129 4.025257e+07
84530.677419 2.054120e+07
85579.032258 1.982531e+07
86685.548387 2.084987e+07
86643.548387 2.020191e+07
86398.806452 4.261869e+07

46011.709677 1.975966e+07
72788.129032 1.900598e+07
82309.322581 2.169275e+07
86227.096774 2.027583e+07
87602.612903 3.351422e+07
88049.322581 2.087945e+07
88358.741935 2.081965e+07
87902.580645 2.138758e+07

46727.838710 1.903819e+07
74314.645161 2.025224e+07
84011.483871 2.165282e+07
87852.000000 2.095987e+07
89519.451613 4.437427e+07
89493.258065 2.156529e+07
89816.774194 2.138155e+07
89877.161290 2.251099e+07

47703.258065 1.924451e+07
75616.129032 2.329317e+07
85619.129032 2.079336e+07
89629.838710 4.502248e+07
91118.290323 2.297281e+07
91176.129032 2.119021e+07
91432.193548 2.108673e+07
91773.677419 2.075617e+07

48565.967742 2.043583e+07
76913.548387 2.149848e+07
87384.000000 2.369529e+07
91113.387097 2.256786e+07
93036.548387 4.945213e+07
92912.258065 2.278042e+07
93258.741935 2.143409e+07
93419.516129 3.020234e+07

49585.096774 2.046276e+07
78256.645161 2.175992e+07
88883.225806 2.299735e+07
92738.129032 2.199408e+07
94918.903226 4.664685e+07
94561.354839 2.203791e+07
94858.806452 2.214246e+07
95073.096774 2.430041e+07

50487.580645 2.196818e+07
79735.483871 2.104852e+07
90427.000000 2.346188e+07
94417.935484 2.236679e+07
96544.419355 3.497853e+07
96290.935484 2.364756e+07
96405.419355 2.266789e+07
96688.580645 2.401435e+07

51488.064516 3.212915e+07
80923.290323 2.253405e+07
92121.290323 4.744391e+07
95817.870968 2.345056e+07
98301.096774 2.360647e+07
98074.258065 2.391613e+07
98177.032258 2.271460e+07
98701.064516 2.461067e+07

52440.483871 2.245395e+07
82004.483871 3.235556e+07
94113.935484 2.318619e+07
97346.967742 2.291734e+07
99813.096774 2.369443e+07
99916.129032 2.437695e+07
99760.129032 5.379696e+07
100723.903226 2.453490e+07

53296.516129 2.170957e+07
83283.516129 2.418344e+07
95839.677419 2.465894e+07
99160.451613 5.101714e+07
101217.709677 2.470797e+07
101516.709677 2.357827e+07
101663.903226 2.648076e+07
102288.225806 2.450579e+07

54162.709677 2.300196e+07
84669.483871 2.390863e+07
97423.322581 2.510675e+07
101177.000000 2.456122e+07
102635.225806 5.444071e+07
103205.838710 2.462251e+07
103523.161290 2.469083e+07
103675.354839 2.531266e+07

54943.161290 2.257438e+07
86280.096774 2.371989e+07
98754.322581 2.449806e+07
103071.838710 2.438873e+07
104293.774194 4.608097e+07
104823.322581 2.565905e+07
105433.741935 2.560061e+07
105025.806452 2.763208e+07

55940.935484 3.622804e+07
87686.032258 2.504688e+07
100289.032258 5.239021e+07
104823.419355 2.661388e+07
105951.290323 2.539385e+07
106566.709677 2.600133e+07
106830.129032 2.542580e+07
106918.225806 5.415237e+07

57057.290323 2.511234e+07
88813.903226 2.461987e+07
101963.387097 2.528455e+07
106442.838710 2.571712e+07
107789.096774 2.743251e+07
107890.935484 2.714856e+07
108704.193548 5.681696e+07
108599.838710 2.571958e+07

57855.580645 3.743643e+07
90361.516129 2.618185e+07
103500.838710 5.418916e+07
108171.903226 2.677822e+07
109300.451613 2.587769e+07
109642.741935 2.808781e+07
110598.935484 2.610323e+07
109870.322581 5.687143e+07

58705.225806 2.448113e+07
91821.419355 2.480226e+07
104955.064516 2.666197e+07
109941.870968 2.686173e+07
110908.322581 4.521754e+07
111487.741935 2.617381e+07
112244.451613 2.686953e+07
111422.774194 2.810167e+07

59530.645161 2.541824e+07
93234.483871 2.484587e+07
106647.548387 2.726366e+07
111552.483871 2.739268e+07
112604.451613 3.003069e+07
113179.161290 2.683246e+07
113852.161290 6.113201e+07
113163.322581 2.838678e+07

60658.064516 2.428386e+07
94354.161290 2.816515e+07
108452.774194 2.794721e+07
113170.032258 5.884017e+07
114228.741935 2.763120e+07
114982.967742 2.725819e+07
115429.129032 2.835983e+07
115188.612903 2.782275e+07

61702.290323 2.609577e+07
95693.774194 2.740173e+07
109799.677419 2.904686e+07
115032.838710 2.790499e+07
115783.806452 6.306165e+07
116780.677419 2.851939e+07
116915.193548 2.818397e+07
117197.483871 2.884914e+07

62516.967742 2.683830e+07
97236.322581 2.639831e+07
111085.290323 2.874374e+07
116850.548387 2.815944e+07
117552.935484 3.101574e+07
118585.967742 2.877123e+07
118524.096774 6.543851e+07
118904.612903 2.978064e+07

63282.903226 2.618210e+07
98779.645161 3.282546e+07
112539.193548 2.873934e+07
118445.806452 6.491598e+07
119315.064516 2.936853e+07
120377.387097 2.876056e+07
120236.290323 3.111413e+07
120492.129032 2.936358e+07

64117.483871 2.830659e+07
100231.451613 2.839232e+07
114228.580645 2.919446e+07
119940.193548 2.983422e+07
121108.258065 6.476829e+07
122113.903226 2.928321e+07
121691.548387 2.951060e+07
122362.741935 2.993685e+07

65099.612903 4.460545e+07
101602.000000 3.040104e+07
115938.064516 6.198475e+07
121442.709677 2.990249e+07
122658.935484 3.005887e+07
123770.548387 6.837421e+07
123397.258065 3.169766e+07
124340.806452 2.913759e+07

66127.000000 4.855996e+07
102985.516129 2.981445e+07
117623.903226 3.006624e+07
122909.903226 3.322195e+07
124188.290323 2.996940e+07
125781.225806 3.453910e+07
124824.064516 3.100201e+07
126178.000000 6.912794e+07

66968.612903 4.041787e+07
104396.870968 2.888325e+07
119412.129032 6.495280e+07
124465.032258 3.091089e+07
125890.903226 3.077467e+07
127364.870968 3.208152e+07
126625.903226 3.201559e+07
127507.354839 6.898895e+07

67950.709677 2.766300e+07
105694.193548 3.060105e+07
121060.870968 3.284090e+07
126171.709677 3.019473e+07
127486.161290 6.965414e+07
128873.032258 3.088930e+07
128799.419355 3.187981e+07
129031.612903 3.257172e+07

68854.193548 2.952491e+07
107042.741935 5.808358e+07
122767.903226 3.303255e+07
127617.387097 7.015238e+07
129143.677419 3.202331e+07
130611.096774 3.171039e+07
130632.548387 4.518252e+07
130810.612903 3.305879e+07

69602.774194 2.953650e+07
108606.483871 3.060984e+07
124404.064516 3.267951e+07
129095.225806 3.092308e+07
131094.129032 3.392938e+07
132056.032258 3.280267e+07
132354.225806 7.316422e+07
132437.838710 3.257193e+07

70369.419355 2.825484e+07
110207.419355 3.252136e+07
125949.193548 3.162279e+07
130620.225806 7.107820e+07
133145.290323 3.284983e+07
133597.709677 3.202391e+07
133856.193548 3.779453e+07
134403.387097 3.430093e+07

71277.903226 3.197309e+07
111631.419355 3.243215e+07
127616.741935 3.513472e+07
132179.677419 3.235974e+07
134858.548387 7.561876e+07
135288.064516 3.324485e+07
135642.967742 3.373683e+07
136225.774194 3.439463e+07

72222.677419 3.137658e+07
113038.064516 3.292355e+07
129150.193548 3.499690e+07
133817.096774 3.411785e+07
136455.580645 7.263039e+07
136831.129032 3.422677e+07
137670.096774 3.339536e+07
137770.612903 3.543307e+07

73242.612903 3.198873e+07
114380.870968 6.269457e+07
130751.161290 3.426488e+07
135547.741935 7.402783e+07
138087.516129 3.335557e+07
138218.032258 3.371890e+07
139670.806452 3.521739e+07
139583.387097 3.496738e+07

74034.838710 3.716540e+07
115813.741935 3.374043e+07
132410.774194 6.913374e+07
137279.580645 3.570370e+07
139956.612903 3.392937e+07
139710.741935 3.364254e+07
141342.258065 3.583436e+07
141473.032258 3.798105e+07

74881.225806 3.243220e+07
117185.935484 6.625736e+07
133973.161290 3.408029e+07
138966.967742 3.359020e+07
141716.000000 3.565841e+07
141423.064516 3.662229e+07
142714.129032 7.839724e+07
143332.774194 3.648913e+07

75712.322581 3.121588e+07
118725.677419 3.732073e+07
135447.935484 3.594349e+07
140624.935484 7.685019e+07
143285.225806 3.596340e+07
143321.225806 3.539851e+07
144302.516129 3.737847e+07
144896.838710 3.635700e+07

76636.387097 3.428352e+07
119906.483871 3.394642e+07
137315.129032 3.793612e+07
142040.774194 3.630740e+07
145065.548387 8.395201e+07
145448.838710 3.747171e+07
145749.709677 3.620248e+07
146604.032258 3.871070e+07

77467.032258 3.302516e+07
121234.967742 6.993092e+07
138999.838710 3.653105e+07
143861.161290 3.523111e+07
146551.161290 3.930874e+07
147508.322581 3.702333e+07
147126.483871 8.074674e+07
148376.419355 3.688136e+07

78349.290323 5.546698e+07
122538.645161 3.716733e+07
140558.870968 3.653248e+07
145693.645161 5.308865e+07
148036.580645 3.726441e+07
149221.000000 3.723147e+07
148877.451613 3.883767e+07
150280.161290 3.804083e+07

79235.838710 3.524065e+07
123865.612903 3.630580e+07
142167.645161 4.005786e+07
147136.064516 3.793156e+07
149952.161290 8.455434e+07
150877.935484 3.794180e+07
151050.709677 3.700217e+07
151803.451613 4.122454e+07

80228.387097 3.361738e+07
125205.483871 6.668006e+07
143804.741935 3.864435e+07
148620.419355 8.374041e+07
151879.741935 3.830496e+07
152330.967742 3.730052e+07
153131.419355 4.589815e+07
153199.580645 3.826704e+07

81287.000000 5.709087e+07
126496.451613 3.715707e+07
145316.225806 3.683717e+07
150355.387097 4.039147e+07
153553.741935 3.748782e+07
154073.483871 4.920090e+07
154797.419355 3.898194e+07
154815.709677 3.838968e+07

82210.870968 3.644881e+07
127967.838710 7.178131e+07
146664.774194 3.810200e+07
152257.903226 8.552721e+07
155175.161290 3.937299e+07
155878.580645 3.918382e+07
156291.870968 4.082501e+07
156698.290323 4.094649e+07

82982.741935 3.584603e+07
129608.129032 7.226025e+07
148147.548387 3.948884e+07
154131.354839 8.773877e+07
156606.000000 3.928651e+07
157618.193548 3.930078e+07
158094.161290 4.143278e+07
158351.290323 4.025431e+07

83897.290323 3.597466e+07
130957.838710 3.875265e+07
149725.000000 3.977243e+07
155944.290323 3.852328e+07
157901.096774 4.183826e+07
159459.774194 4.043638e+07
159843.032258 9.096901e+07
159973.451613 4.077913e+07

84830.774194 3.662335e+07
132378.032258 5.684222e+07
151281.967742 4.001378e+07
157814.193548 3.977229e+07
159205.419355 4.154256e+07
161193.580645 4.072067e+07
161639.935484 9.191187e+07
161585.580645 4.157815e+07

85802.903226 6.315160e+07
133882.322581 4.018858e+07
152676.258065 8.688325e+07
159625.709677 4.189437e+07
160690.612903 4.077791e+07
162824.548387 4.254119e+07
163435.290323 4.280690e+07
163178.612903 4.050760e+07

86718.645161 3.796373e+07
135389.741935 4.010678e+07
154185.935484 4.252726e+07
161333.967742 4.090233e+07
162455.225806 9.557955e+07
164282.612903 4.511809e+07
165363.709677 4.095220e+07
164620.612903 4.682990e+07

87569.741935 6.220908e+07
136986.967742 4.042863e+07
155564.354839 4.152732e+07
163017.258065 4.364874e+07
164321.806452 4.373494e+07
165769.580645 7.226577e+07
167207.741935 4.369341e+07
166407.677419 4.262181e+07

88628.032258 3.856527e+07
138251.000000 4.029112e+07
157079.096774 4.418917e+07
164583.677419 4.365392e+07
166218.258065 9.545378e+07
167376.709677 4.193352e+07
169059.935484 4.230147e+07
168080.322581 4.353574e+07

89584.870968 6.335754e+07
139691.903226 4.170719e+07
158632.903226 4.247688e+07
166215.677419 4.388015e+07
168119.806452 4.226736e+07
169019.032258 9.587822e+07
170583.451613 4.433645e+07
169869.290323 4.302259e+07

