823.147059 1.621980e+06
1375.176471 1.813516e+05
1572.205882 1.514211e+05
1709.529412 1.618108e+05
1680.088235 1.516914e+05
1687.117647 1.494703e+05
1699.000000 1.359277e+05
1698.294118 1.504334e+05

1710.117647 3.356858e+05
2760.382353 3.649056e+05
3156.823529 3.073072e+05
3337.735294 3.335188e+05
3399.058824 2.884229e+05
3411.000000 3.106657e+05
3429.911765 3.149026e+05
3407.588235 3.253637e+05

2589.794118 5.006551e+05
4144.382353 5.174697e+05
4817.735294 5.018179e+05
4925.500000 4.955870e+05
5087.323529 5.360492e+05
5163.823529 5.125694e+05
5131.823529 5.766881e+05
5148.147059 4.874921e+05

3513.264706 6.103929e+05
5501.529412 7.366920e+05
6349.000000 6.298964e+05
6682.941176 7.715167e+05
6779.764706 7.764308e+05
6897.617647 8.086961e+05
6809.294118 8.153460e+05
6842.264706 7.883420e+05

4451.470588 8.448801e+05
6845.029412 8.948708e+05
7889.176471 1.036054e+06
8444.382353 1.123405e+06
8479.852941 1.140444e+06
8548.823529 1.132808e+06
8576.411765 4.580058e+06
8436.058824 1.178861e+07

5323.676471 1.169139e+06
8268.147059 1.365689e+06
9573.088235 1.872092e+06
9991.000000 1.678584e+06
10176.941176 3.681214e+06
10279.411765 1.709160e+06
10194.764706 1.832340e+06
10254.823529 2.201937e+06

6147.705882 1.537658e+06
9599.764706 3.854067e+06
11393.500000 1.779808e+06
11569.058824 2.038134e+06
11906.088235 2.563655e+06
11889.823529 1.958204e+06
12018.676471 2.731529e+06
12046.176471 2.022915e+06

7049.794118 1.626741e+06
11072.911765 3.517907e+06
12742.294118 2.094417e+06
13478.382353 4.825609e+06
13524.176471 2.307709e+06
13721.970588 2.221304e+06
13706.382353 2.540733e+06
13520.970588 2.139609e+06

7788.470588 1.844188e+06
12647.764706 4.462241e+06
14292.411765 2.408230e+06
15159.735294 5.071717e+06
15349.588235 2.615028e+06
15349.323529 2.691340e+06
15197.411765 2.667491e+06
15457.117647 2.435133e+06

8820.323529 2.097381e+06
13828.176471 4.816379e+06
16020.294118 3.047966e+06
16747.147059 6.039710e+06
16981.205882 2.804469e+06
16960.735294 2.831144e+06
17177.294118 2.969840e+06
17109.029412 2.706739e+06

9788.735294 2.344636e+06
15031.264706 4.798903e+06
17734.647059 3.097958e+06
18617.147059 5.627298e+06
18523.352941 3.076212e+06
18799.617647 3.144762e+06
18773.617647 3.319764e+06
18635.235294 3.076415e+06

10703.235294 2.557548e+06
16427.176471 3.292578e+06
19270.470588 3.565530e+06
20234.235294 3.523819e+06
20322.735294 6.258885e+06
20540.588235 3.676657e+06
20349.470588 7.497494e+06
20507.382353 3.511649e+06

11574.941176 2.937356e+06
17954.764706 3.393010e+06
20876.529412 4.299237e+06
21718.823529 4.006002e+06
22227.941176 6.328067e+06
22039.911765 4.039169e+06
22069.911765 4.056036e+06
22132.323529 4.503110e+06

12331.352941 2.859814e+06
19569.382353 6.211355e+06
22526.176471 4.098277e+06
23324.941176 9.062303e+06
23821.205882 4.378426e+06
23705.941176 4.543690e+06
23900.323529 4.825802e+06
23734.911765 4.262560e+06

13087.235294 3.365945e+06
20943.970588 4.331702e+06
24221.794118 4.795535e+06
25153.411765 4.692608e+06
25331.794118 9.839403e+06
25429.235294 4.735778e+06
25480.882353 1.048499e+07
25615.470588 4.708903e+06

13975.235294 5.819975e+06
22414.882353 4.263588e+06
25667.941176 9.782300e+06
26876.705882 5.099613e+06
27023.000000 1.146202e+07
27157.676471 5.299208e+06
27215.529412 5.212860e+06
27180.911765 5.582593e+06

14898.911765 3.812419e+06
23774.088235 4.794587e+06
27321.588235 6.197591e+06
28558.558824 5.649209e+06
28620.852941 1.112244e+07
28895.617647 5.474631e+06
29023.382353 5.819257e+06
28945.911765 5.638867e+06

15885.382353 5.297283e+06
25048.970588 5.070563e+06
29132.176471 5.588486e+06
29966.323529 1.140259e+07
30458.147059 6.147262e+06
30475.764706 1.580769e+07
30603.911765 6.113314e+06
30896.323529 6.141061e+06

16778.529412 8.178083e+06
26543.000000 5.547800e+06
30613.441176 1.312955e+07
31675.235294 6.551761e+06
32179.088235 6.719020e+06
32381.000000 6.600645e+06
32199.323529 6.729137e+06
32450.235294 1.121962e+07

17761.647059 5.728202e+06
27748.000000 1.202604e+07
32153.705882 7.295987e+06
33477.764706 1.493323e+07
33740.970588 7.147551e+06
34050.823529 6.890257e+06
34123.558824 7.319938e+06
34273.264706 6.918612e+06

18631.147059 6.636595e+06
29272.764706 6.972835e+06
33738.264706 8.316455e+06
34936.147059 7.850544e+06
35639.852941 1.638708e+07
35617.794118 7.771393e+06
35854.529412 1.690373e+07
35866.147059 7.662743e+06

19460.117647 6.268776e+06
30838.794118 7.928945e+06
35299.882353 8.333013e+06
36626.000000 1.513640e+07
37326.882353 8.472218e+06
37406.294118 1.755619e+07
37538.500000 8.181981e+06
37518.088235 8.544790e+06

20425.352941 7.114934e+06
32348.500000 1.296033e+07
36845.029412 8.611664e+06
38266.500000 1.805569e+07
38925.676471 8.824320e+06
38895.088235 1.891499e+07
39470.617647 9.090207e+06
39261.088235 9.103415e+06

21211.676471 7.978411e+06
33894.205882 1.372976e+07
38221.764706 9.125158e+06
39851.735294 1.877949e+07
40777.676471 9.509718e+06
40760.117647 2.059046e+07
40989.058824 1.003759e+07
41008.352941 1.002319e+07

22101.911765 7.913884e+06
35196.029412 1.347174e+07
39861.323529 9.770956e+06
41743.705882 2.070031e+07
42469.441176 1.012832e+07
42577.470588 2.071503e+07
42603.852941 9.980932e+06
42735.500000 9.908587e+06

22998.117647 9.018461e+06
36403.000000 1.575733e+07
41644.705882 1.053254e+07
43450.823529 2.121680e+07
44032.882353 1.108237e+07
44315.676471 1.378153e+07
44194.676471 1.113779e+07
44475.852941 1.083757e+07

24010.294118 9.508431e+06
37717.088235 1.127860e+07
43166.705882 1.183360e+07
45186.000000 1.134899e+07
45410.588235 2.299211e+07
46256.470588 1.177635e+07
46028.323529 1.135982e+07
46105.382353 1.515470e+07

24919.647059 1.030793e+07
39115.382353 1.090905e+07
44815.205882 1.249410e+07
46882.705882 1.224543e+07
47106.705882 2.340888e+07
47961.558824 1.249051e+07
47852.794118 2.471914e+07
48042.529412 1.248864e+07

26010.382353 1.112162e+07
40455.147059 2.951122e+07
46190.088235 1.244171e+07
48601.970588 1.328708e+07
48952.088235 1.380863e+07
49380.764706 1.282193e+07
49547.823529 2.346944e+07
49940.588235 1.308979e+07

27077.176471 1.131633e+07
41524.794118 1.248452e+07
47905.117647 1.372489e+07
50515.411765 1.330387e+07
50649.323529 1.547028e+07
50792.617647 1.435323e+07
51403.676471 2.663264e+07
51633.235294 1.359126e+07

27964.147059 1.883434e+07
42858.882353 1.349401e+07
49567.705882 2.506266e+07
51993.029412 1.433162e+07
52666.294118 1.385055e+07
52728.941176 1.543501e+07
53013.205882 1.426281e+07
53077.176471 1.555839e+07

28833.911765 1.196501e+07
44538.441176 1.524613e+07
50859.411765 1.495923e+07
53570.529412 2.717622e+07
54423.352941 1.501026e+07
54484.352941 2.811380e+07
54890.764706 1.502667e+07
54453.823529 1.464074e+07

29666.794118 1.306762e+07
46075.088235 1.493836e+07
52602.235294 1.588491e+07
55007.352941 1.497589e+07
56054.676471 2.815050e+07
56123.411765 1.590804e+07
56770.588235 2.951613e+07
56277.147059 1.550359e+07

30320.235294 1.448898e+07
47576.117647 1.483345e+07
54322.088235 1.710527e+07
56603.000000 1.547952e+07
57620.970588 1.698395e+07
57992.970588 1.619547e+07
58315.882353 3.066131e+07
58031.176471 1.713079e+07

31288.382353 1.374751e+07
48741.705882 1.689338e+07
56293.882353 1.714628e+07
58282.029412 3.128250e+07
59172.911765 1.720550e+07
59930.264706 1.732094e+07
59801.382353 1.675284e+07
59785.558824 1.642030e+07

32206.882353 1.571653e+07
50271.000000 1.646884e+07
57766.205882 1.806740e+07
60013.764706 1.747882e+07
60915.117647 3.280941e+07
61568.558824 1.753693e+07
61357.823529 3.238929e+07
61634.264706 1.751919e+07

33131.441176 1.598033e+07
51638.470588 2.375969e+07
59327.352941 1.687747e+07
61864.411765 3.365749e+07
62590.676471 1.798993e+07
63291.147059 1.749765e+07
63093.735294 1.840458e+07
63496.441176 1.786478e+07

34126.823529 1.875156e+07
52963.970588 1.777636e+07
60742.294118 2.199183e+07
63694.411765 1.812338e+07
64194.794118 3.578985e+07
65162.029412 1.846016e+07
64742.264706 1.809307e+07
65261.470588 2.009550e+07

34953.911765 1.713332e+07
54352.000000 2.834039e+07
62412.088235 1.936235e+07
65271.558824 3.589811e+07
65917.676471 1.892493e+07
66839.941176 1.889259e+07
66566.000000 1.893004e+07
67035.823529 1.895629e+07

35758.441176 1.992147e+07
55760.882353 1.893839e+07
64290.823529 3.553793e+07
66628.941176 1.897270e+07
67918.823529 1.940393e+07
68263.088235 1.972029e+07
68560.029412 1.991977e+07
68383.882353 2.738734e+07

36605.088235 1.939992e+07
57136.382353 1.874710e+07
65872.911765 2.135367e+07
68471.823529 1.874613e+07
69662.588235 3.715547e+07
69707.705882 2.033917e+07
70397.852941 1.921378e+07
69878.500000 2.337979e+07

37524.588235 2.646220e+07
58583.058824 2.000466e+07
67301.705882 3.840312e+07
70478.500000 1.969109e+07
71281.764706 2.089859e+07
71448.294118 3.831466e+07
72175.911765 2.077653e+07
71428.470588 2.164270e+07

38471.264706 1.913019e+07
60093.470588 3.207252e+07
68808.411765 2.043518e+07
72040.911765 4.024601e+07
72917.323529 2.162479e+07
73079.647059 2.203353e+07
74070.852941 2.175407e+07
73129.911765 2.153052e+07

39241.058824 2.038076e+07
61801.970588 2.123223e+07
70206.029412 2.391570e+07
73591.264706 2.201969e+07
74786.058824 4.077621e+07
74785.500000 2.139208e+07
75642.588235 3.338603e+07
75216.352941 2.206139e+07

40095.882353 2.860359e+07
63348.323529 2.470985e+07
71815.441176 2.195837e+07
75139.147059 4.116641e+07
76534.117647 2.252885e+07
76818.147059 4.364268e+07
76832.970588 2.372384e+07
77120.235294 2.205294e+07

41025.823529 2.160226e+07
64803.529412 2.255203e+07
73167.058824 2.874706e+07
76894.000000 2.367510e+07
78246.411765 4.603242e+07
78756.176471 2.284141e+07
78335.705882 2.314517e+07
78887.911765 4.178068e+07

41946.764706 2.121608e+07
66030.235294 2.177597e+07
74941.970588 2.491677e+07
78626.323529 2.344533e+07
79738.617647 3.763147e+07
80680.323529 2.364521e+07
79896.088235 4.701142e+07
80544.735294 2.430793e+07

42839.735294 2.184729e+07
67416.058824 3.802261e+07
76528.882353 2.428158e+07
80277.705882 4.814467e+07
81542.294118 2.418798e+07
82450.147059 2.321716e+07
81532.058824 2.382532e+07
82157.970588 2.478833e+07

43704.352941 2.432094e+07
68909.323529 2.495877e+07
78199.176471 2.468476e+07
82006.647059 2.523875e+07
82994.852941 4.880991e+07
84164.147059 2.586701e+07
83529.441176 2.454463e+07
83798.088235 2.530889e+07

44593.088235 3.230982e+07
70222.764706 2.406401e+07
80102.323529 4.624276e+07
83620.588235 2.636597e+07
84445.529412 2.449338e+07
85874.588235 2.685721e+07
85481.617647 2.434983e+07
85336.970588 3.872743e+07

45549.411765 2.398504e+07
71561.264706 2.376851e+07
81676.647059 2.718985e+07
85246.676471 2.466294e+07
86336.058824 4.712870e+07
87276.558824 2.608225e+07
87287.411765 5.271742e+07
87126.470588 2.623781e+07

46341.058824 3.403535e+07
73305.441176 2.684536e+07
83043.794118 4.879826e+07
86971.058824 2.642811e+07
88357.470588 2.628749e+07
88644.264706 2.808061e+07
88985.294118 2.610172e+07
88592.029412 5.134886e+07

47105.323529 2.484509e+07
74831.735294 2.679235e+07
84616.029412 2.729231e+07
88602.352941 2.611898e+07
90238.941176 5.080239e+07
90208.676471 2.760445e+07
90405.382353 2.626048e+07
90500.852941 2.827524e+07

48040.852941 2.529359e+07
76213.882353 2.869881e+07
86227.617647 2.647031e+07
90385.500000 5.269275e+07
91807.705882 2.740157e+07
91867.970588 2.698793e+07
92117.676471 3.128229e+07
92442.764706 2.750371e+07

48890.941176 2.620473e+07
77488.029412 2.743335e+07
88062.647059 2.859113e+07
91875.647059 2.863498e+07
93767.705882 4.776649e+07
93567.441176 2.897343e+07
93904.764706 5.718145e+07
94175.176471 2.850830e+07

49904.970588 3.644304e+07
78892.882353 2.811782e+07
89591.382353 5.299751e+07
93535.235294 2.875246e+07
95639.941176 2.787294e+07
95156.382353 2.965277e+07
95610.235294 2.822800e+07
95761.852941 5.371244e+07

50826.205882 2.688101e+07
80313.470588 2.755805e+07
91169.705882 2.875365e+07
95130.058824 2.818220e+07
97299.617647 3.090445e+07
97023.705882 2.940735e+07
97147.617647 2.925088e+07
97425.764706 2.893898e+07

51866.764706 3.859486e+07
81508.470588 2.842029e+07
92840.647059 5.735859e+07
96673.588235 3.023169e+07
99022.970588 3.042802e+07
98797.441176 5.105934e+07
98918.823529 3.035313e+07
99403.529412 2.911432e+07

52821.764706 2.753366e+07
82596.235294 3.895468e+07
94817.058824 3.024522e+07
98196.470588 3.017424e+07
100531.117647 6.164274e+07
100625.352941 3.077155e+07
100476.235294 2.997569e+07
101469.441176 3.142944e+07

53684.911765 3.992318e+07
83840.970588 3.024833e+07
96687.647059 5.621336e+07
100013.323529 3.135120e+07
101989.647059 6.319062e+07
102229.235294 3.093248e+07
102479.029412 3.077495e+07
103053.088235 6.099370e+07

54575.529412 2.964888e+07
85297.294118 3.100052e+07
98163.617647 3.186788e+07
102008.617647 3.142033e+07
103428.500000 6.187999e+07
103872.970588 3.195705e+07
104315.794118 3.182993e+07
104394.705882 3.233775e+07

55316.794118 2.866213e+07
86928.147059 3.628548e+07
99603.617647 3.190185e+07
103931.705882 6.317989e+07
105151.735294 3.270577e+07
105522.529412 3.169127e+07
106194.147059 4.029316e+07
105813.029412 3.257382e+07

56362.294118 2.998396e+07
88335.617647 3.051223e+07
101142.382353 3.284257e+07
105612.941176 3.259668e+07
106735.852941 6.520964e+07
107260.205882 3.357732e+07
107651.382353 3.159669e+07
107726.411765 3.525952e+07

57455.588235 2.960420e+07
89503.294118 3.373118e+07
102691.617647 3.285077e+07
107412.764706 6.581350e+07
108590.235294 3.404287e+07
108727.470588 3.275739e+07
109520.029412 3.781336e+07
109350.911765 3.355168e+07

58251.441176 3.177842e+07
91088.176471 3.240648e+07
104339.117647 3.625095e+07
109110.029412 3.369101e+07
110090.470588 6.587302e+07
110383.058824 3.583207e+07
111486.676471 7.028276e+07
110728.794118 3.465732e+07

59098.911765 3.184065e+07
92520.558824 4.279400e+07
105902.029412 3.454897e+07
110815.617647 6.936813e+07
111703.147059 3.532579e+07
112334.558824 3.450241e+07
113150.235294 5.053547e+07
112259.529412 3.495138e+07

59924.529412 3.200699e+07
93948.617647 6.188160e+07
107531.911765 3.503805e+07
112555.205882 3.478729e+07
113398.529412 3.661060e+07
114006.294118 3.486759e+07
114783.058824 7.157138e+07
114077.647059 3.568978e+07

61107.323529 3.231794e+07
95034.147059 6.241860e+07
109305.029412 3.573923e+07
114106.323529 3.580947e+07
115112.735294 3.727679e+07
115754.941176 3.624119e+07
116301.882353 7.258876e+07
116016.529412 3.622298e+07

62168.823529 3.339549e+07
96381.441176 3.363429e+07
110665.205882 3.604214e+07
115884.382353 3.549160e+07
116697.764706 3.730788e+07
117665.176471 3.687860e+07
117762.441176 7.444016e+07
118045.911765 3.613670e+07

62989.264706 3.345646e+07
97939.235294 3.685213e+07
111893.352941 3.661763e+07
117837.264706 7.336288e+07
118331.735294 3.773077e+07
119510.970588 3.665715e+07
119483.029412 4.340273e+07
119799.441176 3.785784e+07

63719.470588 3.468471e+07
99526.529412 3.737975e+07
113451.088235 3.813992e+07
119413.500000 3.873311e+07
120090.705882 7.457839e+07
121293.117647 3.841728e+07
121123.235294 7.719710e+07
121404.970588 3.820232e+07

64528.264706 3.592664e+07
100934.941176 3.612238e+07
115136.735294 3.840076e+07
120936.970588 3.749478e+07
121977.000000 5.040957e+07
123035.705882 3.828730e+07
122716.794118 7.783284e+07
123191.617647 3.846512e+07

65523.500000 3.460856e+07
102366.588235 3.872651e+07
116856.088235 3.897369e+07
122406.441176 7.465652e+07
123604.705882 3.879005e+07
124728.705882 3.874074e+07
124245.941176 3.917897e+07
125194.294118 3.915043e+07

66575.852941 3.585597e+07
103716.147059 3.782194e+07
118636.970588 3.997043e+07
123856.500000 3.976314e+07
125193.676471 7.999484e+07
126665.676471 3.874536e+07
125790.852941 3.873894e+07
126950.588235 4.354348e+07

67492.588235 3.602393e+07
105105.088235 4.040015e+07
120382.705882 4.027992e+07
125400.470588 7.680641e+07
126834.588235 4.035129e+07
128305.558824 3.944530e+07
127628.470588 4.202158e+07
128297.823529 4.156881e+07

68444.147059 3.677529e+07
106458.882353 3.884520e+07
122010.852941 4.362012e+07
127075.588235 4.082679e+07
128410.058824 8.297017e+07
129858.058824 4.114286e+07
129776.147059 4.044232e+07
129943.441176 4.867744e+07

69306.294118 3.602464e+07
107832.500000 4.235911e+07
123733.558824 4.314109e+07
128719.794118 8.158157e+07
130099.558824 4.123788e+07
131611.176471 4.224560e+07
131634.147059 5.305676e+07
131710.794118 4.297609e+07

70079.588235 3.891822e+07
109392.911765 4.078500e+07
125448.058824 4.426831e+07
130081.705882 4.101226e+07
132105.588235 8.465497e+07
133103.500000 4.224169e+07
133279.235294 4.108258e+07
133416.970588 4.384667e+07

70845.500000 5.986253e+07
111066.117647 4.252696e+07
126994.176471 4.172025e+07
131689.882353 4.970196e+07
134121.029412 4.316287e+07
134663.264706 8.950151e+07
134883.941176 4.426678e+07
135211.411765 4.409980e+07

71742.911765 3.903297e+07
112483.176471 4.208523e+07
128599.117647 4.520930e+07
133274.764706 4.279668e+07
135795.558824 8.892857e+07
136312.500000 4.487789e+07
136655.529412 4.293769e+07
137136.205882 4.900317e+07

72741.823529 3.896275e+07
113810.852941 7.518209e+07
130230.735294 4.376644e+07
134857.558824 8.778943e+07
137466.382353 4.424126e+07
137974.882353 4.376550e+07
138691.176471 9.157138e+07
138749.941176 4.478097e+07

73749.147059 3.955447e+07
115215.558824 4.385517e+07
131750.823529 4.351503e+07
136546.852941 8.679495e+07
139106.058824 4.548242e+07
139359.058824 9.220720e+07
140697.088235 4.491156e+07
140552.235294 4.522376e+07

74569.235294 4.121630e+07
116649.235294 4.282491e+07
133422.911765 4.753208e+07
138355.294118 4.500468e+07
140887.205882 9.373358e+07
140846.294118 4.592537e+07
142293.029412 4.491695e+07
142391.705882 4.712576e+07

75418.588235 4.208968e+07
118087.323529 4.312940e+07
135002.058824 4.649773e+07
140068.205882 4.567488e+07
142640.058824 8.350758e+07
142566.794118 4.647691e+07
143740.794118 4.533683e+07
144291.294118 4.607781e+07

76256.823529 4.131004e+07
119575.764706 4.558164e+07
136543.470588 4.537372e+07
141696.470588 9.332665e+07
144374.529412 4.839399e+07
144492.441176 4.630116e+07
145296.735294 5.285814e+07
146035.970588 4.757932e+07

77186.588235 4.325641e+07
120822.617647 4.537398e+07
138414.176471 4.808716e+07
143158.294118 4.750523e+07
146106.764706 9.953456e+07
146509.382353 4.890504e+07
146686.676471 4.710984e+07
147677.823529 4.929852e+07

78003.441176 4.199863e+07
122120.794118 7.869537e+07
140092.205882 4.678007e+07
144959.382353 9.552186e+07
147620.647059 4.762757e+07
148643.352941 4.748947e+07
148289.441176 6.075849e+07
149485.617647 4.893858e+07

78920.323529 4.525916e+07
123377.352941 4.677217e+07
141744.088235 4.916482e+07
146748.029412 4.751202e+07
149164.205882 1.028326e+08
150396.264706 4.823166e+07
149994.323529 4.799298e+07
151303.411765 4.953908e+07

79821.588235 4.366707e+07
124771.147059 5.099206e+07
143347.382353 4.722288e+07
148222.176471 9.797546e+07
151105.941176 5.002125e+07
151999.676471 1.037293e+08
152123.558824 4.984108e+07
152865.441176 4.892717e+07

80748.852941 7.395574e+07
126133.647059 5.060519e+07
145005.441176 5.069983e+07
149821.588235 5.225012e+07
153016.852941 4.960638e+07
153608.441176 1.045176e+08
154135.588235 5.107715e+07
154257.294118 4.942694e+07

81877.852941 4.627859e+07
127382.823529 4.866680e+07
146477.147059 5.159292e+07
151519.176471 5.100252e+07
154743.323529 1.086002e+08
155242.558824 5.194841e+07
155817.911765 5.219073e+07
155972.117647 1.078704e+08

82835.970588 6.941179e+07
128939.941176 4.924100e+07
147776.294118 1.047308e+08
153414.441176 5.174274e+07
156250.676471 5.014521e+07
156979.882353 1.109256e+08
157426.470588 5.193016e+07
157789.852941 4.966980e+07

83584.235294 4.897930e+07
130534.705882 5.083919e+07
149391.235294 5.308219e+07
155228.794118 5.203875e+07
157676.500000 1.085534e+08
158852.352941 5.206104e+07
159234.647059 5.146550e+07
159495.911765 5.704565e+07

84460.911765 4.689824e+07
131957.058824 9.171633e+07
150887.441176 5.134498e+07
157071.705882 5.135064e+07
159086.676471 5.563622e+07
160677.558824 5.274941e+07
161028.705882 1.102429e+08
161145.764706 5.318132e+07

85409.735294 4.601125e+07
133333.588235 9.264732e+07
152497.764706 5.172364e+07
158975.823529 5.150442e+07
160407.411765 5.441407e+07
162385.000000 5.226176e+07
162779.941176 1.090680e+08
162726.411765 5.337236e+07

86389.205882 4.647108e+07
134884.882353 5.427988e+07
153940.058824 5.249962e+07
160763.323529 1.007685e+08
161942.264706 5.393404e+07
164037.323529 1.137031e+08
164604.117647 5.525928e+07
164397.941176 5.407614e+07

87300.352941 5.098351e+07
136381.088235 5.294046e+07
155475.970588 5.655817e+07
162515.117647 5.302427e+07
163695.764706 1.159793e+08
165449.352941 5.465331e+07
166530.382353 5.439147e+07
165906.735294 5.479280e+07

88179.823529 7.678994e+07
138030.852941 5.461847e+07
156761.029412 5.214388e+07
164268.264706 6.536883e+07
165496.382353 5.494651e+07
166965.617647 1.163346e+08
168473.852941 5.581906e+07
167552.058824 5.557874e+07

89280.705882 5.038931e+07
139278.117647 5.262221e+07
158302.294118 5.687441e+07
166004.764706 5.534359e+07
167423.676471 1.168508e+08
168623.441176 5.590933e+07
170233.735294 5.501540e+07
169335.411765 5.843995e+07

90254.147059 5.066470e+07
140708.676471 5.268073e+07
159830.764706 5.510525e+07
167484.500000 5.611144e+07
169332.558824 5.850194e+07
170252.970588 5.758901e+07
171755.352941 1.203023e+08
171036.088235 5.660093e+07

