823.833333 1.768765e+05
1367.527778 1.671627e+05
1583.638889 1.624499e+05
1709.388889 1.295704e+05
1692.388889 1.305039e+05
1725.388889 1.363449e+05
1698.583333 1.307116e+05
1657.861111 1.170679e+08

1711.638889 2.585922e+05
2752.222222 5.877465e+05
3182.111111 2.790229e+05
3374.611111 9.567305e+05
3392.527778 3.291248e+05
3352.805556 3.385024e+05
3401.888889 5.934064e+05
3378.138889 3.309274e+05

2589.111111 5.365760e+05
4153.027778 1.396744e+06
4838.777778 5.969952e+05
4925.166667 1.648703e+06
5043.500000 5.813678e+05
5120.083333 6.205847e+05
5113.472222 8.823323e+05
5167.055556 6.068945e+05

3520.250000 6.662975e+05
5506.583333 1.940035e+06
6378.888889 7.590603e+05
6636.611111 2.126934e+06
6750.000000 8.770882e+05
6887.583333 9.003080e+05
6807.694444 1.039620e+06
6798.138889 9.412308e+05

4464.583333 1.023817e+06
6858.500000 1.730317e+06
7877.444444 1.097261e+06
8431.888889 1.902558e+06
8445.500000 1.210455e+06
8525.583333 2.566025e+06
8547.305556 1.195393e+06
8421.861111 1.250842e+06

5326.305556 2.565050e+06
8310.500000 1.225422e+06
9541.972222 3.029631e+06
9971.111111 1.543014e+06
10150.972222 3.335076e+06
10249.250000 1.501326e+06
10173.777778 1.643815e+06
10284.000000 2.105430e+06

6161.972222 1.311531e+06
9590.055556 1.510379e+06
11383.694444 2.066648e+06
11560.750000 1.827534e+06
11863.000000 3.760115e+06
11882.277778 1.863917e+06
12031.833333 5.751158e+06
12034.055556 1.953163e+06

7052.277778 1.620059e+06
11090.500000 3.535810e+06
12700.888889 2.060351e+06
13449.611111 4.625872e+06
13484.611111 2.314607e+06
13712.583333 2.318848e+06
13727.222222 2.797197e+06
13552.138889 2.303794e+06

7800.777778 1.939730e+06
12635.111111 2.718945e+06
14297.694444 2.452129e+06
15144.555556 5.259404e+06
15337.111111 2.708506e+06
15347.944444 2.686861e+06
15236.416667 2.864420e+06
15565.750000 2.662330e+06

8847.055556 2.228370e+06
13816.972222 4.298905e+06
15989.666667 2.917729e+06
16713.583333 5.668516e+06
16993.083333 2.983959e+06
16975.166667 3.022730e+06
17285.111111 3.257030e+06
17167.472222 2.938647e+06

9806.750000 2.419814e+06
15028.972222 2.882543e+06
17700.444444 3.617510e+06
18569.888889 3.285561e+06
18515.416667 6.257547e+06
18816.194444 3.265527e+06
18897.888889 6.929917e+06
18706.361111 3.278443e+06

10706.944444 2.375426e+06
16434.527778 2.980900e+06
19243.861111 3.826515e+06
20207.166667 3.637372e+06
20313.083333 6.982131e+06
20580.694444 3.758909e+06
20464.694444 3.739663e+06
20610.861111 3.924139e+06

11596.722222 2.826078e+06
17935.611111 3.862361e+06
20883.222222 3.777120e+06
21676.305556 7.696515e+06
22212.861111 4.084638e+06
22147.611111 8.668414e+06
22185.833333 4.076360e+06
22221.500000 4.153976e+06

12358.666667 5.076237e+06
19555.083333 3.785142e+06
22511.555556 7.774633e+06
23322.888889 4.369977e+06
23879.583333 9.784368e+06
23819.611111 4.591610e+06
23999.222222 4.585408e+06
23801.722222 4.991150e+06

13116.972222 3.214815e+06
20964.111111 4.379372e+06
24171.694444 4.334124e+06
25151.555556 9.343559e+06
25417.472222 4.927349e+06
25531.583333 1.034087e+07
25630.805556 4.948455e+06
25672.027778 5.081889e+06

13995.666667 3.913802e+06
22434.805556 8.492055e+06
25643.111111 5.047933e+06
26858.083333 1.106725e+07
27110.500000 5.455180e+06
27315.944444 5.492065e+06
27277.111111 6.004369e+06
27251.444444 5.557944e+06

14921.777778 4.433233e+06
23786.888889 5.433008e+06
27308.638889 6.075164e+06
28572.166667 5.869439e+06
28723.194444 1.171490e+07
29008.888889 5.970987e+06
29073.000000 1.270759e+07
28960.555556 5.865906e+06

15909.138889 4.758634e+06
25056.000000 5.831519e+06
29093.250000 6.155155e+06
30010.500000 1.256121e+07
30568.944444 6.716109e+06
30601.166667 1.381351e+07
30705.722222 6.520180e+06
30890.000000 6.603995e+06

16806.055556 5.209122e+06
26564.277778 7.876399e+06
30569.611111 6.598898e+06
31657.083333 1.428987e+07
32319.944444 7.148258e+06
32482.861111 1.442308e+07
32248.444444 7.143454e+06
32457.250000 7.122845e+06

17803.638889 6.350650e+06
27775.444444 9.515277e+06
32131.805556 7.620332e+06
33493.083333 1.515360e+07
33912.416667 7.592383e+06
34123.111111 7.598140e+06
34189.472222 8.088298e+06
34270.583333 7.917537e+06

18650.888889 6.760231e+06
29296.583333 7.624048e+06
33728.888889 9.030951e+06
35017.388889 8.648430e+06
35743.611111 1.513968e+07
35721.111111 8.391582e+06
35867.638889 1.706708e+07
35869.222222 8.514885e+06

19472.722222 7.695852e+06
30888.277778 8.039233e+06
35285.194444 9.256115e+06
36711.750000 8.732336e+06
37416.694444 1.023965e+07
37476.888889 9.206726e+06
37553.555556 1.793908e+07
37497.694444 9.081197e+06

20452.444444 7.869477e+06
32362.250000 8.597291e+06
36825.444444 9.367652e+06
38312.444444 9.442000e+06
39057.361111 1.101263e+07
38986.722222 9.695252e+06
39463.027778 1.895174e+07
39288.527778 1.019604e+07

21239.305556 8.244754e+06
33894.611111 9.839301e+06
38226.333333 9.739765e+06
39980.416667 1.877008e+07
40967.944444 1.045069e+07
40742.972222 1.055850e+07
40996.861111 1.056550e+07
40993.527778 1.052542e+07

22129.527778 9.397765e+06
35198.916667 1.052340e+07
39902.055556 1.147093e+07
41863.694444 1.108039e+07
42567.027778 2.059757e+07
42587.250000 1.146615e+07
42572.250000 2.108892e+07
42701.222222 1.118352e+07

23039.888889 9.769549e+06
36434.638889 1.652160e+07
41647.166667 1.144961e+07
43568.388889 2.142992e+07
44135.861111 1.199753e+07
44386.916667 2.230899e+07
44181.861111 1.188545e+07
44466.055556 1.155231e+07

24029.444444 1.052407e+07
37752.277778 1.829110e+07
43195.250000 1.194208e+07
45367.250000 2.242550e+07
45558.416667 1.252843e+07
46260.722222 2.284147e+07
46008.333333 1.255549e+07
46146.222222 1.252873e+07

24946.750000 1.160210e+07
39124.500000 1.208389e+07
44825.027778 1.378475e+07
47023.222222 1.312699e+07
47250.500000 2.425578e+07
47971.777778 1.314565e+07
47791.416667 1.295016e+07
48074.611111 1.435938e+07

26043.611111 1.196324e+07
40487.138889 2.173182e+07
46192.333333 1.378732e+07
48804.527778 1.369860e+07
49056.333333 1.458885e+07
49377.138889 1.396572e+07
49609.555556 1.686077e+07
49963.722222 1.417280e+07

27078.166667 1.265386e+07
41582.916667 1.399233e+07
47957.388889 1.462196e+07
50653.888889 1.443552e+07
50700.000000 2.599636e+07
50891.416667 1.450423e+07
51333.694444 2.697875e+07
51621.055556 1.479839e+07

27997.472222 1.816779e+07
42888.250000 1.457369e+07
49557.027778 2.576708e+07
52156.888889 1.465186e+07
52703.305556 2.827535e+07
52705.611111 1.565663e+07
53047.750000 1.514635e+07
53121.583333 2.691560e+07

28862.722222 1.392883e+07
44587.222222 1.447862e+07
50855.250000 1.638415e+07
53708.361111 1.576407e+07
54549.972222 2.835357e+07
54472.000000 1.601062e+07
54941.527778 1.546054e+07
54581.222222 1.684739e+07

29696.916667 1.391189e+07
46122.083333 2.311502e+07
52629.472222 1.602702e+07
55173.611111 2.841423e+07
56130.111111 1.611693e+07
56144.888889 1.593246e+07
56707.194444 1.648201e+07
56421.305556 1.634190e+07

30390.888889 1.529154e+07
47640.083333 1.584004e+07
54338.750000 1.708891e+07
56750.777778 1.695312e+07
57719.833333 3.120623e+07
58093.638889 1.660701e+07
58329.694444 1.726167e+07
58211.055556 1.834079e+07

31344.361111 1.567423e+07
48752.611111 2.327536e+07
56356.250000 1.737132e+07
58388.972222 3.100677e+07
59267.777778 1.727791e+07
59962.444444 1.712689e+07
59789.638889 1.778711e+07
59963.750000 1.760739e+07

32239.555556 1.735650e+07
50292.138889 1.713440e+07
57894.805556 1.820001e+07
60176.361111 1.825094e+07
60987.055556 3.270604e+07
61601.694444 1.783860e+07
61421.805556 1.737951e+07
61813.944444 1.875334e+07

33172.166667 2.264103e+07
51679.750000 1.856635e+07
59425.250000 3.353460e+07
61959.500000 1.865121e+07
62574.027778 1.854576e+07
63340.194444 1.851063e+07
63194.916667 1.873651e+07
63686.333333 3.373669e+07

34171.111111 1.791453e+07
53010.888889 1.775997e+07
60882.888889 1.918822e+07
63783.750000 1.931715e+07
64232.611111 3.301796e+07
65143.416667 1.915677e+07
64905.388889 3.463218e+07
65478.333333 1.890996e+07

35004.222222 1.793864e+07
54421.638889 2.962480e+07
62485.138889 1.920614e+07
65430.250000 3.623717e+07
65927.444444 1.985951e+07
66854.666667 1.966247e+07
66666.972222 1.994837e+07
67195.527778 1.969166e+07

35816.055556 2.064727e+07
55799.083333 1.954167e+07
64371.222222 2.196746e+07
66749.083333 1.985458e+07
67955.972222 3.282138e+07
68278.055556 2.006830e+07
68669.472222 2.007506e+07
68598.277778 2.136977e+07

36650.361111 1.880106e+07
57204.416667 2.126000e+07
65979.027778 2.071985e+07
68578.805556 3.537765e+07
69701.500000 2.085988e+07
69785.666667 3.845713e+07
70489.694444 2.086344e+07
70159.305556 2.098207e+07

37578.388889 2.034421e+07
58627.777778 2.020055e+07
67387.166667 2.277416e+07
70589.277778 2.220754e+07
71353.111111 4.000747e+07
71423.027778 2.184243e+07
72360.611111 4.197371e+07
71653.972222 2.171685e+07

38525.305556 2.016862e+07
60125.277778 2.289637e+07
68933.638889 2.189541e+07
72205.777778 3.795270e+07
72960.222222 2.243700e+07
73175.666667 4.139752e+07
74188.333333 2.223182e+07
73348.916667 2.187034e+07

39281.555556 2.138991e+07
61849.500000 2.211896e+07
70371.250000 2.293296e+07
73756.027778 2.278906e+07
74831.777778 4.285262e+07
74911.944444 2.295600e+07
75740.388889 4.218432e+07
75365.250000 2.313546e+07

40169.555556 2.180043e+07
63377.944444 2.236455e+07
71935.111111 2.294169e+07
75260.777778 2.299050e+07
76564.416667 4.104212e+07
76919.833333 2.347602e+07
77113.972222 4.476033e+07
77287.611111 2.350924e+07

41068.166667 2.197945e+07
64870.944444 3.327346e+07
73343.861111 2.337494e+07
76979.472222 4.465190e+07
78288.861111 2.370570e+07
78897.944444 2.382028e+07
78487.416667 2.363429e+07
79082.888889 2.392704e+07

41991.694444 2.339219e+07
66129.944444 2.437817e+07
75107.250000 2.649478e+07
78728.444444 2.522665e+07
79779.472222 4.683123e+07
80808.194444 2.494491e+07
80134.055556 2.487092e+07
80720.500000 2.439104e+07

42929.055556 2.432692e+07
67474.944444 2.434675e+07
76671.138889 2.571334e+07
80421.055556 2.562309e+07
81536.583333 4.752908e+07
82550.638889 2.572700e+07
81702.583333 2.480188e+07
82334.194444 2.580721e+07

43751.750000 2.348517e+07
69024.888889 2.990095e+07
78363.388889 2.480679e+07
82105.666667 4.871933e+07
83094.944444 2.590422e+07
84234.694444 5.101272e+07
83694.250000 2.579697e+07
83973.277778 2.636007e+07

44663.166667 2.442326e+07
70299.833333 2.727215e+07
80214.277778 2.608964e+07
83771.250000 4.863559e+07
84459.333333 2.671696e+07
86038.666667 4.919031e+07
85666.583333 2.703880e+07
85487.444444 2.642018e+07

45604.444444 2.488218e+07
71680.722222 2.579222e+07
81810.694444 2.778561e+07
85422.555556 2.801661e+07
86418.361111 5.239698e+07
87409.861111 2.701211e+07
87450.750000 2.657398e+07
87198.194444 3.011844e+07

46419.027778 2.482090e+07
73404.972222 3.680727e+07
83115.333333 2.713436e+07
87097.916667 5.202632e+07
88386.000000 2.803162e+07
88846.250000 2.637989e+07
89127.777778 3.468908e+07
88819.805556 2.739954e+07

47136.055556 2.629882e+07
74906.361111 2.736837e+07
84844.250000 2.947567e+07
88694.916667 2.876095e+07
90252.500000 5.434729e+07
90410.333333 2.916613e+07
90646.888889 2.832255e+07
90668.305556 2.971171e+07

48086.388889 2.652240e+07
76279.250000 4.242441e+07
86428.888889 2.885485e+07
90454.638889 5.512995e+07
92034.305556 2.926220e+07
92044.638889 2.950441e+07
92363.583333 2.895531e+07
92602.500000 2.965715e+07

48957.166667 2.986920e+07
77601.083333 2.887541e+07
88246.583333 3.018753e+07
91987.666667 3.021058e+07
93797.361111 6.016562e+07
93799.500000 2.945220e+07
94052.111111 2.994538e+07
94246.027778 4.929290e+07

50020.027778 2.868624e+07
78981.194444 4.693751e+07
89718.888889 3.014398e+07
93669.250000 2.914083e+07
95709.583333 3.683781e+07
95427.388889 3.134153e+07
95730.888889 5.930090e+07
95880.083333 3.090577e+07

50912.500000 3.925172e+07
80436.166667 3.106967e+07
91283.027778 3.021159e+07
95257.361111 3.218754e+07
97494.722222 3.112648e+07
97175.694444 5.869973e+07
97356.416667 3.119126e+07
97571.500000 3.086764e+07

51954.333333 2.945566e+07
81606.361111 3.002719e+07
93042.972222 3.154330e+07
96790.666667 3.158239e+07
99120.777778 6.063507e+07
99002.277778 3.180379e+07
99043.444444 3.118571e+07
99626.555556 3.727310e+07

52926.361111 2.960665e+07
82701.916667 3.043170e+07
95021.000000 3.258722e+07
98334.222222 3.187035e+07
100651.111111 6.061094e+07
100803.500000 3.237047e+07
100666.666667 6.522332e+07
101605.472222 3.298413e+07

53763.000000 2.919198e+07
83978.500000 5.196187e+07
96877.305556 3.239005e+07
100145.500000 6.331049e+07
102132.166667 3.332836e+07
102459.861111 3.270439e+07
102594.138889 5.563370e+07
103171.388889 3.301073e+07

54648.333333 2.983254e+07
85409.888889 3.324966e+07
98350.833333 3.269478e+07
102155.527778 6.295431e+07
103596.666667 3.359515e+07
104143.166667 6.542987e+07
104459.972222 3.403803e+07
104636.750000 3.274759e+07

55431.305556 3.156971e+07
87092.916667 3.681827e+07
99738.944444 3.397229e+07
104077.111111 3.351494e+07
105213.833333 6.561783e+07
105726.666667 3.485177e+07
106273.000000 6.884749e+07
106031.444444 3.445544e+07

56451.166667 3.164203e+07
88466.361111 3.529601e+07
101311.277778 3.386162e+07
105685.750000 6.340131e+07
106957.500000 3.538940e+07
107429.527778 6.722755e+07
107883.888889 3.567079e+07
107881.472222 3.447417e+07

57576.833333 3.223479e+07
89610.555556 3.326670e+07
102955.527778 3.626845e+07
107479.166667 3.516404e+07
108721.333333 6.891747e+07
108963.527778 3.545558e+07
109702.305556 3.461001e+07
109555.583333 4.054393e+07

58389.111111 3.212977e+07
91204.888889 4.282416e+07
104519.722222 3.541622e+07
109184.361111 7.051574e+07
110389.777778 3.636678e+07
110575.944444 3.595353e+07
111596.666667 6.860668e+07
110899.000000 3.669067e+07

59205.333333 3.374623e+07
92638.583333 6.307791e+07
106059.944444 3.642704e+07
110894.861111 3.591086e+07
112006.333333 3.781965e+07
112444.777778 3.615619e+07
113309.944444 7.238091e+07
112498.777778 3.625897e+07

60036.361111 3.295971e+07
94114.361111 3.696581e+07
107700.777778 3.612329e+07
112589.361111 6.996554e+07
113613.000000 3.756334e+07
114154.805556 7.209136e+07
114904.972222 3.799282e+07
114222.777778 3.736884e+07

61220.722222 3.456704e+07
95122.805556 3.624901e+07
109569.666667 3.916116e+07
114242.250000 3.815973e+07
115265.583333 7.682676e+07
115960.833333 3.785561e+07
116465.333333 3.824587e+07
116248.166667 7.559060e+07

62243.194444 3.922329e+07
96531.972222 3.771967e+07
110897.222222 3.780540e+07
116076.361111 7.390291e+07
116890.111111 3.895769e+07
117812.444444 7.546648e+07
118015.694444 3.978961e+07
118282.444444 4.338799e+07

63056.527778 3.693605e+07
98127.388889 3.809974e+07
112160.194444 4.043664e+07
117956.111111 3.928258e+07
118584.638889 8.000832e+07
119704.194444 3.952107e+07
119658.083333 3.835646e+07
119946.694444 7.681570e+07

63843.833333 3.734772e+07
99689.694444 4.201275e+07
113651.611111 3.940807e+07
119520.194444 3.868354e+07
120407.333333 5.083780e+07
121456.222222 3.974382e+07
121330.583333 8.179644e+07
121631.694444 3.996408e+07

64693.777778 3.584875e+07
101069.916667 6.754281e+07
115413.750000 4.154302e+07
120975.638889 3.903200e+07
122229.166667 4.062754e+07
123256.250000 4.004562e+07
122874.166667 7.748586e+07
123459.194444 4.114163e+07

65649.861111 4.055180e+07
102538.750000 4.002566e+07
117021.500000 4.258467e+07
122530.694444 4.121962e+07
123888.166667 8.168966e+07
125000.055556 4.168855e+07
124428.305556 4.034800e+07
125474.722222 4.202707e+07

66706.194444 5.756522e+07
103861.111111 4.212350e+07
118838.722222 4.049231e+07
124033.416667 8.145595e+07
125415.472222 4.189845e+07
126778.138889 4.159563e+07
126086.888889 7.912647e+07
127190.666667 4.230127e+07

67604.972222 3.831818e+07
105277.555556 7.215092e+07
120566.166667 4.226787e+07
125613.666667 4.121468e+07
127055.972222 4.260815e+07
128487.027778 4.257985e+07
127847.000000 8.031983e+07
128651.583333 4.313799e+07

68577.333333 5.961279e+07
106642.944444 4.248211e+07
122181.638889 4.171080e+07
127192.305556 5.346027e+07
128750.638889 4.344595e+07
130080.666667 8.743021e+07
129941.000000 4.467850e+07
130181.916667 4.335366e+07

69431.444444 4.138304e+07
108026.944444 4.307129e+07
123978.000000 4.232242e+07
128802.916667 4.422976e+07
130436.444444 8.919532e+07
131698.805556 4.414924e+07
131825.416667 4.343045e+07
131970.361111 4.367467e+07

70212.583333 3.979584e+07
109580.361111 7.264018e+07
125643.000000 4.398760e+07
130275.444444 8.779201e+07
132397.222222 4.433330e+07
133245.611111 4.992568e+07
133514.194444 9.404584e+07
133603.527778 4.613517e+07

71001.388889 3.979732e+07
111220.916667 4.453068e+07
127139.527778 4.475793e+07
131820.916667 8.688843e+07
134276.111111 4.595844e+07
134833.611111 4.416636e+07
135237.444444 5.157865e+07
135436.444444 4.542589e+07

71917.000000 4.242620e+07
112656.333333 4.353230e+07
128760.222222 4.580901e+07
133441.333333 4.561606e+07
136075.388889 9.042479e+07
136507.638889 4.662848e+07
136924.694444 9.544591e+07
137339.083333 4.628318e+07

72861.277778 4.072322e+07
114000.500000 6.991378e+07
130368.000000 4.719628e+07
135117.555556 9.074831e+07
137730.083333 4.676902e+07
138172.166667 4.706379e+07
138944.777778 6.484126e+07
138947.083333 4.896841e+07

73873.861111 4.335782e+07
115396.694444 4.497806e+07
131979.694444 4.878614e+07
136796.472222 4.716835e+07
139491.222222 9.579199e+07
139529.250000 4.725070e+07
140920.472222 4.621293e+07
140693.055556 5.171728e+07

74696.027778 4.403559e+07
116860.500000 8.178064e+07
133628.750000 4.754654e+07
138473.583333 4.621266e+07
141199.000000 4.975726e+07
141079.833333 4.891803e+07
142621.361111 9.949037e+07
142572.833333 4.885654e+07

75543.111111 4.475619e+07
118304.000000 8.211016e+07
135192.194444 4.834352e+07
140244.527778 4.699445e+07
142931.388889 4.874267e+07
142837.444444 4.863774e+07
144034.611111 1.010654e+08
144471.250000 5.125647e+07

76377.305556 4.366856e+07
119791.611111 8.129898e+07
136730.194444 4.889089e+07
141888.527778 9.859329e+07
144677.750000 5.066773e+07
144714.361111 5.000573e+07
145550.777778 1.010582e+08
146124.250000 5.068615e+07

77295.944444 4.392827e+07
121023.000000 4.964186e+07
138577.833333 4.973026e+07
143441.222222 1.001859e+08
146267.666667 4.989729e+07
146863.666667 4.895410e+07
147045.666667 5.923739e+07
147816.944444 5.121224e+07

78126.111111 4.658435e+07
122290.527778 4.869532e+07
140375.666667 5.151717e+07
145207.111111 5.113719e+07
147785.194444 1.087798e+08
148769.277778 5.110606e+07
148529.722222 5.001840e+07
149582.361111 6.465340e+07

79067.916667 4.648006e+07
123561.861111 8.628253e+07
141944.000000 4.992018e+07
146981.666667 1.049213e+08
149492.583333 5.104165e+07
150638.000000 5.083873e+07
150276.416667 1.105195e+08
151439.000000 5.284147e+07

79928.250000 4.651933e+07
125007.250000 4.787059e+07
143582.277778 5.026402e+07
148491.694444 5.072345e+07
151321.527778 5.301258e+07
152198.611111 5.120652e+07
152370.777778 1.073271e+08
153010.833333 5.205230e+07

80888.611111 4.616830e+07
126351.000000 8.995599e+07
145243.250000 5.142305e+07
150052.055556 1.073848e+08
153214.888889 5.187838e+07
153831.250000 5.057564e+07
154369.138889 5.309994e+07
154388.166667 5.332849e+07

81997.833333 5.041285e+07
127602.888889 5.124366e+07
146692.333333 9.413734e+07
151805.166667 5.274694e+07
155064.666667 1.120586e+08
155518.888889 5.262349e+07
156098.944444 5.347132e+07
156075.555556 1.125286e+08

82952.944444 4.820997e+07
129110.111111 8.372754e+07
148106.277778 5.306716e+07
153688.444444 5.113836e+07
156459.194444 1.064756e+08
157320.666667 5.338263e+07
157630.055556 1.123005e+08
157971.500000 5.372197e+07

83739.833333 4.744629e+07
130727.305556 8.823556e+07
149593.944444 5.225315e+07
155524.972222 1.089501e+08
157925.527778 5.504516e+07
159136.694444 5.271618e+07
159402.194444 1.137802e+08
159667.166667 5.497900e+07

84642.527778 7.023315e+07
132184.333333 5.386919e+07
151075.527778 5.392266e+07
157420.333333 6.139008e+07
159305.583333 5.592426e+07
160828.388889 1.149948e+08
161246.388889 5.662845e+07
161323.944444 5.666065e+07

85607.916667 5.177609e+07
133568.916667 5.433566e+07
152726.111111 5.555535e+07
159296.361111 5.583989e+07
160723.916667 1.193038e+08
162635.472222 5.563819e+07
162985.611111 5.610314e+07
162873.138889 1.074087e+08

86532.083333 5.139739e+07
135107.777778 9.972259e+07
154174.583333 5.679440e+07
161058.444444 5.529946e+07
162239.250000 5.820149e+07
164283.361111 5.720630e+07
164872.944444 1.185390e+08
164490.194444 5.846095e+07

87462.250000 8.009010e+07
136653.722222 5.549131e+07
155579.222222 5.549619e+07
162767.361111 5.863743e+07
163931.277778 5.749445e+07
165820.777778 1.193923e+08
166759.916667 5.801784e+07
165999.527778 5.731107e+07

88326.444444 5.440718e+07
138282.083333 5.581674e+07
157002.388889 6.040512e+07
164551.361111 5.724121e+07
165758.027778 1.217328e+08
167312.611111 5.782817e+07
168744.805556 5.711974e+07
167633.888889 1.259988e+08

89448.472222 8.018818e+07
139479.611111 7.078005e+07
158480.777778 5.986520e+07
166245.500000 1.197374e+08
167668.111111 5.985691e+07
168975.777778 5.865266e+07
170421.416667 1.251675e+08
169476.250000 6.099761e+07

90414.472222 5.222175e+07
140972.000000 5.935983e+07
159971.166667 5.858549e+07
167709.777778 1.212539e+08
169718.222222 5.978955e+07
170564.361111 5.805601e+07
172017.388889 1.260056e+08
171189.500000 6.067726e+07

