823.500000 1.477693e+06
1366.289474 1.792884e+05
1571.447368 1.533643e+05
1687.789474 1.698794e+05
1697.131579 1.515526e+05
1679.315789 1.458801e+05
1711.000000 1.485532e+05
1677.736842 1.283322e+05

1715.842105 3.735096e+05
2747.421053 3.086094e+05
3161.631579 2.914854e+05
3334.947368 2.933603e+05
3366.789474 3.164081e+05
3406.815789 3.189394e+05
3395.026316 3.002329e+05
3379.210526 2.886161e+05

2594.157895 4.582946e+05
4148.052632 5.030095e+05
4832.078947 5.813493e+05
4915.368421 5.864222e+05
5048.394737 6.339451e+05
5131.473684 5.798588e+05
5123.763158 5.715291e+05
5136.684211 6.087146e+05

3522.026316 6.607428e+05
5507.315789 7.749361e+05
6333.447368 8.584190e+05
6685.763158 8.998986e+05
6751.500000 8.737775e+05
6882.736842 3.124236e+06
6772.815789 4.971509e+07
6791.947368 1.797011e+06

4467.973684 3.149231e+06
6847.000000 9.921581e+05
7885.842105 2.954750e+06
8402.447368 1.269087e+06
8477.815789 3.206291e+06
8521.421053 1.389598e+06
8508.500000 1.401676e+06
8433.552632 1.922098e+06

5331.710526 2.857313e+06
8293.894737 1.380503e+06
9531.052632 3.571678e+06
9999.657895 1.769490e+06
10133.263158 3.888607e+06
10214.947368 1.744229e+06
10175.631579 1.851896e+06
10262.342105 2.304073e+06

6174.789474 2.665436e+06
9592.973684 1.798735e+06
11381.315789 4.561799e+06
11544.973684 2.153155e+06
11865.078947 5.078138e+06
11854.236842 2.216608e+06
11990.921053 2.199312e+06
12072.105263 2.652690e+06

7056.710526 1.471478e+06
11096.894737 2.334785e+06
12723.105263 2.090770e+06
13396.815789 3.916736e+06
13472.289474 2.267410e+06
13710.315789 4.604804e+06
13715.289474 2.283173e+06
13549.315789 2.404226e+06

7814.000000 1.747136e+06
12655.421053 3.365465e+06
14288.815789 2.421824e+06
15107.263158 4.653954e+06
15313.842105 2.701789e+06
15367.184211 5.334530e+06
15220.263158 2.534685e+06
15493.500000 2.687369e+06

8843.736842 4.807710e+06
13830.710526 2.247113e+06
15980.947368 4.522600e+06
16707.052632 2.983936e+06
16955.000000 4.734426e+06
17019.394737 2.947835e+06
17183.921053 3.015114e+06
17167.500000 3.622603e+06

9823.631579 2.303850e+06
15042.868421 2.713420e+06
17715.421053 3.778770e+06
18532.394737 3.408403e+06
18517.605263 6.104474e+06
18785.736842 3.443887e+06
18877.552632 7.037290e+06
18687.368421 3.435605e+06

10715.500000 4.249548e+06
16457.526316 3.115896e+06
19200.447368 6.986998e+06
20199.526316 3.802981e+06
20291.973684 7.637545e+06
20557.026316 3.804374e+06
20418.789474 3.777310e+06
20590.868421 3.812102e+06

11621.394737 3.158841e+06
17949.394737 3.574151e+06
20894.552632 4.581554e+06
21634.157895 4.187001e+06
22212.526316 6.938230e+06
22085.842105 4.318795e+06
22146.026316 8.589307e+06
22184.868421 4.239308e+06

12382.105263 3.180305e+06
19575.447368 3.927006e+06
22494.131579 4.903032e+06
23297.263158 4.628570e+06
23814.868421 5.905051e+06
23784.052632 4.725407e+06
23982.131579 9.492270e+06
23772.078947 4.776208e+06

13131.578947 3.422804e+06
20966.131579 4.361927e+06
24182.842105 5.171510e+06
25125.447368 5.135804e+06
25379.684211 7.691031e+06
25510.973684 5.171678e+06
25596.026316 1.049721e+07
25669.500000 5.237522e+06

14006.473684 4.023792e+06
22477.078947 5.068014e+06
25660.736842 5.718039e+06
26855.026316 5.701350e+06
27094.131579 8.145542e+06
27246.868421 5.797532e+06
27246.026316 5.835532e+06
27262.000000 5.929285e+06

14940.184211 4.278256e+06
23789.421053 8.189295e+06
27325.052632 5.743150e+06
28520.815789 1.190600e+07
28695.236842 6.287647e+06
28974.684211 6.369482e+06
29046.289474 6.602675e+06
29019.684211 6.215354e+06

15930.526316 5.518550e+06
25059.421053 7.939493e+06
29114.605263 7.467673e+06
29967.026316 6.960845e+06
30524.447368 1.347634e+07
30533.894737 7.034791e+06
30695.973684 1.391258e+07
30921.421053 6.934451e+06

16831.842105 5.751504e+06
26555.342105 6.983108e+06
30574.973684 7.058889e+06
31627.763158 1.111679e+07
32277.973684 7.472018e+06
32486.421053 1.498771e+07
32241.552632 7.614460e+06
32504.052632 7.593463e+06

17813.342105 6.700725e+06
27780.105263 7.474870e+06
32113.684211 8.261846e+06
33489.684211 8.306290e+06
33782.552632 1.544536e+07
34143.894737 8.504311e+06
34228.368421 1.581991e+07
34364.894737 8.353674e+06

18662.868421 6.937227e+06
29310.026316 7.918000e+06
33740.421053 9.930904e+06
34944.842105 8.904259e+06
35712.710526 1.609564e+07
35738.473684 8.855329e+06
35896.921053 9.268570e+06
35983.578947 9.042609e+06

19514.500000 1.082384e+07
30878.368421 8.566862e+06
35264.157895 1.609310e+07
36643.447368 9.537340e+06
37394.421053 9.515111e+06
37493.842105 9.758829e+06
37599.000000 9.719270e+06
37579.421053 1.172932e+07

20473.000000 8.375937e+06
32381.447368 1.297567e+07
36825.657895 1.058799e+07
38310.815789 1.866628e+07
38992.236842 1.030232e+07
38999.394737 1.055355e+07
39596.552632 1.495411e+07
39354.236842 1.063336e+07

21265.157895 9.751137e+06
33938.605263 1.742923e+07
38241.184211 1.101860e+07
39927.894737 1.108162e+07
40903.815789 1.169656e+07
40827.552632 1.099232e+07
41066.052632 1.152465e+07
41142.578947 1.144947e+07

22154.631579 1.059070e+07
35253.842105 1.758388e+07
39871.631579 1.155264e+07
41774.631579 1.201189e+07
42496.026316 2.037086e+07
42685.289474 1.179904e+07
42734.736842 1.158833e+07
42799.789474 1.316810e+07

23052.921053 1.190721e+07
36459.473684 1.154537e+07
41672.263158 1.300345e+07
43519.868421 1.255866e+07
44141.421053 2.016328e+07
44387.789474 1.274432e+07
44267.000000 2.272087e+07
44575.289474 1.278799e+07

24070.131579 1.158630e+07
37775.447368 1.231497e+07
43185.105263 1.365627e+07
45278.710526 1.306226e+07
45540.368421 1.358549e+07
46343.710526 1.338096e+07
46140.263158 2.362307e+07
46228.605263 1.327633e+07

24985.105263 1.293326e+07
39173.131579 1.329085e+07
44828.973684 2.192116e+07
46938.526316 1.395573e+07
47225.131579 2.487509e+07
48128.763158 1.413975e+07
47854.473684 1.409860e+07
48278.342105 2.180958e+07

26096.315789 1.342749e+07
40530.631579 1.363745e+07
46188.947368 1.492191e+07
48783.473684 1.462024e+07
49022.342105 2.250296e+07
49480.342105 1.454434e+07
49715.710526 2.609336e+07
50118.000000 1.478480e+07

27143.500000 1.793633e+07
41615.631579 1.516854e+07
47899.105263 1.486223e+07
50614.500000 2.023059e+07
50715.868421 1.538145e+07
50894.184211 2.776956e+07
51504.973684 1.562841e+07
51828.263158 1.540756e+07

28039.131579 1.502932e+07
42926.710526 1.549258e+07
49559.684211 1.647303e+07
52074.605263 1.605927e+07
52754.947368 2.810705e+07
52816.473684 1.612472e+07
53136.368421 1.580139e+07
53348.657895 1.735022e+07

28923.552632 1.484771e+07
44608.605263 2.021547e+07
50865.184211 1.634257e+07
53664.421053 2.938393e+07
54576.763158 1.673378e+07
54560.157895 1.688552e+07
55139.210526 1.753347e+07
54641.736842 1.689981e+07

29737.473684 1.669899e+07
46128.500000 1.664727e+07
52595.947368 1.997868e+07
55122.526316 1.700515e+07
56208.000000 3.034782e+07
56225.736842 1.733348e+07
56981.394737 1.731186e+07
56556.763158 1.769163e+07

30436.763158 2.075178e+07
47636.000000 1.776361e+07
54310.763158 2.962121e+07
56690.605263 1.805776e+07
57762.263158 1.802237e+07
58149.605263 1.957180e+07
58516.131579 1.819994e+07
58348.157895 3.124681e+07

31374.184211 1.746953e+07
48777.447368 1.753752e+07
56397.315789 1.865665e+07
58300.526316 1.835959e+07
59369.815789 2.223748e+07
59997.052632 1.873758e+07
60017.157895 3.456724e+07
60068.131579 1.896147e+07

32307.289474 1.786456e+07
50338.368421 1.810252e+07
57876.710526 2.015752e+07
60089.789474 1.899174e+07
61145.078947 2.005128e+07
61635.657895 1.947905e+07
61584.631579 3.427543e+07
61912.763158 1.951971e+07

33244.447368 1.810780e+07
51693.710526 2.069936e+07
59414.263158 1.980692e+07
61979.710526 3.412307e+07
62676.052632 2.003574e+07
63461.763158 2.024320e+07
63265.894737 2.116210e+07
63813.605263 2.011735e+07

34233.500000 1.947278e+07
53058.473684 2.004910e+07
60847.157895 2.084388e+07
63801.289474 2.092001e+07
64353.921053 3.642044e+07
65302.947368 2.143277e+07
65048.236842 2.081129e+07
65518.657895 2.671725e+07

35056.342105 2.001711e+07
54466.447368 3.027131e+07
62463.789474 2.093614e+07
65402.657895 3.776596e+07
65996.026316 2.104625e+07
67061.973684 2.127138e+07
66801.473684 2.135122e+07
67365.605263 2.121037e+07

35845.947368 2.064789e+07
55829.105263 2.127512e+07
64372.289474 2.261834e+07
66700.315789 2.214773e+07
68086.236842 3.844392e+07
68535.763158 2.200972e+07
68777.289474 2.150105e+07
68643.973684 2.204449e+07

36686.052632 2.046978e+07
57254.894737 2.306905e+07
65957.578947 2.269778e+07
68662.368421 3.811537e+07
69795.026316 2.256405e+07
69996.842105 2.217990e+07
70666.315789 2.341589e+07
70226.157895 2.284834e+07

37630.210526 2.212035e+07
58656.236842 2.224897e+07
67415.500000 2.394532e+07
70647.447368 2.330372e+07
71445.552632 3.762343e+07
71641.289474 2.323194e+07
72521.342105 4.390575e+07
71760.236842 2.350596e+07

38606.421053 3.520662e+07
60159.026316 2.438662e+07
68904.578947 2.349327e+07
72194.421053 4.056746e+07
73085.131579 2.379224e+07
73333.552632 2.394033e+07
74371.552632 2.785594e+07
73491.842105 2.444827e+07

39352.631579 2.312387e+07
61903.210526 2.369677e+07
70313.236842 2.633009e+07
73769.710526 2.428083e+07
74947.368421 4.291218e+07
75074.842105 2.440352e+07
75932.842105 4.550242e+07
75542.447368 2.432867e+07

40218.500000 2.280223e+07
63477.131579 3.981062e+07
71886.421053 2.589747e+07
75239.236842 2.479847e+07
76692.342105 4.020653e+07
77063.236842 2.534566e+07
77201.763158 4.721686e+07
77531.105263 2.587866e+07

41116.421053 2.340774e+07
64936.763158 3.664596e+07
73297.789474 2.564086e+07
77048.736842 4.536734e+07
78400.315789 2.575475e+07
79075.947368 2.578299e+07
78601.868421 2.694897e+07
79264.342105 2.596090e+07

42058.421053 2.650055e+07
66149.394737 2.558892e+07
75080.052632 2.744192e+07
78761.921053 2.609736e+07
79874.052632 5.137587e+07
81016.526316 2.637026e+07
80241.947368 2.655297e+07
80943.578947 5.030133e+07

42956.684211 2.541578e+07
67545.105263 2.622716e+07
76642.947368 2.688286e+07
80435.289474 2.675112e+07
81743.894737 3.772935e+07
82707.052632 2.732637e+07
81892.394737 5.218116e+07
82611.000000 2.749218e+07

43823.868421 3.373432e+07
69063.263158 2.688148e+07
78290.236842 4.946706e+07
82138.789474 2.779839e+07
83271.763158 2.781513e+07
84412.184211 3.966417e+07
83889.184211 2.790868e+07
84274.342105 5.301749e+07

44721.078947 2.653687e+07
70317.552632 4.714262e+07
80279.605263 2.796790e+07
83823.394737 2.766694e+07
84598.815789 4.460490e+07
86192.131579 2.856181e+07
85874.526316 5.357755e+07
85796.289474 2.846353e+07

45666.921053 2.640240e+07
71715.631579 3.574705e+07
81813.578947 2.867539e+07
85495.552632 5.444063e+07
86527.789474 2.878416e+07
87654.289474 2.941727e+07
87604.921053 3.948064e+07
87484.210526 2.901563e+07

46445.026316 2.741053e+07
73481.947368 4.654822e+07
83151.421053 2.914706e+07
87133.921053 2.923123e+07
88567.473684 3.096567e+07
88996.131579 3.016870e+07
89400.026316 5.855999e+07
89005.263158 2.996982e+07

47219.368421 3.586266e+07
74974.342105 3.184324e+07
84763.710526 2.919175e+07
88752.815789 3.667529e+07
90501.078947 3.038752e+07
90599.973684 5.613877e+07
90763.526316 3.021186e+07
90931.815789 3.022914e+07

48172.763158 2.888105e+07
76328.894737 2.951990e+07
86373.289474 3.169371e+07
90580.026316 3.098238e+07
92099.368421 5.799894e+07
92265.078947 3.118109e+07
92518.763158 3.137872e+07
92876.342105 5.853190e+07

49032.763158 3.846025e+07
77643.552632 3.130370e+07
88224.973684 3.046612e+07
92062.763158 5.635803e+07
93997.000000 3.194112e+07
93920.000000 6.060331e+07
94326.184211 3.253005e+07
94525.184211 3.185958e+07

50068.263158 5.395361e+07
79032.526316 3.240273e+07
89714.921053 3.124716e+07
93726.631579 3.306150e+07
95952.368421 3.234815e+07
95519.657895 5.729802e+07
96010.210526 3.224306e+07
96122.789474 6.143786e+07

51001.789474 3.060497e+07
80473.000000 5.734205e+07
91315.631579 3.309112e+07
95377.263158 3.162961e+07
97587.894737 4.332087e+07
97358.500000 3.300295e+07
97587.605263 5.998051e+07
97764.289474 3.311117e+07

51997.868421 3.111099e+07
81679.473684 5.485311e+07
93083.263158 3.346323e+07
96863.921053 3.248567e+07
99317.973684 3.445299e+07
99206.052632 3.435385e+07
99397.842105 6.227683e+07
99829.736842 3.357533e+07

52971.894737 4.241556e+07
82841.421053 3.305622e+07
94976.921053 6.008430e+07
98402.578947 3.381884e+07
100893.368421 3.298944e+07
101028.973684 3.589955e+07
101028.026316 3.442777e+07
101853.710526 6.733065e+07

53846.500000 3.955065e+07
83961.026316 5.391018e+07
96860.473684 3.468390e+07
100262.763158 6.817054e+07
102317.657895 3.482608e+07
102653.289474 3.440014e+07
102952.763158 6.722030e+07
103395.289474 3.576676e+07

54715.473684 3.268019e+07
85473.710526 3.295943e+07
98356.342105 3.481505e+07
102256.947368 3.536492e+07
103770.131579 3.588142e+07
104352.684211 3.557225e+07
104789.236842 6.849524e+07
104793.394737 3.565490e+07

55477.500000 3.399118e+07
87162.500000 3.452118e+07
99780.526316 3.753022e+07
104180.131579 3.602131e+07
105421.394737 6.758213e+07
106000.605263 3.653003e+07
106676.236842 3.554030e+07
106145.368421 3.772515e+07

56502.894737 3.331865e+07
88574.421053 3.772962e+07
101259.157895 3.638931e+07
105887.605263 6.767034e+07
107128.736842 3.750572e+07
107747.236842 3.608948e+07
108073.289474 4.298558e+07
108036.947368 3.744420e+07

57619.552632 3.466963e+07
89671.868421 3.555334e+07
102957.789474 4.023044e+07
107634.263158 3.748178e+07
108884.526316 7.192639e+07
109158.000000 3.758371e+07
110024.131579 3.691460e+07
109737.973684 3.833798e+07

58430.500000 3.451118e+07
91215.736842 5.318500e+07
104552.815789 3.808662e+07
109356.210526 7.414384e+07
110492.657895 3.827418e+07
110872.263158 3.873999e+07
111913.921053 7.466755e+07
111019.763158 3.893767e+07

59292.236842 3.525481e+07
92720.052632 3.924508e+07
106085.500000 3.842520e+07
111006.421053 7.135782e+07
112125.000000 3.963882e+07
112770.342105 3.834221e+07
113607.605263 4.090973e+07
112485.815789 3.919987e+07

60116.842105 3.625490e+07
94171.736842 3.752295e+07
107633.236842 3.932142e+07
112838.500000 3.946659e+07
113819.684211 7.663175e+07
114483.315789 3.950894e+07
115190.684211 3.843249e+07
114304.315789 3.995507e+07

61282.184211 5.190876e+07
95205.973684 4.160072e+07
109533.026316 3.865599e+07
114399.368421 7.126077e+07
115506.315789 4.086537e+07
116205.921053 7.881577e+07
116682.631579 4.146415e+07
116344.842105 4.053855e+07

62325.789474 5.320035e+07
96604.894737 3.960613e+07
110924.289474 7.305526e+07
116255.868421 4.084011e+07
117034.894737 4.036530e+07
118153.421053 4.789131e+07
118202.578947 4.101731e+07
118357.657895 8.026747e+07

63125.684211 3.823465e+07
98197.447368 7.250302e+07
112162.973684 4.164550e+07
118125.368421 4.087078e+07
118721.815789 5.003291e+07
119991.368421 4.309557e+07
119879.763158 7.905012e+07
120077.236842 4.212130e+07

63923.842105 3.768243e+07
99746.078947 4.177287e+07
113669.421053 4.196849e+07
119754.368421 7.800560e+07
120603.842105 4.213554e+07
121785.473684 4.106346e+07
121597.710526 4.543473e+07
121675.421053 4.160073e+07

64757.447368 3.911146e+07
101080.526316 4.091549e+07
115452.578947 4.343771e+07
121229.657895 4.325055e+07
122450.947368 8.250392e+07
123566.605263 4.280335e+07
123089.000000 8.583846e+07
123580.368421 4.330987e+07

65740.552632 3.931853e+07
102592.894737 4.072835e+07
117053.184211 4.320162e+07
122823.710526 4.336233e+07
124090.026316 8.567027e+07
125181.263158 4.370184e+07
124695.447368 4.353423e+07
125526.394737 8.345592e+07

66796.263158 4.075311e+07
103918.815789 4.170412e+07
118846.552632 4.342563e+07
124163.842105 4.313119e+07
125660.894737 5.464898e+07
127219.789474 4.381753e+07
126179.789474 8.939579e+07
127296.368421 4.419686e+07

67673.631579 4.105080e+07
105353.868421 7.619348e+07
120725.000000 4.378069e+07
125764.184211 4.315940e+07
127270.894737 4.456034e+07
128881.657895 4.494410e+07
127994.026316 8.756787e+07
128718.315789 4.443797e+07

68657.500000 4.221870e+07
106771.657895 4.252371e+07
122188.815789 4.476101e+07
127504.184211 4.462807e+07
128918.289474 5.280469e+07
130414.947368 4.662865e+07
130127.421053 9.350729e+07
130257.736842 4.683641e+07

69530.263158 4.220858e+07
108084.500000 7.567764e+07
123968.631579 4.546886e+07
129025.631579 4.530056e+07
130585.473684 5.189738e+07
132107.368421 4.602249e+07
132009.078947 8.983534e+07
132041.657895 4.712619e+07

70283.026316 4.170852e+07
109618.026316 5.405719e+07
125701.368421 4.637019e+07
130524.736842 9.082548e+07
132577.500000 4.700355e+07
133570.684211 4.684459e+07
133743.868421 5.297411e+07
133695.394737 4.720746e+07

71046.789474 4.368354e+07
111299.842105 4.601302e+07
127252.684211 4.882511e+07
132109.026316 4.849793e+07
134638.842105 9.648160e+07
135110.342105 4.816031e+07
135343.657895 4.627502e+07
135597.052632 4.823768e+07

71957.342105 6.272417e+07
112743.894737 4.689985e+07
128914.842105 4.607052e+07
133613.447368 5.112631e+07
136373.131579 4.865505e+07
136887.421053 9.747109e+07
137056.105263 4.921424e+07
137464.526316 4.881104e+07

72998.236842 4.480191e+07
114045.552632 4.634587e+07
130454.263158 4.906584e+07
135305.710526 4.939680e+07
137922.263158 1.010625e+08
138413.868421 4.994003e+07
139106.078947 4.829394e+07
139121.578947 5.113378e+07

73990.631579 6.543563e+07
115487.684211 4.817122e+07
132064.631579 4.792092e+07
136957.368421 9.293261e+07
139723.684211 4.956562e+07
139828.894737 1.024103e+08
141139.789474 4.943779e+07
140843.500000 5.016284e+07

74804.947368 5.189945e+07
116889.605263 4.863409e+07
133737.131579 5.021751e+07
138747.894737 5.121216e+07
141516.368421 1.006970e+08
141318.342105 5.058841e+07
142789.131579 4.991751e+07
142741.394737 6.573083e+07

75664.921053 4.566020e+07
118327.710526 8.764707e+07
135287.947368 5.022249e+07
140493.657895 4.957061e+07
143254.289474 5.161532e+07
143079.131579 5.119305e+07
144136.052632 1.018053e+08
144660.894737 5.167814e+07

76482.289474 6.693237e+07
119869.736842 5.337861e+07
136761.236842 8.952571e+07
142184.842105 5.064180e+07
145016.789474 5.045513e+07
144979.736842 5.273057e+07
145752.815789 5.019586e+07
146216.000000 1.089224e+08

77382.868421 4.801680e+07
121141.421053 9.042069e+07
138718.184211 5.369352e+07
143556.315789 9.701024e+07
146649.026316 5.196987e+07
147090.157895 5.195087e+07
147189.315789 1.098546e+08
147998.000000 5.304873e+07

78218.078947 4.772261e+07
122388.552632 7.912295e+07
140448.631579 5.332865e+07
145434.736842 1.033064e+08
148179.763158 5.273258e+07
149110.210526 5.289485e+07
148596.789474 1.091175e+08
149845.157895 5.312140e+07

79151.421053 6.999786e+07
123649.789474 5.284249e+07
141975.263158 5.131041e+07
147237.473684 1.057514e+08
149726.631579 5.395371e+07
150904.605263 1.127880e+08
150386.078947 5.490811e+07
151670.473684 5.441429e+07

80014.631579 7.163964e+07
125064.368421 5.183923e+07
143681.000000 9.989357e+07
148665.894737 5.398965e+07
151687.289474 5.437765e+07
152503.315789 1.009044e+08
152469.842105 5.509606e+07
153283.973684 5.344198e+07

80993.921053 4.932316e+07
126433.473684 9.389791e+07
145339.842105 5.501226e+07
150184.447368 5.418205e+07
153643.973684 9.123942e+07
154028.000000 5.658097e+07
154603.868421 1.139813e+08
154474.842105 5.634626e+07

82113.526316 5.040667e+07
127658.736842 5.156495e+07
146846.157895 5.728476e+07
152047.815789 5.497965e+07
155342.105263 1.137173e+08
155759.263158 5.617041e+07
156203.842105 5.517374e+07
156247.842105 1.127977e+08

83056.342105 5.303569e+07
129218.973684 9.812246e+07
148208.973684 5.580519e+07
153931.473684 5.441397e+07
156870.000000 5.771575e+07
157529.368421 5.832835e+07
157782.131579 1.153684e+08
158146.447368 5.792102e+07

83845.736842 5.197284e+07
130832.763158 5.396951e+07
149663.473684 5.709923e+07
155753.131579 5.702816e+07
158315.684211 6.616503e+07
159305.947368 5.783998e+07
159580.973684 1.174838e+08
159873.236842 6.002928e+07

84733.842105 5.348456e+07
132244.973684 9.503659e+07
151284.710526 5.678686e+07
157607.578947 5.706838e+07
159728.263158 5.832762e+07
161091.447368 5.680509e+07
161493.184211 1.194975e+08
161456.368421 5.839626e+07

85675.131579 5.174102e+07
133636.842105 5.690884e+07
152816.421053 5.796410e+07
159435.447368 1.168494e+08
161030.394737 5.905886e+07
162829.026316 5.756767e+07
163179.210526 6.008178e+07
163135.605263 6.000948e+07

86649.578947 5.614780e+07
135146.447368 6.019044e+07
154230.763158 7.422268e+07
161254.789474 6.081046e+07
162618.342105 1.254580e+08
164484.657895 6.008877e+07
164941.078947 6.050101e+07
164683.447368 1.287102e+08

87571.868421 5.344583e+07
136693.684211 9.341355e+07
155842.578947 5.863599e+07
163021.315789 1.205620e+08
164233.894737 5.963176e+07
165992.289474 6.079041e+07
166975.815789 1.280525e+08
166208.657895 6.103231e+07

88429.000000 5.537707e+07
138377.263158 5.702681e+07
157210.447368 6.112586e+07
164787.973684 5.919436e+07
166209.500000 1.244815e+08
167450.552632 6.242072e+07
168931.947368 1.296194e+08
167838.447368 6.224651e+07

89532.131579 5.421850e+07
139619.763158 6.719076e+07
158623.315789 6.090525e+07
166436.868421 1.269805e+08
167992.894737 6.156691e+07
169175.973684 6.165110e+07
170584.000000 1.299272e+08
169709.026316 6.280285e+07

90502.842105 8.554959e+07
141035.763158 6.013821e+07
160204.000000 5.789080e+07
167985.578947 6.599128e+07
170047.473684 6.276249e+07
170788.736842 1.306404e+08
172286.210526 6.437043e+07
171472.473684 6.326385e+07

