834.250000 1.813319e+05
1396.800000 1.911630e+05
1598.675000 1.538591e+05
1735.925000 1.364524e+05
1726.600000 1.180025e+05
1740.200000 1.023861e+05
1725.825000 1.189170e+05
1723.450000 1.249116e+05

1742.200000 3.423157e+05
2805.950000 3.021102e+05
3218.625000 2.754155e+05
3418.075000 3.889155e+06
3438.800000 5.009467e+07
3477.900000 1.602645e+06
3476.600000 2.132660e+06
3482.050000 4.516413e+05

2635.200000 5.931178e+05
4208.425000 1.972394e+06
4920.500000 7.385317e+05
5028.350000 2.061194e+06
5167.700000 6.675792e+05
5267.225000 1.902532e+06
5238.400000 7.046053e+05
5242.025000 6.952223e+05

3571.750000 2.134950e+06
5613.700000 8.604958e+05
6463.425000 2.628940e+06
6810.550000 8.965629e+05
6908.775000 2.482405e+06
7012.950000 9.620550e+05
6921.700000 9.269297e+05
6933.350000 1.437801e+06

4538.850000 9.925938e+05
6968.225000 1.006557e+06
8020.100000 1.448030e+06
8617.750000 1.189926e+06
8652.600000 3.005674e+06
8676.475000 1.164376e+06
8679.675000 3.300085e+06
8567.600000 1.206620e+06

5415.300000 1.229240e+06
8435.200000 3.201425e+06
9740.825000 1.515141e+06
10223.325000 3.592734e+06
10333.125000 1.495324e+06
10425.625000 1.520695e+06
10348.525000 1.658150e+06
10452.475000 1.527164e+06

6256.900000 1.542929e+06
9749.375000 4.017675e+06
11624.650000 1.708222e+06
11818.025000 4.114106e+06
12096.425000 1.761281e+06
12083.825000 1.796215e+06
12207.600000 2.075982e+06
12266.200000 1.680215e+06

7169.550000 1.529930e+06
11299.925000 5.529378e+06
12951.300000 1.844726e+06
13683.450000 1.989245e+06
13750.700000 2.583483e+06
13935.700000 1.952919e+06
13960.100000 3.650421e+06
13804.150000 2.073473e+06

7929.200000 1.604049e+06
12869.525000 2.449679e+06
14545.625000 2.163760e+06
15432.525000 5.053580e+06
15593.775000 2.277377e+06
15621.150000 5.478217e+06
15484.625000 2.463660e+06
15815.300000 2.460498e+06

8986.600000 3.416878e+06
14053.550000 2.254444e+06
16319.700000 4.545110e+06
17010.275000 2.622346e+06
17293.150000 6.132930e+06
17270.550000 2.800295e+06
17534.475000 2.747346e+06
17452.475000 3.269931e+06

9962.875000 3.927994e+06
15308.725000 2.400132e+06
18052.000000 6.001103e+06
18905.925000 3.120693e+06
18860.500000 7.059179e+06
19150.400000 3.074812e+06
19217.175000 2.993768e+06
19026.925000 3.239114e+06

10890.700000 2.487768e+06
16722.650000 3.357389e+06
19616.800000 3.179080e+06
20565.900000 6.242628e+06
20664.200000 3.409959e+06
20945.750000 8.034122e+06
20771.200000 3.446455e+06
20958.225000 3.368049e+06

11788.625000 4.612584e+06
18241.500000 3.316730e+06
21301.000000 7.100473e+06
22048.625000 3.661009e+06
22632.325000 8.416264e+06
22537.750000 3.708206e+06
22478.150000 3.714784e+06
22570.125000 4.136531e+06

12559.175000 3.139042e+06
19901.650000 4.482390e+06
22958.075000 3.766200e+06
23741.825000 8.428840e+06
24263.600000 4.134210e+06
24204.350000 9.176693e+06
24374.275000 4.019309e+06
24189.775000 4.112411e+06

13335.900000 3.534081e+06
21319.375000 8.864113e+06
24624.775000 4.430864e+06
25577.800000 9.063117e+06
25836.575000 4.448887e+06
25934.225000 1.051193e+07
26036.000000 4.435528e+06
26093.475000 4.544162e+06

14213.175000 6.393277e+06
22824.000000 4.862612e+06
26139.225000 9.058660e+06
27340.325000 4.894794e+06
27605.425000 1.070064e+07
27721.500000 5.082780e+06
27727.125000 5.090567e+06
27662.425000 5.699681e+06

15151.275000 6.389660e+06
24186.000000 5.228362e+06
27815.550000 1.089672e+07
29081.825000 5.750557e+06
29204.400000 1.228950e+07
29475.200000 5.818086e+06
29507.475000 6.054263e+06
29507.500000 9.647470e+06

16168.350000 4.668403e+06
25476.675000 5.812643e+06
29641.475000 6.338771e+06
30507.050000 6.434378e+06
31110.675000 1.228368e+07
31058.175000 6.148851e+06
31200.650000 1.384099e+07
31406.325000 6.386261e+06

17085.200000 5.777224e+06
27022.025000 1.265280e+07
31144.700000 6.854543e+06
32230.750000 1.391588e+07
32886.775000 7.099863e+06
33032.775000 7.353565e+06
32767.375000 7.282105e+06
32957.825000 7.639381e+06

18078.725000 6.656904e+06
28223.025000 7.543796e+06
32744.150000 8.419871e+06
34084.650000 7.962342e+06
34408.750000 1.469411e+07
34730.075000 7.970691e+06
34737.075000 1.578531e+07
34881.125000 7.839559e+06

18960.650000 7.517640e+06
29778.025000 8.299525e+06
34341.375000 8.606769e+06
35563.375000 1.597963e+07
36369.575000 8.903151e+06
36341.775000 1.716368e+07
36449.225000 9.241160e+06
36447.350000 8.810827e+06

19809.075000 8.676728e+06
31391.275000 1.239918e+07
35909.200000 9.178146e+06
37336.575000 1.722532e+07
38038.050000 9.857859e+06
38133.150000 9.719194e+06
38176.550000 9.852986e+06
38114.450000 9.420081e+06

20807.250000 9.064114e+06
32890.075000 9.105402e+06
37484.075000 1.036138e+07
39022.125000 1.004580e+07
39688.700000 1.811097e+07
39669.075000 1.024665e+07
40106.025000 1.985729e+07
39952.000000 9.976195e+06

21595.050000 1.002725e+07
34508.500000 1.029876e+07
38887.025000 1.060768e+07
40649.725000 1.089365e+07
41595.525000 1.630854e+07
41496.950000 1.121683e+07
41640.450000 2.074556e+07
41733.225000 1.091990e+07

22491.625000 1.120128e+07
35816.650000 1.143271e+07
40634.400000 1.177875e+07
42527.775000 1.927224e+07
43213.100000 1.159621e+07
43357.125000 2.084145e+07
43365.375000 1.198018e+07
43395.275000 1.205747e+07

23406.025000 1.216245e+07
37099.750000 1.870344e+07
42367.250000 1.261930e+07
44345.275000 2.278679e+07
44919.925000 1.289414e+07
45091.050000 1.291790e+07
44917.700000 1.303834e+07
45164.950000 1.285698e+07

24433.075000 1.272506e+07
38393.775000 1.343902e+07
43908.075000 1.363683e+07
46071.200000 1.351117e+07
46314.150000 2.350017e+07
47034.550000 1.350444e+07
46824.925000 1.359959e+07
46847.125000 1.458407e+07

25368.400000 1.318143e+07
39828.750000 1.326530e+07
45577.025000 1.508494e+07
47813.150000 1.456031e+07
48031.525000 2.413086e+07
48847.600000 1.431481e+07
48587.700000 1.423894e+07
48870.000000 1.501527e+07

26477.950000 1.398354e+07
41216.650000 1.559396e+07
47040.850000 1.473327e+07
49604.150000 2.549176e+07
49835.700000 1.475962e+07
50211.075000 2.605710e+07
50402.375000 1.487068e+07
50762.075000 1.508988e+07

27555.575000 1.798262e+07
42292.425000 1.483788e+07
48762.350000 1.570254e+07
51555.450000 1.629861e+07
51567.925000 1.587353e+07
51663.050000 2.741347e+07
52258.000000 1.531463e+07
52510.175000 1.587216e+07

28468.225000 1.550561e+07
43635.800000 2.218055e+07
50438.775000 1.596341e+07
52997.300000 2.826190e+07
53653.475000 1.588855e+07
53581.625000 2.946594e+07
53882.775000 1.688925e+07
53995.600000 1.651693e+07

29358.875000 1.593792e+07
45339.625000 1.663742e+07
51744.950000 1.785498e+07
54579.400000 1.734413e+07
55457.175000 3.014818e+07
55381.075000 1.732129e+07
55866.250000 1.713090e+07
55419.050000 1.815532e+07

30191.050000 1.634861e+07
46900.800000 1.812720e+07
53530.400000 1.750755e+07
56107.900000 2.927747e+07
57079.575000 1.707157e+07
57072.900000 3.102026e+07
57729.200000 1.791439e+07
57310.325000 1.816375e+07

30903.200000 1.682210e+07
48434.225000 1.872393e+07
55290.350000 1.816447e+07
57716.700000 2.662449e+07
58683.225000 1.849014e+07
59047.075000 3.229187e+07
59263.575000 1.841748e+07
59136.250000 1.825384e+07

31890.425000 1.747900e+07
49569.700000 1.934047e+07
57334.100000 1.991018e+07
59365.700000 1.899910e+07
60299.950000 3.335434e+07
60923.050000 1.880053e+07
60865.500000 1.903517e+07
60877.475000 1.966613e+07

32779.125000 1.835858e+07
51175.625000 2.510151e+07
58894.300000 1.905898e+07
61155.975000 3.307921e+07
62018.600000 1.953724e+07
62604.825000 1.965602e+07
62379.875000 2.554289e+07
62798.400000 1.980539e+07

33724.875000 2.176492e+07
52568.675000 1.988380e+07
60489.625000 2.251983e+07
63008.175000 2.023538e+07
63680.075000 3.569298e+07
64367.900000 2.029806e+07
64166.275000 2.019147e+07
64662.450000 2.089172e+07

34768.400000 2.426510e+07
53909.925000 2.026788e+07
61910.325000 3.361776e+07
64874.800000 2.087795e+07
65349.400000 3.814934e+07
66209.075000 2.072388e+07
65941.125000 2.062149e+07
66432.800000 3.735913e+07

35592.275000 2.594098e+07
55377.275000 2.186087e+07
63546.600000 2.208053e+07
66544.325000 2.124903e+07
67008.675000 2.156711e+07
67974.425000 3.925383e+07
67763.725000 2.160615e+07
68289.650000 2.126093e+07

36417.050000 2.090338e+07
56708.500000 3.304502e+07
65556.100000 2.185860e+07
67793.550000 3.770672e+07
69127.350000 2.214920e+07
69407.800000 2.225520e+07
69765.200000 3.603460e+07
69627.875000 2.242832e+07

37239.725000 2.166883e+07
58178.050000 2.237194e+07
67150.200000 2.239621e+07
69772.525000 3.780308e+07
70851.825000 2.291313e+07
70945.825000 2.290038e+07
71588.275000 2.842722e+07
71228.300000 2.331504e+07

38233.650000 2.242142e+07
59611.825000 2.329177e+07
68572.050000 2.307884e+07
71774.725000 2.409684e+07
72519.675000 4.040323e+07
72640.425000 2.306751e+07
73467.650000 4.178118e+07
72783.900000 2.404214e+07

39185.150000 2.226253e+07
61170.125000 3.739569e+07
70101.875000 2.351991e+07
73412.850000 2.448072e+07
74156.275000 2.865735e+07
74418.600000 2.472724e+07
75388.325000 4.504053e+07
74476.125000 2.424096e+07

39961.375000 2.338296e+07
62894.775000 2.467884e+07
71567.700000 2.553664e+07
74957.650000 4.157336e+07
76107.800000 2.527819e+07
76083.900000 4.541328e+07
77006.625000 2.479010e+07
76540.075000 2.438999e+07

40839.550000 2.442897e+07
64497.150000 2.546197e+07
73202.200000 2.730331e+07
76463.150000 2.591296e+07
77874.100000 4.463699e+07
78149.625000 2.557886e+07
78300.850000 5.041634e+07
78529.300000 2.568108e+07

41770.600000 3.015914e+07
65986.250000 2.619698e+07
74595.900000 2.559501e+07
78308.600000 2.771913e+07
79559.275000 2.679318e+07
80173.100000 5.053557e+07
79741.800000 2.610417e+07
80296.325000 2.578857e+07

42698.875000 2.485578e+07
67248.925000 2.601814e+07
76389.900000 2.856385e+07
80052.325000 2.611332e+07
81070.275000 4.790706e+07
82130.325000 2.675166e+07
81364.225000 5.204839e+07
81972.950000 2.708901e+07

43629.075000 3.210638e+07
68655.950000 2.733461e+07
77974.600000 2.794353e+07
81763.950000 3.197244e+07
82992.725000 2.728647e+07
83855.175000 5.033569e+07
83048.150000 2.819842e+07
83699.825000 2.756973e+07

44499.425000 2.734195e+07
70203.200000 2.802476e+07
79681.750000 2.957844e+07
83499.975000 2.840453e+07
84481.550000 5.169158e+07
85633.150000 2.818551e+07
84981.425000 2.824858e+07
85351.025000 3.394016e+07

45394.925000 2.642440e+07
71526.050000 3.212420e+07
81664.575000 2.894584e+07
85142.625000 5.347609e+07
85852.000000 2.948346e+07
87385.700000 2.898878e+07
87001.225000 5.230822e+07
86864.550000 2.917550e+07

46362.675000 2.908562e+07
72902.200000 2.969029e+07
83249.850000 3.101754e+07
86881.175000 2.948484e+07
87721.775000 4.137155e+07
88856.175000 2.966327e+07
88807.025000 2.959880e+07
88591.000000 2.949929e+07

47197.525000 3.554757e+07
74695.300000 2.925143e+07
84559.300000 2.953000e+07
88566.075000 4.062669e+07
89863.400000 3.093244e+07
90276.625000 5.435218e+07
90583.250000 3.076921e+07
90121.525000 3.086586e+07

47959.350000 2.944453e+07
76176.150000 3.065760e+07
86232.825000 3.091672e+07
90153.575000 3.015709e+07
91858.250000 5.747747e+07
91854.900000 3.069839e+07
92054.325000 3.110996e+07
92124.700000 5.639636e+07

48918.675000 2.993737e+07
77552.700000 4.948484e+07
87853.700000 3.099657e+07
92054.500000 3.198644e+07
93487.750000 5.770041e+07
93547.525000 3.153239e+07
93780.225000 3.157342e+07
94139.250000 3.481780e+07

49791.500000 3.032284e+07
78978.200000 4.923474e+07
89680.700000 3.166489e+07
93509.150000 3.177149e+07
95408.025000 3.330359e+07
95306.500000 3.202839e+07
95562.050000 6.050271e+07
95750.675000 3.099219e+07

50853.975000 3.913750e+07
80324.050000 3.219761e+07
91283.825000 3.238863e+07
95284.050000 4.059128e+07
97330.225000 3.269761e+07
96949.775000 5.860104e+07
97235.925000 3.320426e+07
97444.250000 3.350992e+07

51775.350000 3.163906e+07
81828.525000 3.315287e+07
92877.550000 3.419522e+07
96845.075000 3.354921e+07
99028.225000 6.373260e+07
98743.575000 3.306804e+07
98838.400000 3.339092e+07
99118.775000 3.385774e+07

52824.350000 3.179084e+07
83062.375000 3.502998e+07
94605.800000 3.425143e+07
98330.200000 5.949079e+07
100772.950000 3.391384e+07
100605.575000 6.638855e+07
100614.675000 3.502050e+07
101141.875000 3.426701e+07

53792.775000 3.295631e+07
84156.125000 3.441671e+07
96584.325000 3.511555e+07
99999.375000 3.516846e+07
102366.650000 6.540651e+07
102462.600000 3.529020e+07
102266.825000 3.529574e+07
103257.375000 3.713582e+07

54678.950000 3.213569e+07
85374.275000 3.404781e+07
98518.050000 3.541966e+07
101762.825000 3.603791e+07
103791.725000 6.473011e+07
104073.850000 3.538295e+07
104310.125000 6.827838e+07
104811.325000 3.629138e+07

55557.225000 3.353353e+07
86837.250000 3.660669e+07
100087.825000 3.627370e+07
103903.700000 6.605200e+07
105264.050000 3.603925e+07
105823.350000 3.623237e+07
106131.725000 6.988367e+07
106216.750000 3.615951e+07

56331.625000 3.372950e+07
88579.425000 6.034392e+07
101438.350000 3.650939e+07
105835.325000 6.882628e+07
106882.200000 3.653951e+07
107499.075000 3.735594e+07
107997.475000 7.417177e+07
107644.450000 3.762906e+07

57399.950000 3.444159e+07
89980.250000 6.008878e+07
102961.225000 3.730995e+07
107512.675000 3.742122e+07
108685.075000 3.827577e+07
109203.325000 3.731370e+07
109507.425000 7.469866e+07
109565.225000 3.806296e+07

58536.000000 3.512306e+07
91156.900000 5.756787e+07
104650.650000 3.785197e+07
109328.850000 7.208263e+07
110459.000000 3.850355e+07
110668.750000 3.803187e+07
111421.575000 3.910239e+07
111315.175000 3.855508e+07

59350.375000 3.641996e+07
92723.900000 3.892449e+07
106335.750000 4.638144e+07
111037.750000 3.984784e+07
112119.375000 7.794600e+07
112400.550000 3.837276e+07
113409.925000 3.870556e+07
112583.450000 5.588609e+07

60209.075000 3.623952e+07
94189.875000 6.411899e+07
107896.050000 3.794995e+07
112755.625000 3.905030e+07
113785.850000 4.808236e+07
114277.200000 4.020917e+07
115093.125000 7.851712e+07
114210.175000 3.964581e+07

61032.550000 3.660906e+07
95695.575000 3.866626e+07
109509.250000 4.056991e+07
114576.125000 3.964479e+07
115456.500000 7.654642e+07
116049.100000 3.983488e+07
116659.375000 3.981417e+07
115995.050000 4.329195e+07

62252.950000 3.864114e+07
96791.825000 6.899726e+07
111358.800000 4.045320e+07
116129.375000 4.097041e+07
117187.375000 4.144972e+07
117779.775000 4.093207e+07
118368.300000 8.054177e+07
118038.525000 4.236018e+07

63309.650000 3.829598e+07
98176.750000 4.201913e+07
112690.150000 4.164120e+07
118024.950000 7.913759e+07
118703.450000 4.184259e+07
119740.875000 4.202349e+07
119815.625000 5.239549e+07
120121.475000 4.311216e+07

64143.725000 3.963091e+07
99756.700000 4.181953e+07
114041.775000 4.307387e+07
119889.000000 4.242349e+07
120502.750000 8.154520e+07
121596.875000 4.260139e+07
121503.975000 4.373998e+07
121841.800000 4.252044e+07

64895.475000 3.981049e+07
101376.575000 4.095953e+07
115559.275000 4.285767e+07
121586.375000 4.498266e+07
122284.350000 9.034153e+07
123453.800000 4.381821e+07
123313.375000 4.354931e+07
123556.375000 4.908132e+07

65748.725000 5.693463e+07
102759.575000 5.063634e+07
117323.375000 4.379587e+07
123062.075000 8.363075e+07
124238.175000 4.483950e+07
125180.450000 4.416977e+07
124789.850000 8.481310e+07
125390.700000 4.527948e+07

66775.400000 6.082817e+07
104250.875000 4.353681e+07
118998.900000 4.417773e+07
124635.650000 5.621041e+07
125910.300000 4.576717e+07
126944.500000 9.040418e+07
126419.250000 4.561885e+07
127309.550000 4.491889e+07

67805.450000 4.309608e+07
105647.575000 4.457753e+07
120858.775000 4.618256e+07
126045.800000 4.700251e+07
127438.275000 9.000364e+07
128895.825000 4.553587e+07
127913.025000 4.517935e+07
129281.525000 4.570885e+07

68757.875000 5.607369e+07
106992.925000 4.465975e+07
122712.600000 8.531511e+07
127677.825000 4.581845e+07
129020.425000 4.561545e+07
130603.875000 8.960531e+07
129806.250000 4.667820e+07
130686.300000 9.588055e+07

69708.375000 4.332062e+07
108513.825000 4.581815e+07
124247.725000 4.748381e+07
129414.500000 4.653065e+07
130724.025000 9.934426e+07
132156.925000 4.739842e+07
132024.125000 4.791780e+07
132201.525000 6.626672e+07

70607.550000 4.435807e+07
109870.725000 5.380771e+07
126043.150000 4.704634e+07
130949.225000 4.449623e+07
132445.500000 8.831242e+07
133894.350000 4.774437e+07
133833.475000 4.716737e+07
134060.425000 5.269183e+07

71389.775000 4.372145e+07
111445.975000 4.578948e+07
127727.200000 4.884373e+07
132512.250000 4.791413e+07
134474.450000 9.839464e+07
135441.950000 4.898966e+07
135600.675000 1.028731e+08
135783.950000 4.908631e+07

72172.275000 4.470889e+07
113140.900000 4.710756e+07
129374.775000 4.760281e+07
133981.775000 4.848890e+07
136515.875000 9.226767e+07
136961.775000 4.882827e+07
137249.700000 1.028174e+08
137630.225000 4.719780e+07

73134.650000 4.497307e+07
114566.275000 7.509327e+07
130910.950000 4.755266e+07
135655.975000 1.011153e+08
138344.000000 4.990763e+07
138694.675000 4.996940e+07
139021.075000 1.073450e+08
139543.400000 5.105760e+07

74079.925000 4.623726e+07
116004.700000 4.773112e+07
132599.400000 4.918996e+07
137268.750000 4.992084e+07
139927.150000 5.470364e+07
140301.650000 5.135807e+07
141132.975000 1.059920e+08
141203.350000 5.159222e+07

75115.850000 4.615024e+07
117369.125000 6.158915e+07
134231.775000 5.009869e+07
139057.775000 1.033445e+08
141619.600000 5.141342e+07
141797.925000 5.149664e+07
143159.500000 1.071078e+08
142963.425000 5.275677e+07

75940.650000 4.726525e+07
118862.750000 5.101830e+07
135930.625000 4.854746e+07
140823.725000 9.790571e+07
143490.525000 5.237547e+07
143222.875000 5.184022e+07
144807.975000 5.450025e+07
144927.875000 5.217881e+07

76835.525000 4.879359e+07
120255.350000 5.190859e+07
137507.275000 5.307841e+07
142576.475000 5.485692e+07
145164.275000 1.127003e+08
145046.850000 5.324682e+07
146307.175000 5.306210e+07
146889.275000 1.094148e+08

77664.575000 4.825551e+07
121841.075000 9.346715e+07
139058.650000 5.297000e+07
144243.475000 5.362194e+07
147070.075000 1.105670e+08
146968.525000 5.436425e+07
147897.175000 5.358632e+07
148464.025000 5.916921e+07

78637.025000 4.790445e+07
123078.175000 5.205771e+07
140940.175000 5.395169e+07
145688.875000 5.434321e+07
148810.800000 1.114465e+08
149101.500000 5.616565e+07
149373.200000 5.446462e+07
150192.775000 5.524464e+07

79466.200000 6.911318e+07
124398.875000 5.519735e+07
142777.350000 5.457779e+07
147528.850000 1.068696e+08
150251.475000 5.442390e+07
151205.825000 5.555444e+07
150832.675000 1.126801e+08
152111.075000 5.639192e+07

80385.375000 7.603977e+07
125623.025000 5.387536e+07
144407.400000 1.083674e+08
149442.800000 5.627213e+07
151804.200000 5.686062e+07
153052.650000 5.663264e+07
152563.000000 5.660939e+07
153959.400000 1.193766e+08

81280.025000 5.148033e+07
127133.500000 8.050175e+07
146038.175000 5.780263e+07
150944.075000 1.157343e+08
153763.525000 5.696464e+07
154644.450000 5.747994e+07
154810.475000 1.153132e+08
155573.625000 5.785541e+07

82290.625000 5.169497e+07
128479.300000 5.588147e+07
147650.725000 5.685396e+07
152449.675000 1.192644e+08
155798.325000 5.692124e+07
156204.900000 5.625652e+07
156899.525000 1.092985e+08
156965.950000 5.874869e+07

83404.800000 7.872287e+07
129776.575000 5.576871e+07
149136.575000 5.760959e+07
154225.375000 5.851692e+07
157487.325000 5.846618e+07
158048.525000 7.016740e+07
158492.450000 5.869687e+07
158746.825000 1.292380e+08

84322.275000 5.445037e+07
131318.100000 5.687572e+07
150565.200000 1.085603e+08
156236.500000 5.864326e+07
159057.275000 1.261102e+08
159798.175000 5.882957e+07
160136.925000 5.910773e+07
160615.500000 1.336035e+08

85151.800000 5.389647e+07
132928.425000 1.080246e+08
152103.150000 5.915707e+07
158048.750000 5.876924e+07
160507.400000 1.204885e+08
161653.950000 6.072261e+07
161916.525000 5.953375e+07
162328.750000 7.640834e+07

86065.750000 5.403163e+07
134425.675000 9.871471e+07
153693.700000 5.956790e+07
159955.725000 1.188020e+08
161920.225000 6.070652e+07
163422.250000 6.078741e+07
163789.875000 6.120187e+07
163986.250000 7.823345e+07

87020.150000 5.458846e+07
135884.350000 5.904046e+07
155288.025000 6.158401e+07
161837.775000 6.090375e+07
163199.400000 1.239502e+08
165201.600000 6.178327e+07
165575.775000 1.196625e+08
165600.325000 6.583940e+07

88030.575000 5.573844e+07
137363.800000 8.685153e+07
156681.525000 6.149038e+07
163672.225000 1.211999e+08
164854.725000 6.198600e+07
166878.825000 6.297845e+07
167429.300000 9.311967e+07
167240.275000 6.374400e+07

88926.450000 5.772763e+07
138988.825000 6.158530e+07
158247.925000 6.368125e+07
165489.975000 6.347284e+07
166518.575000 1.313582e+08
168415.125000 6.270135e+07
169414.075000 1.357435e+08
168818.750000 6.237167e+07

89809.375000 5.687874e+07
140633.525000 7.510800e+07
159673.125000 6.412157e+07
167252.525000 1.300678e+08
168508.175000 6.369369e+07
170011.825000 6.377814e+07
171402.900000 1.405724e+08
170448.325000 6.431883e+07

90956.850000 8.758571e+07
141906.325000 6.238108e+07
161148.475000 1.273192e+08
168946.325000 6.493796e+07
170435.175000 6.400623e+07
171552.275000 1.380483e+08
173260.500000 6.671065e+07
172344.400000 1.417806e+08

91922.650000 5.974333e+07
143322.825000 6.267886e+07
162774.600000 6.547455e+07
170485.850000 6.486118e+07
172407.200000 1.434532e+08
173231.775000 6.567707e+07
174808.475000 6.616052e+07
174103.875000 7.200193e+07

