488.333333 4.127367e+04
801.833333 4.309700e+04
924.500000 5.131733e+04
1016.000000 4.318050e+04
980.500000 5.093017e+04
991.500000 5.253967e+04
1004.833333 4.467750e+04
970.000000 4.124450e+04

1002.166667 9.024050e+04
1607.500000 8.869583e+04
1842.333333 8.185467e+04
1984.333333 8.677233e+04
1928.000000 7.254133e+04
2012.333333 7.667667e+04
2017.500000 7.696267e+04
1973.000000 8.191167e+04

1534.500000 1.242988e+05
2407.833333 2.111237e+05
2842.000000 2.175203e+05
2862.666667 1.193192e+05
2964.166667 1.181315e+05
2971.833333 1.968217e+05
3002.500000 1.882242e+05
2996.666667 1.235240e+05

2044.166667 5.137283e+05
3216.666667 2.164477e+05
3700.166667 1.877892e+05
3964.500000 2.464960e+05
3973.166667 1.842392e+05
4040.500000 2.989143e+05
3985.333333 2.002703e+05
3984.166667 1.834957e+05

2595.333333 3.217018e+05
4013.333333 2.228908e+05
4638.666667 1.997345e+05
4921.666667 2.728368e+05
4969.666667 2.105772e+05
4967.333333 3.680840e+05
4989.333333 3.538237e+05
4960.166667 2.952623e+05

3117.000000 3.311745e+05
4861.500000 2.846235e+05
5578.833333 3.287463e+05
5847.500000 2.247687e+05
5917.500000 5.267470e+05
6003.833333 2.710478e+05
5967.666667 1.331555e+06
6018.166667 3.778968e+05

3600.333333 4.972562e+05
5607.166667 3.545645e+05
6726.333333 3.968662e+05
6743.000000 3.029257e+05
6988.666667 5.266568e+05
6882.500000 3.937302e+05
7034.333333 6.150562e+05
7067.166667 3.921040e+05

4132.000000 4.357112e+05
6516.666667 5.974352e+05
7439.000000 4.200360e+05
7845.000000 1.744214e+06
7907.666667 5.193155e+05
8049.166667 4.494900e+05
8040.500000 4.413127e+05
7940.333333 4.496162e+05

4574.500000 4.919757e+05
7410.166667 4.447173e+05
8301.333333 3.967690e+05
8886.333333 5.503805e+05
8962.000000 4.356720e+05
9048.666667 5.442972e+05
8926.833333 4.294982e+05
9087.333333 4.647987e+05

5139.333333 7.606072e+05
8120.500000 5.873767e+05
9362.666667 2.481680e+06
9783.333333 5.377398e+05
9948.833333 5.396210e+05
9939.833333 4.788293e+05
10099.500000 5.413088e+05
10074.500000 4.947217e+05

5741.333333 6.906900e+05
8787.166667 6.585878e+05
10319.500000 5.113683e+05
10910.833333 9.285210e+05
10892.500000 5.604090e+05
11048.833333 6.353497e+05
11110.000000 5.398992e+05
10911.500000 5.218795e+05

6276.333333 6.745120e+05
9646.500000 7.161373e+05
11275.833333 7.461473e+05
11806.000000 5.582727e+05
11950.666667 5.606115e+05
12010.000000 6.632517e+05
11925.666667 7.283797e+05
12049.333333 7.164522e+05

6780.166667 6.047660e+05
10535.166667 7.578578e+05
12243.000000 6.811473e+05
12648.500000 8.125125e+05
13017.000000 6.442427e+05
12895.833333 3.520676e+06
12889.500000 6.699710e+05
12961.166667 6.248775e+05

7231.833333 1.555306e+06
11454.833333 6.604438e+05
13249.666667 2.863729e+06
13637.166667 8.094438e+05
13987.333333 8.162983e+05
13901.666667 7.266547e+05
14085.833333 7.354618e+05
13931.833333 8.408890e+05

7705.166667 1.409366e+06
12267.833333 7.501903e+05
14180.500000 3.605318e+06
14761.833333 8.134805e+05
14839.333333 2.415599e+06
14902.166667 7.102933e+05
15023.166667 7.492172e+05
15005.666667 9.853555e+05

8195.166667 8.321358e+05
13159.000000 9.700742e+05
15006.333333 8.786633e+05
15748.333333 9.029367e+05
15897.166667 9.942132e+05
15930.333333 9.481217e+05
15923.833333 9.942672e+05
15967.500000 7.701263e+05

8750.666667 8.946400e+05
13954.166667 9.336625e+05
15993.500000 1.307028e+06
16744.166667 1.181163e+06
16853.166667 8.590998e+05
17021.666667 8.962397e+05
17010.333333 1.072773e+06
16988.333333 9.847737e+05

9341.833333 9.982712e+05
14656.333333 1.166089e+06
17074.666667 9.815325e+05
17530.166667 9.085340e+05
17926.666667 1.177215e+06
17847.333333 1.130686e+06
17935.833333 9.456803e+05
18126.166667 9.178545e+05

9888.666667 1.050082e+06
15477.333333 1.331950e+06
17873.333333 9.924408e+05
18595.000000 1.372286e+06
18966.166667 1.195044e+06
18974.500000 5.402146e+06
18857.833333 1.221187e+06
19040.166667 1.239769e+06

10391.000000 1.004807e+06
16313.166667 1.031119e+06
18822.500000 1.216870e+06
19596.666667 1.053330e+06
19798.000000 1.075481e+06
19988.833333 1.112406e+06
20067.500000 1.084797e+06
20129.666667 1.642010e+06

10920.500000 9.183775e+05
17120.000000 1.024179e+06
19759.333333 1.185876e+06
20466.833333 1.165756e+06
20954.333333 1.240660e+06
20850.500000 1.114744e+06
21002.333333 1.204674e+06
21140.333333 1.171976e+06

11410.833333 1.082261e+06
18092.500000 1.548199e+06
20647.166667 1.672058e+06
21508.166667 1.587364e+06
21979.833333 1.550245e+06
21892.833333 4.920432e+06
21977.833333 1.370092e+06
22011.166667 5.862269e+06

12000.333333 1.424752e+06
18975.500000 1.611130e+06
21580.833333 1.262980e+06
22340.333333 1.282512e+06
22844.666667 1.562244e+06
22754.500000 1.679230e+06
23164.500000 1.383831e+06
23041.333333 1.270098e+06

12432.500000 1.189978e+06
19851.000000 1.423633e+06
22441.333333 1.391913e+06
23369.666667 1.342800e+06
23953.666667 1.657378e+06
23980.166667 1.714621e+06
23992.833333 1.931217e+06
24054.666667 1.700566e+06

12982.666667 1.593138e+06
20667.000000 1.882640e+06
23302.666667 1.689793e+06
24443.833333 1.535568e+06
24938.666667 1.477907e+06
24884.333333 1.671940e+06
24992.666667 1.509985e+06
25028.666667 6.705106e+06

13515.333333 1.324410e+06
21284.333333 1.444154e+06
24408.500000 1.896410e+06
25554.666667 1.568008e+06
25854.500000 1.902388e+06
25988.666667 1.583213e+06
25872.000000 2.036727e+06
26067.166667 1.949256e+06

14098.833333 1.838569e+06
22079.166667 1.733314e+06
25248.666667 1.631783e+06
26547.833333 2.449330e+06
26639.666667 2.477903e+06
27096.500000 3.704682e+06
26960.333333 2.038866e+06
27030.166667 3.462721e+06

14610.333333 1.629605e+06
22919.333333 1.629414e+06
26264.000000 2.082023e+06
27464.833333 1.799945e+06
27602.500000 1.624084e+06
28095.166667 1.710028e+06
27967.333333 1.699510e+06
28205.000000 1.724906e+06

15248.000000 1.515594e+06
23641.166667 1.751386e+06
27163.666667 2.251380e+06
28560.833333 1.810916e+06
28569.666667 1.890672e+06
28928.833333 2.243728e+06
29162.000000 1.861158e+06
29257.333333 1.916925e+06

15895.166667 1.701147e+06
24296.000000 1.734572e+06
28049.166667 1.814593e+06
29622.833333 1.891701e+06
29744.000000 1.881858e+06
29727.166667 2.440256e+06
30125.000000 1.854445e+06
30186.000000 1.892734e+06

16397.500000 1.816078e+06
25183.000000 1.808144e+06
28991.500000 1.946887e+06
30364.500000 1.994348e+06
30938.666667 2.050807e+06
30784.500000 2.004712e+06
31172.666667 2.016897e+06
31198.666667 2.808229e+06

16883.500000 1.669912e+06
26082.000000 2.445749e+06
29840.333333 1.902506e+06
31449.500000 2.928224e+06
31875.500000 2.196276e+06
31911.500000 2.603370e+06
32195.333333 2.108840e+06
31833.833333 2.654033e+06

17385.666667 1.774106e+06
26977.833333 1.907365e+06
30943.666667 2.128672e+06
32381.166667 2.800848e+06
32843.500000 2.525846e+06
32873.666667 2.539487e+06
33269.333333 2.237725e+06
33128.666667 2.634087e+06

17816.666667 2.069892e+06
27869.500000 2.030709e+06
31884.333333 2.185002e+06
33214.833333 2.315251e+06
33709.333333 2.836034e+06
34045.666667 2.237930e+06
34189.666667 2.294412e+06
33977.333333 2.284308e+06

18378.000000 1.847551e+06
28539.833333 2.165295e+06
32988.500000 2.249112e+06
34203.666667 2.819570e+06
34733.166667 2.438305e+06
35150.166667 2.547295e+06
35170.500000 2.339144e+06
34996.666667 2.419520e+06

18848.166667 2.237154e+06
29511.000000 2.743723e+06
33850.666667 2.414218e+06
35130.833333 3.092979e+06
35922.666667 2.454122e+06
36083.166667 2.622459e+06
35959.166667 2.358764e+06
36129.000000 2.899054e+06

19454.000000 2.051012e+06
30228.000000 2.334218e+06
34705.833333 2.549796e+06
36251.000000 2.395433e+06
36593.000000 2.472238e+06
37018.833333 3.198717e+06
36980.333333 2.470803e+06
37273.333333 3.171349e+06

20001.500000 2.214495e+06
31004.666667 3.011428e+06
35598.666667 2.514248e+06
37338.666667 2.563842e+06
37557.000000 2.617927e+06
38200.666667 2.697312e+06
37937.000000 2.571920e+06
38254.000000 2.639288e+06

20490.166667 2.786618e+06
31875.166667 3.023834e+06
36505.666667 2.795510e+06
38328.000000 2.631884e+06
38503.333333 2.949392e+06
39236.000000 2.679233e+06
38999.500000 8.005672e+06
39407.833333 2.826467e+06

20995.500000 2.837406e+06
32678.833333 2.448109e+06
37736.500000 2.449192e+06
39078.166667 2.631782e+06
39802.833333 2.515548e+06
40028.000000 2.431546e+06
40259.666667 3.182858e+06
40150.166667 2.541992e+06

21422.166667 2.359332e+06
33486.333333 3.096056e+06
38569.166667 2.935392e+06
40136.000000 2.758038e+06
40810.166667 2.482614e+06
40923.666667 6.865383e+06
41237.333333 2.805281e+06
40980.000000 6.162311e+06

22009.000000 2.212513e+06
34264.500000 2.400566e+06
39448.166667 2.572192e+06
41416.666667 2.666156e+06
41808.166667 3.380026e+06
41855.833333 2.947099e+06
42459.833333 2.927394e+06
41932.166667 2.817550e+06

22565.666667 2.766023e+06
35213.666667 2.674066e+06
40339.000000 2.685636e+06
42217.833333 3.772242e+06
42794.500000 2.927838e+06
42795.833333 4.425989e+06
43478.500000 2.826498e+06
42960.833333 3.485894e+06

23004.833333 2.910849e+06
36177.500000 2.712572e+06
41218.166667 3.648266e+06
43169.500000 3.201494e+06
43878.833333 3.361926e+06
43771.000000 3.193052e+06
44420.333333 4.002692e+06
44108.000000 3.423141e+06

23489.500000 2.600453e+06
37098.833333 2.865538e+06
42099.333333 2.885156e+06
43997.833333 3.172248e+06
44812.833333 2.788290e+06
44998.333333 3.442112e+06
45058.166667 3.159821e+06
45293.333333 3.132085e+06

24087.000000 2.918676e+06
37997.500000 2.961249e+06
42870.166667 3.864572e+06
45114.166667 3.230320e+06
45850.333333 2.947903e+06
46073.666667 3.051498e+06
45916.000000 2.998235e+06
46296.500000 3.046512e+06

24599.500000 2.480800e+06
38702.000000 3.344269e+06
43977.333333 2.917510e+06
46093.500000 2.926656e+06
46820.666667 3.074220e+06
47421.666667 5.092107e+06
46876.333333 3.199396e+06
47213.000000 3.983974e+06

25080.666667 2.754944e+06
39504.166667 3.522217e+06
44857.500000 3.431481e+06
47147.833333 3.923053e+06
47814.833333 3.373381e+06
48382.666667 4.286117e+06
47809.166667 3.688521e+06
48304.500000 5.947347e+06

25631.500000 2.656749e+06
40396.666667 2.977871e+06
45855.333333 3.946885e+06
48203.833333 3.337036e+06
48726.500000 4.094107e+06
49246.666667 3.908955e+06
48975.333333 3.839401e+06
49125.833333 3.761231e+06

26123.333333 2.778892e+06
41201.333333 4.025696e+06
46876.833333 3.408070e+06
49094.333333 3.777540e+06
49495.000000 3.544533e+06
50403.666667 4.323926e+06
50042.833333 3.672919e+06
49988.166667 3.542648e+06

26726.666667 3.445402e+06
41964.666667 3.722303e+06
47856.333333 3.693125e+06
49995.333333 3.769392e+06
50683.166667 3.795547e+06
51159.833333 4.215826e+06
51040.833333 3.991541e+06
51126.666667 3.577351e+06

27158.000000 2.752812e+06
42824.500000 3.772289e+06
48675.666667 3.804632e+06
50967.666667 3.583855e+06
51752.166667 3.727192e+06
51862.333333 4.690030e+06
52123.500000 3.503006e+06
51837.333333 3.675987e+06

27672.000000 3.399382e+06
43802.166667 3.729197e+06
49639.500000 5.388523e+06
51903.833333 5.914133e+06
52924.833333 4.795670e+06
52793.333333 4.244891e+06
53131.833333 8.571298e+06
53094.000000 5.059122e+06

28192.166667 4.032814e+06
44594.500000 3.549965e+06
50735.500000 4.880847e+06
52926.500000 3.937635e+06
53902.500000 3.796440e+06
53927.500000 3.925404e+06
54119.000000 3.848930e+06
54209.500000 3.956296e+06

28687.166667 3.031864e+06
45403.166667 3.846373e+06
51709.500000 3.873717e+06
53782.000000 3.713480e+06
54854.000000 3.814595e+06
54868.833333 5.345970e+06
54956.833333 3.958613e+06
55220.500000 3.927196e+06

29250.333333 3.679822e+06
46219.833333 4.283015e+06
52572.166667 3.844176e+06
54787.500000 4.059443e+06
56129.000000 4.198412e+06
55952.666667 4.379287e+06
55969.666667 3.833649e+06
56206.333333 4.394562e+06

29900.166667 3.813612e+06
46985.666667 5.186304e+06
53351.666667 5.125326e+06
55844.000000 4.028458e+06
57050.000000 8.682326e+06
56855.166667 4.337237e+06
56951.833333 1.319817e+07
57077.000000 4.244484e+06

30438.833333 3.242236e+06
47775.833333 3.853700e+06
54458.666667 5.594816e+06
56682.500000 4.209609e+06
58042.666667 4.237016e+06
57919.500000 4.186079e+06
58084.000000 4.250354e+06
58295.000000 4.188587e+06

30959.166667 3.695296e+06
48485.333333 4.878801e+06
55663.333333 4.449435e+06
57491.166667 4.282638e+06
58917.000000 4.325921e+06
59168.000000 4.322326e+06
58894.500000 4.171445e+06
59486.500000 4.339023e+06

31450.666667 3.309452e+06
49106.000000 3.990267e+06
56746.500000 4.098330e+06
58646.166667 6.531674e+06
59822.333333 4.728676e+06
59928.500000 4.378704e+06
60012.500000 4.288607e+06
60426.833333 4.167197e+06

32005.500000 4.371014e+06
49887.000000 4.021080e+06
57548.333333 4.980530e+06
59788.166667 4.492314e+06
60535.500000 5.965052e+06
60805.500000 4.454117e+06
61172.000000 5.950654e+06
61213.166667 4.613120e+06

32398.333333 4.141706e+06
51040.333333 4.313286e+06
58482.333333 4.529931e+06
60886.666667 5.011989e+06
61740.333333 4.902657e+06
61857.166667 1.305960e+07
62239.333333 5.077319e+06
61903.166667 1.845266e+07

33146.166667 3.837675e+06
51774.833333 4.318555e+06
59173.666667 4.532794e+06
61973.500000 4.701187e+06
62512.166667 4.724358e+06
62903.500000 4.688694e+06
63139.000000 4.605978e+06
63085.833333 4.485170e+06

33719.333333 8.515123e+06
52444.000000 4.871041e+06
60163.166667 5.694842e+06
62974.833333 4.757984e+06
63816.333333 6.084064e+06
63734.000000 5.183256e+06
64284.166667 5.236023e+06
64278.833333 4.748054e+06

34225.000000 3.602246e+06
53250.500000 4.600783e+06
61230.500000 4.531294e+06
63993.166667 5.016779e+06
64560.333333 4.843347e+06
64725.166667 4.988746e+06
65153.666667 4.778952e+06
64782.333333 6.144516e+06

34596.166667 3.931304e+06
54367.666667 4.531350e+06
62099.666667 4.904562e+06
64848.000000 5.189368e+06
65537.333333 5.790231e+06
65947.833333 5.583814e+06
66348.833333 5.024966e+06
65796.833333 5.084041e+06

35129.666667 3.696203e+06
55039.666667 6.718094e+06
62946.500000 6.179388e+06
65903.166667 5.470736e+06
66618.666667 5.197287e+06
66761.500000 5.710301e+06
67330.833333 5.711450e+06
66787.000000 4.700515e+06

35861.333333 4.019437e+06
55682.666667 4.433462e+06
64140.833333 5.508267e+06
66897.333333 5.396282e+06
67465.000000 4.779611e+06
67904.333333 5.478836e+06
68140.333333 6.628731e+06
67975.000000 6.617036e+06

36451.166667 3.985900e+06
56543.000000 4.955708e+06
64914.666667 5.397122e+06
68044.500000 5.519857e+06
68383.500000 5.378273e+06
68910.666667 5.267068e+06
69033.500000 5.434414e+06
69256.166667 5.316317e+06

36934.666667 4.831756e+06
57445.666667 5.605718e+06
65601.833333 5.128732e+06
69049.000000 5.558367e+06
69373.333333 5.618403e+06
69920.666667 5.334891e+06
69918.333333 5.403482e+06
70260.333333 5.728121e+06

37353.166667 4.407125e+06
58436.166667 6.939008e+06
66489.500000 7.136580e+06
69977.666667 5.254609e+06
70475.166667 5.278358e+06
71143.000000 5.345292e+06
71069.500000 5.380834e+06
70973.833333 5.454590e+06

37809.833333 5.514461e+06
59173.000000 5.561979e+06
67619.000000 5.434369e+06
70780.166667 5.015583e+06
71402.500000 5.943959e+06
72042.833333 6.297390e+06
71687.500000 8.399842e+06
72471.166667 7.684258e+06

38418.666667 4.538150e+06
60051.166667 5.366704e+06
68536.666667 5.429237e+06
71815.166667 5.624824e+06
72437.333333 6.389728e+06
73076.666667 5.696263e+06
72871.000000 5.703049e+06
73328.166667 5.447167e+06

38999.333333 4.381087e+06
60853.333333 7.642456e+06
69577.166667 6.909278e+06
72705.333333 5.585855e+06
73428.333333 5.549433e+06
74268.833333 5.470666e+06
73613.666667 5.491104e+06
74442.833333 5.213107e+06

39608.833333 5.927576e+06
61643.000000 6.960259e+06
70649.666667 6.071286e+06
73537.000000 6.839923e+06
74334.333333 5.777857e+06
75216.166667 7.171695e+06
74662.166667 5.946434e+06
75128.500000 6.173601e+06

40173.000000 4.942127e+06
62411.166667 5.323804e+06
71391.000000 5.925265e+06
74691.166667 6.036998e+06
75416.000000 6.566948e+06
76133.166667 5.948572e+06
76057.333333 5.775447e+06
76066.333333 5.612264e+06

40700.833333 5.067082e+06
63227.166667 5.833246e+06
72467.166667 7.681799e+06
75423.833333 6.422503e+06
76401.333333 8.609782e+06
77094.000000 6.220670e+06
77187.166667 1.198395e+07
77237.000000 7.894296e+06

41068.500000 6.353299e+06
64110.333333 6.930205e+06
73614.000000 5.922168e+06
76153.666667 5.994411e+06
77589.833333 5.803377e+06
78024.833333 5.712408e+06
78120.333333 6.085539e+06
78166.333333 6.037284e+06

41513.500000 4.731819e+06
65149.500000 5.550028e+06
74458.666667 5.841397e+06
77220.000000 7.258004e+06
78781.166667 6.755273e+06
79011.833333 7.391061e+06
79039.333333 7.206253e+06
79210.666667 6.162550e+06

42125.500000 9.341771e+06
65922.500000 8.984942e+06
75366.833333 7.961779e+06
78097.500000 7.243792e+06
79553.333333 1.064683e+07
79926.833333 6.053125e+06
79974.166667 1.291343e+07
80396.333333 1.009291e+07

42655.666667 6.419109e+06
66767.000000 7.121718e+06
76298.333333 7.560311e+06
79004.333333 7.740068e+06
80787.666667 5.927684e+06
80897.000000 5.860823e+06
81253.833333 6.170318e+06
81205.333333 6.268595e+06

43260.666667 5.299682e+06
67438.166667 7.633878e+06
77326.666667 6.503511e+06
80145.000000 8.702021e+06
81485.500000 7.736431e+06
81728.333333 7.750196e+06
82406.166667 6.695506e+06
82426.666667 7.718845e+06

43736.000000 5.265914e+06
68408.166667 7.694989e+06
78241.333333 7.583878e+06
81083.833333 6.330228e+06
82740.500000 6.771903e+06
82450.500000 7.136441e+06
83311.666667 6.640240e+06
83551.000000 6.888775e+06

44213.166667 5.092604e+06
69300.166667 5.829437e+06
79005.166667 7.664237e+06
82190.000000 8.020177e+06
83597.000000 6.497753e+06
83625.166667 6.482658e+06
84220.500000 6.989293e+06
84580.000000 7.053430e+06

44645.166667 5.512844e+06
70204.833333 6.467780e+06
80041.500000 1.188246e+07
83016.166667 9.231114e+06
84747.166667 7.325205e+06
84664.000000 7.091160e+06
85149.500000 1.057974e+07
85416.000000 8.548953e+06

45267.333333 7.452617e+06
70698.500000 6.900970e+06
81202.333333 7.181727e+06
83858.333333 7.063680e+06
85724.666667 7.171134e+06
85729.500000 7.249744e+06
85858.500000 7.311749e+06
86609.666667 7.069347e+06

45762.333333 6.403648e+06
71540.666667 6.525007e+06
82185.833333 6.629630e+06
84990.166667 7.051882e+06
86542.833333 7.730730e+06
87167.666667 7.698664e+06
86904.666667 7.266567e+06
87572.833333 7.263936e+06

46257.833333 5.602735e+06
72354.666667 7.174202e+06
83136.000000 7.840156e+06
86014.500000 6.456583e+06
87546.666667 6.534953e+06
87941.000000 9.710841e+06
87905.833333 8.232688e+06
88514.666667 1.198085e+07

46786.833333 5.672349e+06
73050.500000 6.900898e+06
84115.333333 6.592722e+06
86945.333333 7.335308e+06
88652.833333 7.959653e+06
89071.333333 8.497442e+06
89251.000000 7.271822e+06
89603.500000 7.906471e+06

47325.166667 7.553220e+06
73935.166667 6.866559e+06
85014.666667 1.155339e+07
87804.166667 8.687996e+06
89705.833333 7.932329e+06
90019.833333 7.130504e+06
90319.500000 3.187966e+07
90326.333333 8.327170e+06

47985.000000 7.496860e+06
74721.333333 7.721236e+06
85957.166667 7.397541e+06
88762.000000 7.476151e+06
90714.333333 7.629108e+06
91038.166667 7.659850e+06
91175.833333 8.087296e+06
91391.666667 7.854294e+06

48557.833333 7.323348e+06
75533.666667 8.096602e+06
86615.833333 8.430257e+06
90036.166667 7.925018e+06
91624.833333 7.109946e+06
92160.833333 1.018407e+07
92228.166667 9.362096e+06
92413.500000 8.092793e+06

48940.333333 8.056169e+06
76506.000000 6.912592e+06
87653.500000 8.385949e+06
91076.833333 7.183989e+06
92407.333333 9.840965e+06
93014.833333 7.562816e+06
93256.833333 2.675706e+07
93496.333333 7.956275e+06

49562.333333 7.208481e+06
77396.500000 7.950854e+06
88480.333333 9.742140e+06
92025.500000 9.604906e+06
93344.500000 7.433768e+06
93919.666667 7.209003e+06
94501.333333 7.581689e+06
94348.666667 7.729210e+06

50091.666667 7.451265e+06
78110.833333 7.599689e+06
89328.833333 8.147057e+06
93264.000000 9.745677e+06
94188.333333 1.000111e+07
95165.166667 8.058550e+06
95400.000000 7.999842e+06
95431.333333 9.308711e+06

50657.500000 6.517966e+06
79046.166667 7.217512e+06
90229.500000 7.471794e+06
94400.000000 7.914739e+06
95066.500000 8.472139e+06
96142.166667 7.530304e+06
96448.833333 9.430617e+06
96312.500000 8.724675e+06

51188.333333 6.874115e+06
79977.166667 8.367201e+06
91006.000000 8.678078e+06
95340.666667 1.275750e+07
95889.000000 1.074267e+07
97070.833333 3.038610e+07
97688.833333 8.006937e+06
97248.500000 1.194573e+07

51706.000000 9.061607e+06
80929.166667 1.010004e+07
91784.333333 9.044418e+06
96304.333333 8.664681e+06
97134.500000 9.799184e+06
97885.500000 9.205154e+06
98643.333333 9.044378e+06
98268.833333 9.066929e+06

52314.833333 1.119464e+07
81647.666667 7.950283e+06
92861.500000 1.017952e+07
97390.333333 8.434546e+06
98199.000000 3.037176e+07
98769.000000 8.492409e+06
99890.000000 1.243979e+07
99245.333333 8.043448e+06

52898.000000 7.997107e+06
82521.666667 8.386943e+06
93751.000000 9.047421e+06
98079.500000 8.993168e+06
99270.000000 8.986342e+06
99767.000000 8.883262e+06
100643.333333 8.805694e+06
100182.333333 9.103481e+06

