511.428571 4.508471e+04
854.000000 4.160086e+04
970.571429 4.137500e+04
1074.714286 4.210800e+04
1051.857143 4.438743e+04
1072.285714 3.997314e+04
1067.000000 4.244314e+04
1039.857143 4.246914e+04

1059.714286 8.193943e+04
1731.142857 9.571243e+04
1976.571429 8.816857e+04
2101.857143 8.933357e+04
2106.571429 7.743386e+04
2121.428571 7.805229e+04
2130.285714 7.461929e+04
2122.285714 7.723200e+04

1635.571429 1.195360e+05
2588.857143 1.587740e+05
3020.857143 1.188224e+05
3075.142857 1.128279e+05
3167.428571 1.176986e+05
3236.000000 1.133089e+05
3204.571429 1.101060e+05
3237.428571 1.228386e+05

2206.857143 1.335551e+05
3442.571429 1.501284e+05
3965.714286 1.444770e+05
4161.714286 1.409396e+05
4189.857143 1.403211e+05
4300.857143 1.531327e+05
4269.000000 1.469261e+05
4283.571429 1.532794e+05

2776.428571 2.105060e+05
4279.857143 1.322194e+06
4932.428571 4.112060e+05
5267.285714 3.322520e+05
5310.000000 2.992211e+05
5339.000000 1.093191e+06
5370.142857 2.868406e+05
5298.142857 2.531093e+05

3350.428571 3.009963e+05
5166.428571 5.381674e+05
5995.714286 3.200817e+05
6209.857143 5.624777e+05
6319.142857 3.648330e+05
6409.000000 3.962683e+05
6431.714286 3.609147e+05
6421.571429 3.130946e+05

3876.857143 3.484509e+05
5988.142857 3.664907e+05
7131.428571 3.149864e+05
7221.571429 5.102207e+05
7440.428571 3.347496e+05
7441.285714 1.608741e+06
7509.142857 3.694919e+05
7595.428571 3.969921e+05

4424.142857 3.452413e+05
6936.428571 4.463673e+05
7948.857143 4.424121e+05
8419.857143 4.433904e+05
8450.000000 4.529349e+05
8622.428571 4.170361e+05
8545.714286 4.231910e+05
8451.857143 7.430197e+05

4889.428571 4.554949e+05
7927.571429 5.003014e+05
8916.571429 6.778443e+05
9463.285714 5.707763e+05
9611.428571 6.876801e+05
9636.571429 4.452660e+05
9507.428571 4.533289e+05
9715.285714 5.338654e+05

5519.000000 6.172023e+05
8675.571429 5.870830e+05
9984.857143 5.825853e+05
10497.000000 5.725983e+05
10617.714286 4.852366e+05
10636.857143 8.343107e+05
10781.285714 7.644010e+05
10753.857143 7.364641e+05

6135.000000 1.817682e+06
9409.285714 6.474431e+05
11067.857143 2.636520e+06
11690.285714 7.395364e+05
11595.142857 6.752417e+05
11781.714286 5.547227e+05
11905.571429 6.730037e+05
11714.714286 5.500573e+05

6686.000000 5.738073e+05
10338.571429 6.773897e+05
12060.857143 7.300561e+05
12602.428571 6.979213e+05
12801.000000 7.270636e+05
12798.142857 8.258797e+05
12790.000000 6.668157e+05
12891.428571 1.780296e+06

7252.571429 7.521824e+05
11228.857143 8.232614e+05
13069.714286 7.060531e+05
13560.000000 6.439110e+05
13963.857143 8.387584e+05
13818.285714 7.823566e+05
13861.714286 8.081819e+05
13912.571429 7.300949e+05

7745.428571 7.115987e+05
12221.142857 2.745402e+06
14069.428571 9.122673e+05
14576.285714 8.975499e+05
14977.714286 7.193941e+05
14929.857143 7.471051e+05
14990.571429 7.619473e+05
14877.428571 7.527429e+05

8229.714286 8.171564e+05
13092.571429 9.808026e+05
15180.000000 9.440314e+05
15787.571429 9.760063e+05
15910.000000 9.092203e+05
15933.142857 1.026559e+06
16067.857143 8.938751e+05
16129.571429 9.198400e+05

8786.142857 9.892206e+05
14029.285714 9.059393e+05
16020.571429 1.083725e+06
16881.000000 8.885114e+05
17102.285714 4.328809e+06
17057.428571 9.122929e+05
17082.285714 8.710080e+05
17062.000000 8.967300e+05

9367.857143 1.099505e+06
14948.285714 1.180818e+06
17067.000000 9.412544e+05
17889.571429 8.740966e+05
17970.714286 1.010778e+06
18139.000000 8.850656e+05
18172.857143 1.331512e+06
18155.428571 1.213886e+06

9987.285714 8.653819e+05
15641.857143 9.538064e+05
18253.000000 9.669144e+05
18757.142857 9.518714e+05
19201.571429 1.253193e+06
19068.857143 1.247851e+06
19241.714286 1.432183e+06
19442.571429 1.340470e+06

10534.857143 1.219045e+06
16601.857143 1.255911e+06
19195.428571 1.119433e+06
19825.428571 1.031271e+06
20204.000000 1.621166e+06
20314.714286 1.407775e+06
20100.571429 1.247015e+06
20365.142857 1.203954e+06

11158.714286 1.064186e+06
17433.285714 1.064835e+06
20157.857143 1.474376e+06
20912.428571 1.297023e+06
21152.857143 1.150511e+06
21366.857143 1.058840e+06
21444.428571 1.472776e+06
21542.714286 1.295868e+06

11673.000000 1.134427e+06
18317.000000 1.166250e+06
21167.714286 1.089903e+06
21895.142857 1.474015e+06
22379.142857 1.321850e+06
22385.571429 2.278752e+06
22495.285714 1.350322e+06
22486.571429 1.274452e+06

12219.714286 3.130313e+06
19321.857143 1.460808e+06
22198.571429 1.423185e+06
23009.000000 1.213438e+06
23471.142857 1.399740e+06
23469.857143 1.386251e+06
23555.285714 1.167553e+06
23449.857143 1.634154e+06

12814.714286 3.268473e+06
20257.428571 1.219571e+06
23078.571429 1.665060e+06
23965.714286 1.518574e+06
24416.571429 1.500818e+06
24541.428571 1.295938e+06
24741.142857 1.367655e+06
24594.428571 1.289013e+06

13303.714286 1.260884e+06
21289.857143 1.399708e+06
24006.714286 1.761768e+06
24927.428571 1.619818e+06
25640.857143 1.740186e+06
25542.142857 1.595536e+06
25634.285714 1.882066e+06
25770.428571 1.638401e+06

13843.000000 1.529136e+06
22048.428571 1.446818e+06
24964.142857 1.364171e+06
26247.285714 1.634953e+06
26621.714286 1.463704e+06
26683.428571 1.730468e+06
26822.428571 1.401122e+06
26733.571429 1.970402e+06

14440.285714 1.266809e+06
22777.857143 1.441949e+06
26094.857143 1.515510e+06
27341.142857 2.087370e+06
27669.428571 2.163772e+06
27810.428571 1.863267e+06
27695.428571 1.519033e+06
27945.000000 1.611822e+06

15077.000000 4.018902e+06
23665.000000 1.510873e+06
27023.857143 2.017034e+06
28293.571429 1.952021e+06
28625.428571 1.555358e+06
28996.000000 1.572971e+06
28915.000000 1.853040e+06
28875.857143 2.179334e+06

15625.000000 2.838260e+06
24536.857143 1.694023e+06
28084.571429 8.082585e+06
29393.428571 1.916321e+06
29631.857143 1.666967e+06
30127.714286 1.996180e+06
29965.714286 1.810537e+06
30179.571429 2.004666e+06

16332.428571 1.631772e+06
25407.000000 1.600884e+06
28950.857143 2.408758e+06
30483.428571 1.805966e+06
30714.285714 1.696187e+06
31026.571429 2.073014e+06
31115.285714 1.738235e+06
31320.428571 2.104597e+06

16980.000000 2.093575e+06
26044.714286 2.112318e+06
29969.142857 2.275064e+06
31833.714286 1.900335e+06
31724.142857 1.747779e+06
31879.857143 1.738917e+06
32218.428571 1.748313e+06
32493.428571 2.488958e+06

17544.285714 1.800936e+06
26902.571429 1.823234e+06
31112.571429 2.573653e+06
32571.714286 2.003887e+06
33064.000000 2.660249e+06
33036.285714 2.078554e+06
33234.000000 2.709277e+06
33375.000000 2.039020e+06

18080.857143 1.647462e+06
27923.428571 2.753900e+06
31823.285714 2.715709e+06
33644.428571 2.495730e+06
34267.714286 2.002123e+06
34148.000000 1.944471e+06
34426.142857 2.334820e+06
34172.142857 2.313103e+06

18620.285714 5.235002e+06
28925.285714 2.342572e+06
32976.857143 2.661611e+06
34433.857143 2.471480e+06
35173.857143 2.098635e+06
35185.000000 2.299560e+06
35637.428571 2.033523e+06
35324.857143 2.402534e+06

19091.285714 2.209462e+06
29876.857143 2.736787e+06
33992.285714 2.547663e+06
35499.428571 6.383532e+06
36209.714286 2.728586e+06
36333.571429 2.158119e+06
36542.285714 2.548235e+06
36495.857143 2.218799e+06

19644.571429 1.865913e+06
30576.000000 1.981384e+06
35361.428571 2.124291e+06
36576.285714 2.521635e+06
37238.285714 2.193387e+06
37631.285714 2.227099e+06
37518.571429 2.144505e+06
37514.857143 2.274423e+06

20193.142857 2.193983e+06
31524.857143 2.287928e+06
36198.857143 2.145405e+06
37683.714286 2.419744e+06
38218.857143 2.207864e+06
38708.000000 2.729895e+06
38504.714286 2.285409e+06
38670.428571 2.245448e+06

20803.285714 2.648830e+06
32359.571429 2.277930e+06
37153.571429 3.586876e+06
38767.428571 3.088644e+06
39206.428571 8.462710e+06
39618.428571 2.294120e+06
39504.714286 2.434110e+06
39876.571429 2.362445e+06

21462.857143 2.160080e+06
33129.000000 2.626470e+06
38102.000000 2.481210e+06
39937.142857 3.344877e+06
40343.857143 2.384081e+06
40812.142857 3.028625e+06
40649.285714 2.529074e+06
40945.285714 4.369226e+06

21945.285714 2.317420e+06
34089.428571 2.378412e+06
39119.285714 2.457515e+06
41000.428571 2.659886e+06
41313.000000 3.757778e+06
41904.571429 2.479135e+06
41771.285714 2.532257e+06
42077.285714 2.371061e+06

22422.857143 1.973634e+06
34991.285714 2.225661e+06
40301.714286 2.648447e+06
41814.428571 2.298504e+06
42705.000000 2.821586e+06
42862.142857 2.367441e+06
43066.571429 2.846444e+06
42953.285714 2.662222e+06

23015.000000 2.332929e+06
35870.571429 2.623501e+06
41311.142857 2.506061e+06
42988.000000 2.687220e+06
43539.142857 2.996902e+06
43698.285714 2.475419e+06
44209.428571 2.831099e+06
43990.714286 2.500328e+06

23529.142857 2.060981e+06
36708.714286 3.858684e+06
42247.571429 2.507527e+06
44229.142857 2.612752e+06
44708.857143 2.477358e+06
44780.000000 5.736450e+06
45354.142857 2.483577e+06
44730.000000 2.483041e+06

24157.428571 2.245586e+06
37742.571429 2.534464e+06
43066.714286 3.098909e+06
45146.714286 3.106600e+06
45686.142857 2.589594e+06
45944.142857 2.707170e+06
46508.571429 3.143005e+06
45941.000000 3.298518e+06

24602.000000 2.349043e+06
38784.142857 2.536512e+06
44111.571429 2.500129e+06
46232.571429 2.593430e+06
46938.000000 2.555913e+06
46885.571429 2.648547e+06
47406.714286 2.571998e+06
47236.000000 2.484734e+06

25169.142857 3.361887e+06
39693.571429 2.588568e+06
45084.285714 2.654837e+06
47114.571429 2.720955e+06
47975.000000 4.081984e+06
48251.285714 3.063347e+06
48229.285714 2.801655e+06
48501.428571 2.754272e+06

25714.142857 2.533415e+06
40645.285714 2.741877e+06
45983.714286 4.613287e+06
48260.571429 3.224380e+06
49045.428571 3.553654e+06
49447.857143 3.374424e+06
49289.142857 2.820011e+06
49514.571429 2.846128e+06

26344.714286 2.333833e+06
41425.571429 3.340448e+06
46998.428571 3.040304e+06
49256.428571 3.716721e+06
49903.285714 3.402075e+06
50730.142857 3.123430e+06
50229.571429 2.858891e+06
50579.714286 4.129953e+06

26970.000000 2.608288e+06
42277.714286 2.661314e+06
48002.571429 3.278248e+06
50425.142857 2.895846e+06
51186.142857 3.590704e+06
51586.428571 2.969655e+06
51090.857143 3.566022e+06
51610.285714 3.520235e+06

27386.285714 3.490697e+06
43177.571429 2.988042e+06
49173.714286 2.979302e+06
51486.714286 3.941603e+06
52026.571429 3.022798e+06
52782.285714 3.060072e+06
52461.571429 3.615536e+06
52686.428571 3.377306e+06

28043.428571 3.038226e+06
44063.285714 3.050824e+06
50283.571429 7.675291e+06
52514.428571 3.418871e+06
52911.428571 3.258223e+06
53904.285714 3.843843e+06
53538.714286 3.616290e+06
53608.857143 3.546563e+06

28601.857143 3.256457e+06
44918.142857 4.009101e+06
51231.857143 3.266536e+06
53506.142857 3.452574e+06
54128.714286 3.364428e+06
54671.428571 4.785455e+06
54808.571429 3.405486e+06
54778.428571 4.166782e+06

29114.428571 3.620065e+06
46061.571429 3.850924e+06
52001.285714 4.137162e+06
54603.142857 3.987385e+06
55321.428571 4.062909e+06
55633.857143 3.621455e+06
55961.285714 3.569504e+06
55541.571429 3.538935e+06

29544.571429 2.919630e+06
46987.285714 3.815214e+06
53150.000000 3.288683e+06
55552.428571 3.518522e+06
56656.142857 3.948640e+06
56643.285714 3.938266e+06
56643.000000 3.267791e+06
56790.000000 3.519523e+06

30169.428571 3.284769e+06
47815.000000 3.720506e+06
54044.000000 3.614667e+06
56832.285714 3.651269e+06
57582.000000 4.185183e+06
57555.142857 3.427442e+06
57851.285714 4.129108e+06
58042.857143 3.632284e+06

30755.428571 3.287164e+06
48594.714286 4.253494e+06
55286.428571 3.933836e+06
57576.857143 4.237205e+06
58798.857143 3.659074e+06
58729.571429 4.345667e+06
58952.285714 3.757776e+06
59070.142857 4.411979e+06

31360.142857 3.848682e+06
49461.571429 4.312178e+06
56374.857143 3.639417e+06
58655.857143 3.646220e+06
60132.857143 3.602684e+06
59612.142857 5.262515e+06
60038.714286 3.775453e+06
60101.571429 4.482583e+06

31862.285714 3.003180e+06
50452.142857 3.679995e+06
57195.285714 3.673406e+06
59727.142857 4.368881e+06
61001.857143 3.586423e+06
60912.285714 4.483913e+06
60955.857143 3.745178e+06
61139.142857 3.978095e+06

32616.000000 3.888355e+06
51129.857143 4.046325e+06
58306.428571 4.122404e+06
60519.571429 4.777868e+06
62017.714286 5.650734e+06
62044.857143 4.051836e+06
62106.571429 3.648920e+06
62431.285714 5.713302e+06

33188.285714 4.085534e+06
51812.428571 3.807669e+06
59436.428571 3.794629e+06
61561.142857 3.874646e+06
62978.571429 4.230803e+06
63097.000000 4.115189e+06
62993.000000 4.224599e+06
63762.285714 4.201820e+06

33796.428571 3.433460e+06
52572.142857 4.510013e+06
60713.571429 4.153000e+06
62743.428571 6.824178e+06
64055.000000 6.036821e+06
64157.714286 4.218595e+06
64382.571429 4.003279e+06
64724.000000 4.812780e+06

34264.428571 3.532236e+06
53493.142857 3.728534e+06
61554.857143 4.190393e+06
64036.714286 4.254359e+06
64778.142857 6.055676e+06
65279.714286 5.563875e+06
65472.142857 5.138308e+06
65563.142857 4.627495e+06

34781.285714 4.378947e+06
54481.571429 5.205666e+06
62580.000000 4.641427e+06
65234.142857 5.011533e+06
65975.571429 4.797021e+06
66203.857143 4.856830e+06
66880.000000 4.278712e+06
66318.428571 4.243118e+06

35402.857143 4.691445e+06
55478.571429 5.003746e+06
63372.142857 6.097329e+06
66305.714286 4.661703e+06
66954.571429 1.966722e+07
67363.285714 4.299678e+06
67607.285714 4.489223e+06
67618.000000 5.612027e+06

36108.428571 4.533555e+06
56187.142857 4.521732e+06
64443.000000 4.390725e+06
67322.142857 4.369025e+06
68059.000000 4.594933e+06
68287.714286 4.530030e+06
68678.857143 4.502151e+06
68696.142857 4.395578e+06

36581.428571 4.285963e+06
57124.714286 5.138326e+06
65411.142857 4.990897e+06
68643.428571 4.443142e+06
69038.000000 4.734818e+06
69209.000000 5.041314e+06
70031.000000 5.004645e+06
69540.714286 5.628891e+06

37113.285714 5.553236e+06
58093.000000 4.549935e+06
66393.285714 5.783979e+06
69490.571429 5.884497e+06
70162.142857 5.749454e+06
70414.285714 4.601082e+06
71011.142857 8.545466e+06
70466.285714 5.210948e+06

37583.428571 6.189011e+06
59026.428571 5.952374e+06
67477.000000 5.404260e+06
70666.285714 5.022903e+06
71167.142857 5.242579e+06
71485.571429 1.975487e+07
72069.000000 5.561883e+06
71635.428571 5.112619e+06

38445.000000 3.939833e+06
59579.142857 4.645790e+06
68569.571429 6.645244e+06
71484.142857 4.888498e+06
72210.000000 4.913376e+06
72641.000000 4.974442e+06
72913.571429 4.865811e+06
72870.428571 5.564715e+06

39002.000000 4.506937e+06
60511.571429 5.199017e+06
69413.714286 4.863603e+06
72827.285714 5.436261e+06
73140.285714 5.084895e+06
73797.714286 5.321074e+06
73907.428571 4.965504e+06
74266.428571 4.761241e+06

39478.000000 5.690328e+06
61443.285714 4.692509e+06
70267.000000 4.888793e+06
73925.000000 5.762989e+06
74240.428571 6.017484e+06
75015.000000 5.388770e+06
75002.000000 5.044434e+06
75229.000000 5.312923e+06

40044.714286 4.369708e+06
62406.142857 5.069922e+06
71261.285714 4.959554e+06
74864.142857 5.251963e+06
75334.714286 5.210143e+06
76181.142857 6.703284e+06
76205.714286 6.717006e+06
76170.428571 6.522648e+06

40530.571429 6.466580e+06
63328.857143 5.772039e+06
72240.285714 5.545973e+06
75878.285714 5.663017e+06
76570.285714 2.270609e+07
77221.714286 5.537751e+06
76864.000000 1.051643e+07
77427.714286 6.610415e+06

41159.142857 5.660742e+06
64329.714286 5.205109e+06
73213.285714 5.854241e+06
76847.714286 6.027181e+06
77538.142857 6.662705e+06
78245.000000 5.445363e+06
77809.000000 6.628327e+06
78687.571429 5.572424e+06

41862.428571 5.597665e+06
65125.428571 5.238370e+06
74389.142857 8.299787e+06
77690.285714 6.876013e+06
78506.571429 6.276475e+06
79454.428571 5.927033e+06
78976.285714 8.543509e+06
79859.428571 6.327677e+06

42366.000000 4.599154e+06
66066.571429 5.123211e+06
75528.285714 5.754459e+06
78717.428571 5.886148e+06
79560.000000 5.510508e+06
80729.285714 5.753439e+06
80025.428571 5.732185e+06
80623.857143 5.740965e+06

43016.714286 5.823794e+06
66884.714286 6.765857e+06
76548.571429 6.460481e+06
79737.428571 5.783656e+06
80649.000000 6.098131e+06
81619.142857 6.371019e+06
81610.428571 6.358287e+06
81501.142857 6.331648e+06

43576.000000 5.041900e+06
67684.428571 6.394759e+06
77593.285714 6.613021e+06
80702.142857 7.013206e+06
81713.285714 6.651558e+06
82666.285714 6.997276e+06
82532.571429 5.672679e+06
82658.714286 7.106935e+06

43984.142857 5.269986e+06
68670.714286 6.503427e+06
78802.285714 6.827675e+06
81727.428571 6.581438e+06
82868.428571 6.741157e+06
83434.142857 6.184570e+06
83614.857143 5.918156e+06
83653.285714 6.893004e+06

44488.428571 6.201686e+06
69668.142857 5.873481e+06
79625.571429 5.871569e+06
82644.142857 7.958315e+06
84100.000000 8.150046e+06
84490.285714 6.559574e+06
84585.857143 5.963705e+06
84974.428571 7.250191e+06

45093.142857 6.190406e+06
70540.857143 7.369879e+06
80826.142857 6.773767e+06
83436.857143 7.278144e+06
85182.000000 6.228388e+06
85648.857143 6.312221e+06
85672.714286 6.928103e+06
86138.571429 6.969274e+06

45574.714286 5.363814e+06
71469.857143 6.190072e+06
81683.857143 6.239930e+06
84475.857143 6.555075e+06
86241.000000 6.350672e+06
86537.000000 7.718226e+06
87164.571429 8.331160e+06
87044.142857 1.907934e+07

46269.714286 7.369386e+06
72359.857143 8.093405e+06
82726.285714 6.416534e+06
85624.571429 6.909571e+06
87345.714286 6.230695e+06
87600.714286 6.428440e+06
88264.857143 7.458275e+06
88219.142857 6.568178e+06

46884.428571 7.281958e+06
73220.285714 9.506074e+06
83681.571429 8.829325e+06
86891.714286 9.620577e+06
88550.428571 9.233864e+06
88200.285714 9.088987e+06
89344.142857 7.511935e+06
89270.571429 6.651049e+06

47307.000000 5.991146e+06
74191.142857 6.223601e+06
84683.142857 6.968449e+06
87955.714286 6.743738e+06
89446.285714 8.725008e+06
89702.428571 7.687756e+06
90162.142857 7.032013e+06
90592.000000 6.703248e+06

47898.714286 8.547695e+06
75037.428571 8.984885e+06
85680.714286 8.618290e+06
88903.285714 8.566935e+06
90695.571429 8.033060e+06
90730.000000 7.116853e+06
91235.000000 7.118127e+06
91571.000000 7.840616e+06

48465.000000 5.944206e+06
75875.428571 6.811483e+06
86942.285714 7.918316e+06
89867.142857 8.134506e+06
91797.571429 6.865209e+06
91981.571429 6.956651e+06
92177.857143 7.121371e+06
92646.285714 6.914340e+06

48997.714286 6.513909e+06
76637.285714 7.489064e+06
87978.000000 7.564912e+06
90932.428571 7.375574e+06
92566.285714 7.147217e+06
93411.285714 6.970898e+06
93116.857143 7.009985e+06
93794.857143 7.006265e+06

49562.714286 8.996483e+06
77403.571429 8.334679e+06
88869.571429 7.964170e+06
92137.000000 7.282610e+06
93503.000000 9.659643e+06
94405.428571 7.285090e+06
94169.285714 8.796311e+06
95100.428571 7.485306e+06

50051.428571 6.330920e+06
78303.000000 6.979531e+06
90049.285714 7.935108e+06
93050.142857 7.984104e+06
94838.142857 7.402773e+06
95311.428571 7.522976e+06
95517.428571 7.210258e+06
96051.571429 7.156065e+06

50728.428571 9.627562e+06
79096.571429 7.948931e+06
90969.428571 7.395617e+06
93942.428571 8.457986e+06
96298.000000 8.141195e+06
96344.285714 8.841578e+06
96859.857143 7.527330e+06
96813.857143 8.085411e+06

51361.857143 6.950138e+06
80094.428571 8.559466e+06
91813.285714 8.533678e+06
95024.714286 1.055818e+07
97169.142857 7.810062e+06
97420.428571 8.876123e+06
97802.857143 8.500116e+06
97908.857143 9.319746e+06

52038.857143 6.709777e+06
80783.571429 7.456745e+06
92787.285714 9.184082e+06
96457.142857 9.032868e+06
98037.000000 9.559351e+06
98679.428571 8.484983e+06
98861.142857 7.775342e+06
98993.857143 7.644923e+06

52449.571429 8.106755e+06
81902.428571 7.637870e+06
93782.857143 7.868139e+06
97338.000000 7.895694e+06
98972.142857 7.917710e+06
99635.428571 9.674401e+06
99835.285714 8.477022e+06
100061.000000 8.270916e+06

53032.000000 6.884823e+06
82900.714286 7.454738e+06
94670.714286 8.855506e+06
98438.714286 9.438434e+06
99729.285714 8.016507e+06
100881.000000 8.219859e+06
101046.571429 1.034067e+07
101146.571429 1.039186e+07

53660.571429 8.568497e+06
83669.714286 8.061077e+06
95514.714286 8.095565e+06
99850.571429 8.278573e+06
100732.857143 8.247067e+06
101822.714286 1.076588e+07
102122.857143 9.092709e+06
102019.571429 8.387486e+06

54236.285714 7.860680e+06
84672.571429 1.088321e+07
96534.857143 9.667799e+06
101006.000000 8.749770e+06
101654.714286 8.268526e+06
103036.857143 8.670076e+06
103389.428571 8.325872e+06
103251.857143 8.173118e+06

54867.857143 8.460836e+06
85588.714286 8.095403e+06
97545.857143 1.218197e+07
102007.714286 1.144277e+07
102646.857143 1.244888e+07
103947.285714 8.705028e+06
104465.285714 9.830480e+06
104122.000000 9.157254e+06

55410.285714 7.382739e+06
86542.571429 8.184118e+06
98353.857143 9.089070e+06
102952.000000 8.807310e+06
103725.000000 9.243051e+06
104781.571429 9.337123e+06
105784.285714 8.750447e+06
105102.857143 8.673940e+06

56039.000000 7.686026e+06
87423.857143 8.574565e+06
99315.428571 8.723956e+06
104197.428571 9.987486e+06
105092.714286 8.652162e+06
105905.285714 1.056378e+07
106946.285714 8.768487e+06
106254.428571 1.040068e+07

56756.571429 9.528078e+06
88251.714286 1.018003e+07
100292.714286 9.111635e+06
105139.000000 9.239338e+06
106490.142857 8.933252e+06
106875.714286 8.859196e+06
107974.000000 9.763693e+06
107516.571429 9.623141e+06

