563.875000 4.748050e+04
966.875000 4.759000e+04
1106.500000 4.707688e+04
1194.625000 4.759562e+04
1165.125000 4.595738e+04
1191.125000 4.873262e+04
1159.500000 4.729400e+04
1142.250000 4.425200e+04

1186.000000 8.864375e+04
1925.125000 8.791925e+04
2193.125000 8.351112e+04
2332.500000 9.053300e+04
2307.250000 8.335200e+04
2378.875000 8.822625e+04
2419.000000 9.164125e+04
2372.625000 8.146375e+04

1805.500000 1.879296e+05
2858.000000 1.488924e+05
3369.625000 1.302086e+05
3389.375000 1.284356e+05
3493.750000 1.347051e+05
3615.500000 1.313912e+05
3601.000000 1.287390e+05
3576.250000 1.268282e+05

2442.500000 2.331688e+05
3842.000000 2.243611e+05
4412.625000 1.843038e+05
4644.875000 2.577165e+05
4674.250000 1.747510e+05
4824.375000 1.871952e+05
4701.500000 2.674080e+05
4718.875000 1.776781e+05

3095.500000 2.482684e+06
4762.375000 3.649926e+05
5474.750000 3.727912e+05
5857.500000 2.816794e+05
5893.000000 3.816766e+05
5951.000000 3.232840e+05
5891.875000 3.248170e+05
5866.750000 3.205162e+05

3705.125000 2.952994e+05
5750.000000 4.235366e+05
6599.125000 2.562068e+05
6947.750000 5.214310e+05
7029.375000 2.985350e+05
7089.750000 4.433959e+05
7064.000000 3.644661e+05
7122.500000 3.558760e+05

4253.125000 2.989515e+05
6667.125000 4.926445e+05
7889.625000 3.648002e+05
7974.500000 4.275851e+05
8338.000000 3.151744e+05
8175.625000 4.904404e+05
8316.125000 3.887246e+05
8359.500000 4.210614e+05

4885.875000 3.605428e+05
7652.500000 4.351551e+05
8873.750000 4.565446e+05
9326.500000 5.740782e+05
9346.250000 5.532800e+05
9532.750000 5.602916e+05
9517.625000 5.043418e+05
9381.875000 6.151470e+05

5410.500000 4.731888e+05
8791.375000 5.415092e+05
9926.000000 5.781480e+05
10523.125000 5.354790e+05
10588.750000 1.843250e+06
10700.750000 6.869734e+05
10549.750000 6.664060e+05
10822.750000 6.508114e+05

6128.750000 5.156615e+05
9546.250000 5.177900e+05
11150.875000 5.352479e+05
11602.500000 6.382269e+05
11773.000000 5.954602e+05
11813.375000 8.644485e+05
11934.125000 6.320149e+05
11895.250000 6.243530e+05

6813.375000 6.691175e+05
10428.625000 7.728205e+05
12320.625000 7.755556e+05
12908.375000 6.434806e+05
12947.500000 6.070366e+05
13026.500000 7.080120e+05
13062.000000 6.716941e+05
12984.250000 8.472381e+05

7465.625000 6.605231e+05
11393.500000 7.069352e+05
13408.250000 8.805359e+05
14069.125000 7.935076e+05
14056.500000 8.060334e+05
14282.125000 7.351495e+05
14191.875000 8.327514e+05
14309.500000 7.709908e+05

8048.125000 7.865561e+05
12541.125000 7.331568e+05
14469.500000 6.532206e+05
15000.125000 7.668789e+05
15445.500000 7.525068e+05
15332.625000 1.312618e+06
15350.000000 9.575350e+05
15307.250000 9.183708e+05

8588.500000 7.597892e+05
13629.500000 9.989291e+05
15645.500000 9.733139e+05
16172.125000 7.805996e+05
16555.625000 7.725576e+05
16506.750000 1.039416e+06
16637.750000 1.052459e+06
16566.750000 9.096562e+05

9095.250000 8.201008e+05
14535.500000 8.166114e+05
16861.625000 9.692018e+05
17489.750000 9.908142e+05
17624.625000 1.281747e+06
17702.750000 1.225820e+06
17801.125000 9.401296e+05
17817.375000 9.438208e+05

9725.750000 9.484636e+05
15609.250000 1.028808e+06
17813.750000 1.108529e+06
18633.625000 9.752215e+05
18854.500000 1.038048e+06
18844.250000 9.403414e+05
18921.000000 1.204564e+06
18944.625000 1.078050e+06

10347.750000 1.116395e+06
16480.625000 1.033019e+06
19025.375000 9.607202e+05
19840.750000 1.205685e+06
19871.875000 9.822921e+05
20203.250000 1.183444e+06
20173.125000 1.168632e+06
20135.125000 2.235769e+06

11091.250000 9.965499e+05
17379.875000 9.915451e+05
20230.625000 1.352782e+06
20859.125000 1.213368e+06
21249.000000 1.463805e+06
21193.500000 1.279207e+06
21276.375000 1.294353e+06
21561.250000 1.107665e+06

11647.750000 1.186152e+06
18487.375000 1.293133e+06
21250.500000 1.368756e+06
21992.125000 1.335408e+06
22396.500000 1.666011e+06
22553.125000 1.481796e+06
22415.000000 1.401561e+06
22549.875000 1.586301e+06

12368.500000 1.479955e+06
19281.125000 1.453090e+06
22296.625000 1.409014e+06
23240.375000 1.186174e+06
23435.500000 4.706676e+06
23644.375000 1.671593e+06
23801.875000 1.308974e+06
23819.375000 1.390245e+06

12935.250000 1.234496e+06
20343.000000 1.241070e+06
23465.500000 1.308186e+06
24236.250000 1.343422e+06
24779.625000 1.551950e+06
24812.250000 1.464190e+06
24834.750000 1.405904e+06
24985.875000 1.327053e+06

13526.000000 1.297226e+06
21438.375000 1.546748e+06
24522.750000 1.543687e+06
25392.375000 1.590921e+06
25937.500000 1.882664e+06
26041.875000 1.853670e+06
26079.375000 1.727980e+06
26016.625000 1.459327e+06

14204.750000 1.468521e+06
22501.750000 1.378053e+06
25569.250000 2.146569e+06
26555.250000 1.751230e+06
27171.625000 1.683106e+06
26987.000000 1.695035e+06
27324.625000 1.957983e+06
27306.000000 1.880500e+06

14759.125000 1.612596e+06
23510.875000 1.893876e+06
26586.375000 1.611084e+06
27669.500000 2.256750e+06
28342.625000 1.530734e+06
28329.000000 1.610302e+06
28448.125000 1.785914e+06
28562.625000 1.536101e+06

15367.250000 1.397818e+06
24489.500000 1.777103e+06
27647.750000 1.719111e+06
28997.625000 1.915008e+06
29555.000000 1.702954e+06
29655.625000 1.906987e+06
29665.875000 1.811320e+06
29753.875000 2.077505e+06

16024.625000 1.693624e+06
25286.750000 1.763341e+06
28908.250000 1.746136e+06
30232.750000 3.886675e+06
30567.250000 1.957896e+06
30817.375000 1.759216e+06
30645.875000 1.744018e+06
30881.500000 1.688744e+06

16703.375000 1.668288e+06
26222.625000 1.977904e+06
29997.500000 1.792101e+06
31464.500000 2.617464e+06
31549.500000 2.191540e+06
32142.000000 2.076688e+06
31953.000000 1.939206e+06
31993.250000 2.300099e+06

17311.625000 2.051185e+06
27254.375000 1.912298e+06
31047.375000 1.882286e+06
32522.125000 1.788699e+06
32771.375000 2.327130e+06
33356.500000 2.148525e+06
33186.125000 1.859072e+06
33436.750000 2.261097e+06

18098.125000 1.689033e+06
28146.500000 2.116067e+06
32087.625000 1.994603e+06
33847.750000 2.650780e+06
34028.750000 2.658190e+06
34272.250000 2.827118e+06
34552.000000 2.251516e+06
34817.625000 2.666249e+06

18868.500000 1.757971e+06
28920.000000 1.939697e+06
33224.375000 3.378492e+06
35134.875000 2.380476e+06
35198.375000 2.388209e+06
35329.125000 2.116438e+06
35667.250000 2.239669e+06
35866.750000 2.548366e+06

19435.000000 2.089944e+06
29832.375000 2.071370e+06
34390.875000 2.142186e+06
36146.500000 2.354752e+06
36637.625000 2.154504e+06
36618.000000 2.141603e+06
36821.500000 2.793406e+06
37019.625000 2.071493e+06

20051.375000 2.056850e+06
30939.625000 2.184491e+06
35378.250000 2.705195e+06
37256.625000 2.282057e+06
37976.875000 2.649900e+06
37881.125000 2.399418e+06
38117.875000 2.325704e+06
37905.750000 2.273336e+06

20638.125000 2.958138e+06
32034.375000 3.361763e+06
36584.500000 3.050515e+06
38227.750000 8.943323e+06
38914.625000 2.724336e+06
39031.750000 2.441291e+06
39491.875000 2.836700e+06
39216.625000 2.497093e+06

21135.000000 2.691111e+06
33157.750000 2.662678e+06
37630.000000 5.294170e+06
39392.750000 3.274446e+06
40070.375000 3.079105e+06
40471.375000 2.844516e+06
40611.250000 2.472079e+06
40370.250000 2.883904e+06

21721.875000 2.109117e+06
33886.000000 3.177116e+06
39131.625000 2.888384e+06
40518.875000 3.376388e+06
41178.750000 3.060687e+06
41593.750000 2.957408e+06
41645.000000 2.913021e+06
41676.500000 2.622962e+06

22436.750000 2.669710e+06
34940.875000 2.612555e+06
40175.375000 3.402514e+06
41760.000000 2.502513e+06
42511.625000 2.410629e+06
42752.000000 2.434089e+06
42669.625000 2.431672e+06
42954.750000 2.429792e+06

23063.000000 2.062517e+06
35906.875000 2.247029e+06
41282.625000 2.471966e+06
42986.000000 2.478830e+06
43455.000000 2.565199e+06
43957.250000 2.980706e+06
43916.125000 2.606547e+06
44229.125000 3.231998e+06

23743.250000 2.805651e+06
36841.750000 3.075552e+06
42115.250000 2.856193e+06
44372.875000 2.668770e+06
44664.250000 2.713859e+06
45325.000000 2.994530e+06
45199.375000 2.927432e+06
45482.500000 4.336600e+06

24315.875000 2.055234e+06
37802.750000 2.355068e+06
43337.125000 2.569868e+06
45327.625000 2.591708e+06
45744.250000 3.319028e+06
46573.500000 2.587345e+06
46327.875000 6.870088e+06
46648.625000 3.161045e+06

24910.250000 2.302226e+06
38719.500000 2.850455e+06
44792.125000 2.966734e+06
46275.125000 3.504385e+06
47222.625000 3.220207e+06
47484.125000 3.090096e+06
47729.000000 2.955763e+06
47563.500000 3.429421e+06

25497.375000 3.321940e+06
39685.875000 3.996627e+06
45830.500000 3.323295e+06
47614.875000 2.947761e+06
48375.375000 4.814530e+06
48491.375000 3.425939e+06
49027.500000 3.437728e+06
48754.500000 3.103529e+06

26154.750000 2.818875e+06
40661.875000 2.793257e+06
46887.750000 3.915944e+06
48922.500000 2.894053e+06
49588.875000 3.562328e+06
49726.250000 3.121517e+06
50249.000000 4.091460e+06
49693.250000 3.166125e+06

26774.875000 3.043587e+06
41787.750000 3.379034e+06
47887.000000 3.358394e+06
50036.500000 3.738817e+06
50644.125000 3.343876e+06
50806.750000 3.078664e+06
51605.250000 3.632689e+06
50892.250000 3.186399e+06

27278.250000 3.012080e+06
43052.625000 4.230811e+06
48810.125000 3.846771e+06
51098.125000 3.059086e+06
51912.125000 3.147179e+06
52095.250000 4.373906e+06
52693.875000 3.368524e+06
52310.250000 3.677977e+06

27910.000000 2.653400e+06
44077.625000 3.115332e+06
49915.375000 3.806068e+06
52147.000000 3.234587e+06
53152.250000 3.784329e+06
53442.250000 3.316638e+06
53645.875000 4.694551e+06
53736.125000 3.493294e+06

28565.500000 3.052717e+06
45077.500000 3.600650e+06
50825.250000 4.607196e+06
53474.375000 4.137930e+06
54433.875000 4.127145e+06
54817.625000 3.468914e+06
54551.375000 4.103074e+06
54859.000000 3.353861e+06

29160.375000 2.869787e+06
45931.375000 4.166844e+06
52132.750000 3.740465e+06
54722.625000 7.435983e+06
55388.875000 4.257629e+06
56174.750000 3.812890e+06
55737.750000 3.464549e+06
55924.750000 3.364764e+06

29778.000000 2.846350e+06
46944.125000 3.329841e+06
53188.500000 3.434338e+06
55761.125000 4.211443e+06
56703.625000 3.781262e+06
57301.250000 3.627859e+06
56825.750000 3.489709e+06
57281.625000 4.166917e+06

30405.375000 3.443954e+06
47964.250000 3.348721e+06
54363.750000 3.707345e+06
57071.500000 3.803593e+06
57755.625000 3.875758e+06
58488.750000 3.829440e+06
58186.000000 4.337883e+06
58269.750000 3.970844e+06

31026.625000 3.024610e+06
48780.625000 3.468461e+06
55725.375000 5.280898e+06
58141.750000 4.118553e+06
58685.250000 3.794214e+06
59896.500000 3.843352e+06
59390.625000 4.068485e+06
59413.875000 3.784763e+06

31727.875000 3.464277e+06
49710.375000 3.938407e+06
56792.000000 4.390652e+06
59329.625000 3.683377e+06
60050.875000 4.592672e+06
60820.250000 4.186041e+06
60709.750000 3.968216e+06
60475.500000 3.867841e+06

32273.875000 3.653856e+06
51002.250000 3.794693e+06
57658.375000 3.814716e+06
60485.000000 3.862470e+06
61391.750000 5.631284e+06
61836.750000 4.458411e+06
62038.375000 4.672308e+06
61627.375000 3.965715e+06

32767.000000 4.201722e+06
52013.250000 4.295819e+06
58834.875000 3.810634e+06
61634.250000 3.904910e+06
62792.000000 5.319198e+06
62942.875000 4.401857e+06
62907.750000 5.184672e+06
62949.500000 4.487846e+06

33446.375000 4.985806e+06
52991.375000 4.660142e+06
59982.125000 5.881140e+06
62875.125000 4.535059e+06
63918.625000 4.126858e+06
63818.375000 4.103694e+06
64103.500000 4.836915e+06
64330.000000 4.243640e+06

34019.750000 4.537748e+06
53868.375000 3.893320e+06
61184.125000 5.600582e+06
63924.875000 5.590682e+06
65249.625000 4.289284e+06
65209.000000 4.362750e+06
65402.250000 4.234240e+06
65447.250000 4.204218e+06

34713.000000 3.706133e+06
54876.750000 4.868288e+06
62214.375000 4.416965e+06
65062.750000 9.036831e+06
66660.375000 5.269173e+06
66250.125000 5.368642e+06
66619.625000 4.458835e+06
66595.500000 4.265704e+06

35395.875000 6.689771e+06
55899.000000 5.586836e+06
63349.000000 6.434999e+06
66275.125000 4.862307e+06
67649.625000 4.657932e+06
67532.375000 5.527510e+06
67483.375000 4.506662e+06
67706.625000 5.449506e+06

36106.250000 4.175012e+06
56721.125000 4.400742e+06
64603.375000 5.658575e+06
67221.000000 5.389371e+06
68951.875000 4.929874e+06
68733.250000 4.475891e+06
68840.250000 5.356872e+06
69218.375000 5.358426e+06

36773.250000 3.858294e+06
57515.250000 5.280697e+06
65873.000000 5.090488e+06
68250.250000 5.343021e+06
69979.875000 5.363750e+06
70230.750000 5.654822e+06
69864.500000 4.825241e+06
70612.375000 5.228147e+06

37377.375000 5.284547e+06
58309.375000 5.090242e+06
67318.625000 4.928809e+06
69457.875000 4.566931e+06
71071.125000 6.859356e+06
71167.625000 5.500218e+06
71277.750000 5.782900e+06
71660.375000 5.098988e+06

38005.000000 6.963418e+06
59338.625000 6.870600e+06
68267.125000 5.755496e+06
70936.375000 4.866407e+06
71940.000000 5.132097e+06
72246.000000 5.043205e+06
72637.500000 5.476160e+06
72588.000000 5.152889e+06

38537.500000 4.914115e+06
60503.125000 5.717514e+06
69203.500000 6.314596e+06
72376.375000 5.006793e+06
73181.625000 5.171193e+06
73455.750000 5.258831e+06
73926.500000 6.213275e+06
73409.750000 5.186897e+06

39236.500000 5.029352e+06
61430.125000 4.901215e+06
70174.000000 5.406222e+06
73473.750000 5.438389e+06
74261.000000 5.293628e+06
74577.875000 5.298982e+06
74916.875000 5.046944e+06
74804.625000 4.989141e+06

40015.375000 5.522820e+06
62236.750000 4.969851e+06
71474.750000 5.201191e+06
74640.250000 5.683938e+06
75636.000000 5.491673e+06
75586.875000 8.466484e+06
76254.125000 5.340356e+06
76087.750000 5.301466e+06

40543.375000 4.740994e+06
63394.125000 4.902432e+06
72452.000000 7.096557e+06
75900.375000 5.734439e+06
76687.875000 5.861516e+06
76819.250000 6.230569e+06
77595.750000 6.378646e+06
76972.000000 5.312601e+06

41141.500000 6.263019e+06
64403.500000 5.307900e+06
73601.625000 6.296412e+06
77124.000000 5.717463e+06
77866.000000 6.828647e+06
78013.250000 5.730352e+06
78600.875000 6.610330e+06
78014.625000 6.569606e+06

41727.375000 6.449194e+06
65338.125000 6.543404e+06
74800.000000 5.570465e+06
78309.875000 5.750920e+06
78827.250000 6.731939e+06
79272.625000 5.963317e+06
79872.625000 7.264360e+06
79223.125000 5.908988e+06

42565.375000 6.262997e+06
66135.125000 5.988200e+06
76156.000000 8.238097e+06
79235.875000 6.707641e+06
80188.250000 6.768333e+06
80537.750000 6.951038e+06
80835.250000 6.022661e+06
80645.750000 6.161826e+06

43205.750000 5.471690e+06
67054.125000 6.061235e+06
77084.500000 7.444876e+06
80684.750000 6.402313e+06
81119.125000 8.040028e+06
81834.500000 8.276454e+06
81770.750000 7.720935e+06
82168.875000 6.244321e+06

43806.250000 6.371857e+06
68224.000000 6.947622e+06
77863.125000 6.198248e+06
82009.625000 6.210768e+06
82392.500000 6.568500e+06
83154.875000 6.522613e+06
82951.000000 7.386271e+06
83276.125000 6.388794e+06

44366.250000 5.449694e+06
69239.000000 6.331491e+06
78836.500000 6.606784e+06
83024.000000 7.222163e+06
83638.000000 7.455245e+06
84276.750000 7.746998e+06
84183.750000 7.427475e+06
84398.125000 6.757146e+06

44892.500000 5.324913e+06
70224.000000 6.648531e+06
80212.625000 6.907360e+06
84221.000000 7.092124e+06
84812.625000 7.014610e+06
85591.625000 7.136870e+06
85337.625000 7.221967e+06
85708.750000 6.344569e+06

45639.250000 6.597534e+06
71226.625000 8.133676e+06
81266.125000 6.727995e+06
85199.375000 6.655911e+06
86088.750000 6.511350e+06
86800.750000 8.555742e+06
86442.375000 8.069228e+06
87095.875000 7.624305e+06

46402.250000 5.968224e+06
72133.125000 1.510631e+07
82393.250000 6.921609e+06
86191.875000 1.066374e+07
87028.000000 7.272110e+06
88097.250000 7.120289e+06
87372.750000 7.818130e+06
88409.625000 7.683542e+06

47017.000000 6.564322e+06
73156.875000 6.982364e+06
83801.625000 7.216352e+06
87204.375000 7.156613e+06
88195.000000 7.179736e+06
89213.250000 7.261446e+06
88618.250000 6.676844e+06
89435.750000 9.370071e+06

47615.875000 5.930459e+06
74130.875000 9.330442e+06
84812.125000 8.225758e+06
88478.875000 7.852200e+06
89340.875000 7.450076e+06
90280.000000 7.311335e+06
90339.375000 7.354784e+06
90418.125000 7.634051e+06

48279.000000 2.198141e+07
74965.125000 7.493606e+06
86161.750000 8.023973e+06
89459.375000 7.814865e+06
90564.125000 7.553522e+06
91752.000000 8.243665e+06
91558.625000 8.368700e+06
91655.625000 7.681227e+06

48798.750000 6.277132e+06
76114.375000 6.981877e+06
87273.375000 8.510033e+06
90436.625000 8.215824e+06
92094.250000 9.154398e+06
92593.000000 7.707514e+06
92752.500000 1.077488e+07
92832.625000 8.186386e+06

49275.125000 6.905052e+06
77310.750000 7.411971e+06
88302.375000 9.363771e+06
91672.625000 8.723024e+06
93324.375000 9.785217e+06
93626.500000 8.847298e+06
93847.625000 8.692958e+06
94095.500000 8.426130e+06

50009.375000 6.318758e+06
78218.125000 7.407578e+06
89374.875000 7.863176e+06
92670.750000 7.864030e+06
94571.750000 7.689574e+06
94780.625000 7.839619e+06
95039.375000 8.224016e+06
95533.000000 7.746962e+06

50631.000000 7.159461e+06
79180.375000 7.483329e+06
90563.500000 7.521302e+06
93787.125000 8.538477e+06
95652.000000 7.817887e+06
95879.000000 8.840030e+06
96496.250000 7.871241e+06
96542.500000 8.671685e+06

51302.125000 8.144368e+06
80120.125000 7.654906e+06
91706.375000 7.695767e+06
95215.250000 7.893860e+06
96736.875000 9.709165e+06
96817.375000 8.472227e+06
97862.000000 8.127167e+06
97698.125000 8.131460e+06

51846.875000 8.080133e+06
81155.000000 9.336301e+06
92892.125000 9.990464e+06
96294.500000 8.320358e+06
98133.375000 9.246962e+06
97856.875000 8.932147e+06
99113.875000 8.531888e+06
99160.750000 7.989089e+06

52525.500000 9.063616e+06
82147.000000 9.220110e+06
93861.375000 9.718894e+06
97638.500000 9.005419e+06
99265.500000 1.005522e+07
99223.500000 1.084088e+07
100097.500000 1.057690e+07
100444.750000 9.325332e+06

53091.750000 7.695458e+06
83140.500000 8.254492e+06
94869.750000 8.330476e+06
98703.250000 8.674535e+06
100447.500000 1.018235e+07
100469.625000 9.205812e+06
101052.500000 1.050312e+07
101653.875000 8.884681e+06

53771.125000 7.287150e+06
83975.250000 8.107006e+06
96416.125000 8.871703e+06
99700.750000 8.966114e+06
101656.250000 8.837317e+06
101862.000000 9.000790e+06
102104.750000 9.858710e+06
102630.875000 9.759185e+06

54265.375000 7.597332e+06
84969.125000 1.124506e+07
97305.750000 9.129009e+06
100946.875000 2.378191e+07
102625.625000 9.436536e+06
103397.000000 9.337146e+06
103201.000000 8.992661e+06
103955.750000 8.975136e+06

54874.625000 7.590712e+06
85819.750000 8.337449e+06
98747.000000 8.959104e+06
102199.875000 9.003144e+06
103624.625000 9.095189e+06
104551.125000 8.901983e+06
104216.000000 8.787989e+06
105315.000000 1.014440e+07

55494.000000 7.680618e+06
86921.125000 8.670471e+06
99672.125000 1.065603e+07
103155.125000 9.848151e+06
105077.875000 9.079644e+06
105677.125000 9.071719e+06
105647.000000 9.067136e+06
106525.750000 9.128960e+06

56223.000000 8.415090e+06
87805.875000 1.131482e+07
100883.125000 9.792724e+06
104263.250000 1.229989e+07
106469.375000 9.181644e+06
106773.875000 9.538387e+06
107349.875000 9.445934e+06
107301.250000 9.232490e+06

57010.875000 8.553805e+06
88569.000000 9.394552e+06
101918.875000 9.141672e+06
105419.875000 9.717448e+06
107603.875000 1.006440e+07
107994.375000 9.600184e+06
108226.000000 9.477540e+06
108396.375000 9.746307e+06

57658.625000 8.240228e+06
89762.625000 9.321454e+06
102680.500000 9.510834e+06
107043.125000 1.067337e+07
108478.125000 1.032093e+07
109305.750000 9.771087e+06
109461.625000 9.522016e+06
109788.500000 1.068310e+07

58144.500000 9.278575e+06
90730.750000 9.884478e+06
104064.500000 1.012478e+07
108069.875000 9.802947e+06
109689.625000 9.946659e+06
110536.500000 9.992922e+06
110681.250000 9.746342e+06
110978.375000 1.092983e+07

58765.375000 8.597776e+06
91766.625000 9.186015e+06
105009.500000 1.026963e+07
109310.125000 1.038494e+07
110621.625000 1.005215e+07
111744.625000 9.862560e+06
112038.375000 1.079061e+07
112025.875000 1.045573e+07

59493.250000 8.578542e+06
92828.125000 9.540807e+06
106004.625000 1.053001e+07
110724.625000 1.027970e+07
111582.750000 1.095164e+07
112955.250000 1.100443e+07
113194.375000 1.037800e+07
113203.000000 1.019125e+07

60110.750000 9.310070e+06
93950.750000 1.022225e+07
107131.500000 1.038659e+07
111776.125000 1.264246e+07
112616.625000 1.074281e+07
114002.000000 1.404484e+07
114443.375000 1.323452e+07
114218.750000 1.991082e+07

60726.750000 8.943329e+06
94956.500000 9.867200e+06
108149.625000 1.039431e+07
113110.125000 1.068196e+07
113902.250000 1.114774e+07
115029.250000 1.102018e+07
115841.125000 1.297074e+07
115464.500000 1.064989e+07

61331.500000 1.006345e+07
96103.750000 1.115085e+07
109040.875000 1.059394e+07
114209.375000 1.077319e+07
115034.875000 1.068482e+07
115992.000000 1.044680e+07
117202.750000 1.258110e+07
116466.500000 1.061027e+07

62139.375000 9.873954e+06
96883.250000 1.074953e+07
110072.500000 1.154349e+07
115463.875000 1.140896e+07
116491.375000 1.379210e+07
117493.000000 1.227012e+07
118311.750000 1.153456e+07
117892.250000 1.062652e+07

62804.125000 9.901668e+06
97878.000000 1.183080e+07
111079.875000 1.071996e+07
116673.000000 1.110386e+07
117697.375000 1.129201e+07
118528.500000 1.140412e+07
119497.000000 1.139263e+07
119061.000000 1.113506e+07

